0.000000 0.004452
1.000834 0.005020
2.001668 0.005373
3.002502 0.005482
4.003336 0.005357
5.004170 0.005046
6.005004 0.004617
7.005838 0.004137
8.006672 0.003661
9.007506 0.003222
10.008340 0.002835
11.009174 0.002498
12.010008 0.002205
13.010842 0.001947
14.011676 0.001719
15.012510 0.001517
16.013344 0.001342
17.014178 0.001193
18.015013 0.001071
19.015847 0.000974
20.016681 0.000900
21.017515 0.000847
22.018349 0.000813
23.019183 0.000792
24.020017 0.000783
25.020851 0.000780
26.021685 0.000781
27.022519 0.000782
28.023353 0.000781
29.024187 0.000778
30.025021 0.000772
31.025855 0.000764
32.026689 0.000755
33.027523 0.000745
34.028357 0.000736
35.029191 0.000729
36.030025 0.000724
37.030859 0.000722
38.031693 0.000722
39.032527 0.000725
40.033361 0.000730
41.034195 0.000735
42.035029 0.000740
43.035863 0.000745
44.036697 0.000747
45.037531 0.000746
46.038365 0.000742
47.039199 0.000737
48.040033 0.000731
49.040867 0.000727
50.041701 0.000728
51.042535 0.000734
52.043369 0.000746
53.044204 0.000761
54.045038 0.000779
55.045872 0.000797
56.046706 0.000813
57.047540 0.000827
58.048374 0.000839
59.049208 0.000852
60.050042 0.000865
61.050876 0.000882
62.051710 0.000902
63.052544 0.000926
64.053378 0.000953
65.054212 0.000984
66.055046 0.001017
67.055880 0.001052
68.056714 0.001089
69.057548 0.001126
70.058382 0.001163
71.059216 0.001199
72.060050 0.001232
73.060884 0.001263
74.061718 0.001289
75.062552 0.001313
76.063386 0.001333
77.064220 0.001353
78.065054 0.001374
79.065888 0.001399
80.066722 0.001432
81.067556 0.001474
82.068390 0.001526
83.069224 0.001587
84.070058 0.001653
85.070892 0.001723
86.071726 0.001793
87.072560 0.001860
88.073394 0.001923
89.074229 0.001982
90.075063 0.002037
91.075897 0.002088
92.076731 0.002133
93.077565 0.002171
94.078399 0.002200
95.079233 0.002217
96.080067 0.002219
97.080901 0.002206
98.081735 0.002177
99.082569 0.002133
100.083403 0.002074
101.084237 0.002001
102.085071 0.001918
103.085905 0.001827
104.086739 0.001734
105.087573 0.001642
106.088407 0.001557
107.089241 0.001479
108.090075 0.001411
109.090909 0.001350
110.091743 0.001294
111.092577 0.001239
112.093411 0.001185
113.094245 0.001129
114.095079 0.001071
115.095913 0.001014
116.096747 0.000958
117.097581 0.000906
118.098415 0.000860
119.099249 0.000821
120.100083 0.000790
121.100917 0.000765
122.101751 0.000746
123.102585 0.000730
124.103420 0.000717
125.104254 0.000703
126.105088 0.000689
127.105922 0.000674
128.106756 0.000658
129.107590 0.000642
130.108424 0.000625
131.109258 0.000609
132.110092 0.000593
133.110926 0.000578
134.111760 0.000563
135.112594 0.000547
136.113428 0.000530
137.114262 0.000511
138.115096 0.000490
139.115930 0.000469
140.116764 0.000446
141.117598 0.000425
142.118432 0.000407
143.119266 0.000392
144.120100 0.000381
145.120934 0.000374
146.121768 0.000372
147.122602 0.000372
148.123436 0.000373
149.124270 0.000376
150.125104 0.000378
151.125938 0.000380
152.126772 0.000382
153.127606 0.000384
154.128440 0.000387
155.129274 0.000393
156.130108 0.000399
157.130942 0.000407
158.131776 0.000416
159.132611 0.000424
160.133445 0.000433
161.134279 0.000441
162.135113 0.000450
163.135947 0.000460
164.136781 0.000472
165.137615 0.000486
166.138449 0.000502
167.139283 0.000519
168.140117 0.000536
169.140951 0.000554
170.141785 0.000571
171.142619 0.000589
172.143453 0.000610
173.144287 0.000634
174.145121 0.000664
175.145955 0.000698
176.146789 0.000736
177.147623 0.000776
178.148457 0.000817
179.149291 0.000854
180.150125 0.000888
181.150959 0.000915
182.151793 0.000937
183.152627 0.000951
184.153461 0.000959
185.154295 0.000960
186.155129 0.000956
187.155963 0.000947
188.156797 0.000936
189.157631 0.000924
190.158465 0.000913
191.159299 0.000905
192.160133 0.000899
193.160967 0.000893
194.161802 0.000888
195.162636 0.000880
196.163470 0.000870
197.164304 0.000858
198.165138 0.000844
199.165972 0.000830
200.166806 0.000816
201.167640 0.000805
202.168474 0.000795
203.169308 0.000789
204.170142 0.000784
205.170976 0.000782
206.171810 0.000781
207.172644 0.000781
208.173478 0.000782
209.174312 0.000781
210.175146 0.000779
211.175980 0.000775
212.176814 0.000769
213.177648 0.000760
214.178482 0.000750
215.179316 0.000738
216.180150 0.000726
217.180984 0.000713
218.181818 0.000699
219.182652 0.000684
220.183486 0.000667
221.184320 0.000648
222.185154 0.000626
223.185988 0.000603
224.186822 0.000580
225.187656 0.000557
226.188490 0.000536
227.189324 0.000517
228.190158 0.000501
229.190992 0.000488
230.191827 0.000478
231.192661 0.000469
232.193495 0.000463
233.194329 0.000459
234.195163 0.000456
235.195997 0.000454
236.196831 0.000452
237.197665 0.000450
238.198499 0.000448
239.199333 0.000445
240.200167 0.000441
241.201001 0.000437
242.201835 0.000432
243.202669 0.000428
244.203503 0.000423
245.204337 0.000419
246.205171 0.000416
247.206005 0.000413
248.206839 0.000411
249.207673 0.000409
250.208507 0.000407
251.209341 0.000405
252.210175 0.000402
253.211009 0.000398
254.211843 0.000393
255.212677 0.000387
256.213511 0.000382
257.214345 0.000379
258.215179 0.000379
259.216013 0.000382
260.216847 0.000387
261.217681 0.000392
262.218515 0.000396
263.219349 0.000398
264.220183 0.000397
265.221018 0.000392
266.221852 0.000384
267.222686 0.000375
268.223520 0.000366
269.224354 0.000358
270.225188 0.000351
271.226022 0.000345
272.226856 0.000340
273.227690 0.000336
274.228524 0.000331
275.229358 0.000327
276.230192 0.000323
277.231026 0.000320
278.231860 0.000317
279.232694 0.000315
280.233528 0.000313
281.234362 0.000312
282.235196 0.000311
283.236030 0.000309
284.236864 0.000308
285.237698 0.000307
286.238532 0.000308
287.239366 0.000311
288.240200 0.000318
289.241034 0.000328
290.241868 0.000343
291.242702 0.000361
292.243536 0.000382
293.244370 0.000405
294.245204 0.000429
295.246038 0.000451
296.246872 0.000471
297.247706 0.000488
298.248540 0.000501
299.249374 0.000509
300.250209 0.000510
301.251043 0.000506
302.251877 0.000494
303.252711 0.000478
304.253545 0.000457
305.254379 0.000434
306.255213 0.000410
307.256047 0.000389
308.256881 0.000369
309.257715 0.000353
310.258549 0.000340
311.259383 0.000330
312.260217 0.000323
313.261051 0.000318
314.261885 0.000314
315.262719 0.000311
316.263553 0.000310
317.264387 0.000308
318.265221 0.000306
319.266055 0.000303
320.266889 0.000299
321.267723 0.000293
322.268557 0.000285
323.269391 0.000277
324.270225 0.000269
325.271059 0.000263
326.271893 0.000258
327.272727 0.000256
328.273561 0.000257
329.274395 0.000260
330.275229 0.000266
331.276063 0.000272
332.276897 0.000280
333.277731 0.000287
334.278565 0.000294
335.279399 0.000299
336.280234 0.000302
337.281068 0.000304
338.281902 0.000303
339.282736 0.000300
340.283570 0.000296
341.284404 0.000290
342.285238 0.000285
343.286072 0.000279
344.286906 0.000273
345.287740 0.000268
346.288574 0.000264
347.289408 0.000261
348.290242 0.000258
349.291076 0.000256
350.291910 0.000254
351.292744 0.000254
352.293578 0.000253
353.294412 0.000253
354.295246 0.000253
355.296080 0.000252
356.296914 0.000251
357.297748 0.000249
358.298582 0.000247
359.299416 0.000245
360.300250 0.000243
361.301084 0.000241
362.301918 0.000239
363.302752 0.000236
364.303586 0.000232
365.304420 0.000226
366.305254 0.000221
367.306088 0.000216
368.306922 0.000212
369.307756 0.000208
370.308590 0.000207
371.309425 0.000206
372.310259 0.000207
373.311093 0.000208
374.311927 0.000209
375.312761 0.000210
376.313595 0.000211
377.314429 0.000211
378.315263 0.000210
379.316097 0.000209
380.316931 0.000207
381.317765 0.000205
382.318599 0.000204
383.319433 0.000203
384.320267 0.000203
385.321101 0.000204
386.321935 0.000206
387.322769 0.000210
388.323603 0.000215
389.324437 0.000221
390.325271 0.000228
391.326105 0.000235
392.326939 0.000243
393.327773 0.000250
394.328607 0.000256
395.329441 0.000261
396.330275 0.000264
397.331109 0.000266
398.331943 0.000267
399.332777 0.000266
400.333611 0.000264
401.334445 0.000262
402.335279 0.000259
403.336113 0.000257
404.336947 0.000255
405.337781 0.000253
406.338616 0.000252
407.339450 0.000252
408.340284 0.000252
409.341118 0.000254
410.341952 0.000257
411.342786 0.000261
412.343620 0.000265
413.344454 0.000269
414.345288 0.000272
415.346122 0.000273
416.346956 0.000272
417.347790 0.000269
418.348624 0.000265
419.349458 0.000261
420.350292 0.000256
421.351126 0.000252
422.351960 0.000251
423.352794 0.000252
424.353628 0.000255
425.354462 0.000260
426.355296 0.000267
427.356130 0.000274
428.356964 0.000280
429.357798 0.000287
430.358632 0.000292
431.359466 0.000297
432.360300 0.000302
433.361134 0.000307
434.361968 0.000311
435.362802 0.000315
436.363636 0.000319
437.364470 0.000324
438.365304 0.000328
439.366138 0.000332
440.366972 0.000337
441.367807 0.000343
442.368641 0.000350
443.369475 0.000357
444.370309 0.000364
445.371143 0.000371
446.371977 0.000378
447.372811 0.000384
448.373645 0.000389
449.374479 0.000394
450.375313 0.000399
451.376147 0.000404
452.376981 0.000411
453.377815 0.000419
454.378649 0.000427
455.379483 0.000436
456.380317 0.000445
457.381151 0.000455
458.381985 0.000466
459.382819 0.000479
460.383653 0.000495
461.384487 0.000514
462.385321 0.000537
463.386155 0.000566
464.386989 0.000598
465.387823 0.000636
466.388657 0.000679
467.389491 0.000726
468.390325 0.000779
469.391159 0.000837
470.391993 0.000904
471.392827 0.000980
472.393661 0.001070
473.394495 0.001177
474.395329 0.001307
475.396163 0.001463
476.396997 0.001649
477.397832 0.001865
478.398666 0.002109
479.399500 0.002379
480.400334 0.002667
481.401168 0.002963
482.402002 0.003257
483.402836 0.003536
484.403670 0.003789
485.404504 0.004008
486.405338 0.004190
487.406172 0.004335
488.407006 0.004445
489.407840 0.004526
490.408674 0.004579
491.409508 0.004604
492.410342 0.004596
493.411176 0.004546
494.412010 0.004446
495.412844 0.004291
496.413678 0.004082
497.414512 0.003825
498.415346 0.003530
499.416180 0.003216
500.417014 0.002896
501.417848 0.002588
502.418682 0.002303
503.419516 0.002048
504.420350 0.001829
505.421184 0.001646
506.422018 0.001498
507.422852 0.001382
508.423686 0.001294
509.424520 0.001229
510.425354 0.001181
511.426188 0.001143
512.427023 0.001110
513.427857 0.001078
514.428691 0.001044
515.429525 0.001006
516.430359 0.000964
517.431193 0.000918
518.432027 0.000868
519.432861 0.000817
520.433695 0.000764
521.434529 0.000711
522.435363 0.000659
523.436197 0.000611
524.437031 0.000567
525.437865 0.000529
526.438699 0.000496
527.439533 0.000468
528.440367 0.000443
529.441201 0.000420
530.442035 0.000399
531.442869 0.000378
532.443703 0.000358
533.444537 0.000340
534.445371 0.000325
535.446205 0.000313
536.447039 0.000304
537.447873 0.000296
538.448707 0.000288
539.449541 0.000282
540.450375 0.000275
541.451209 0.000267
542.452043 0.000260
543.452877 0.000252
544.453711 0.000244
545.454545 0.000236
546.455379 0.000226
547.456214 0.000217
548.457048 0.000208
549.457882 0.000199
550.458716 0.000191
551.459550 0.000183
552.460384 0.000177
553.461218 0.000172
554.462052 0.000168
555.462886 0.000166
556.463720 0.000165
557.464554 0.000166
558.465388 0.000168
559.466222 0.000170
560.467056 0.000173
561.467890 0.000176
562.468724 0.000177
563.469558 0.000178
564.470392 0.000179
565.471226 0.000179
566.472060 0.000179
567.472894 0.000180
568.473728 0.000182
569.474562 0.000185
570.475396 0.000188
571.476230 0.000190
572.477064 0.000192
573.477898 0.000191
574.478732 0.000189
575.479566 0.000184
576.480400 0.000179
577.481234 0.000174
578.482068 0.000169
579.482902 0.000165
580.483736 0.000162
581.484570 0.000159
582.485405 0.000156
583.486239 0.000153
584.487073 0.000149
585.487907 0.000143
586.488741 0.000137
587.489575 0.000130
588.490409 0.000124
589.491243 0.000118
590.492077 0.000113
591.492911 0.000110
592.493745 0.000109
593.494579 0.000110
594.495413 0.000112
595.496247 0.000116
596.497081 0.000120
597.497915 0.000124
598.498749 0.000127
599.499583 0.000130
600.500417 0.000132
601.501251 0.000134
602.502085 0.000136
603.502919 0.000139
604.503753 0.000141
605.504587 0.000144
606.505421 0.000146
607.506255 0.000148
608.507089 0.000149
609.507923 0.000148
610.508757 0.000147
611.509591 0.000145
612.510425 0.000142
613.511259 0.000139
614.512093 0.000138
615.512927 0.000137
616.513761 0.000137
617.514595 0.000139
618.515430 0.000141
619.516264 0.000142
620.517098 0.000143
621.517932 0.000143
622.518766 0.000141
623.519600 0.000138
624.520434 0.000134
625.521268 0.000131
626.522102 0.000128
627.522936 0.000126
628.523770 0.000124
629.524604 0.000123
630.525438 0.000123
631.526272 0.000123
632.527106 0.000124
633.527940 0.000125
634.528774 0.000128
635.529608 0.000132
636.530442 0.000137
637.531276 0.000143
638.532110 0.000149
639.532944 0.000155
640.533778 0.000160
641.534612 0.000165
642.535446 0.000169
643.536280 0.000172
644.537114 0.000174
645.537948 0.000176
646.538782 0.000177
647.539616 0.000177
648.540450 0.000178
649.541284 0.000180
650.542118 0.000183
651.542952 0.000187
652.543786 0.000193
653.544621 0.000201
654.545455 0.000210
655.546289 0.000220
656.547123 0.000230
657.547957 0.000241
658.548791 0.000250
659.549625 0.000259
660.550459 0.000266
661.551293 0.000272
662.552127 0.000275
663.552961 0.000278
664.553795 0.000279
665.554629 0.000280
666.555463 0.000282
667.556297 0.000286
668.557131 0.000291
669.557965 0.000300
670.558799 0.000311
671.559633 0.000326
672.560467 0.000345
673.561301 0.000368
674.562135 0.000395
675.562969 0.000428
676.563803 0.000469
677.564637 0.000520
678.565471 0.000585
679.566305 0.000665
680.567139 0.000765
681.567973 0.000885
682.568807 0.001025
683.569641 0.001183
684.570475 0.001355
685.571309 0.001539
686.572143 0.001736
687.572977 0.001948
688.573812 0.002183
689.574646 0.002450
690.575480 0.002758
691.576314 0.003115
692.577148 0.003521
693.577982 0.003969
694.578816 0.004440
695.579650 0.004906
696.580484 0.005331
697.581318 0.005673
698.582152 0.005897
699.582986 0.005975
700.583820 0.005897
701.584654 0.005672
702.585488 0.005323
703.586322 0.004892
704.587156 0.004422
705.587990 0.003956
706.588824 0.003530
707.589658 0.003163
708.590492 0.002862
709.591326 0.002623
710.592160 0.002434
711.592994 0.002279
712.593828 0.002145
713.594662 0.002023
714.595496 0.001907
715.596330 0.001794
716.597164 0.001685
717.597998 0.001581
718.598832 0.001484
719.599666 0.001396
720.600500 0.001319
721.601334 0.001254
722.602168 0.001201
723.603003 0.001158
724.603837 0.001121
725.604671 0.001087
726.605505 0.001054
727.606339 0.001020
728.607173 0.000985
729.608007 0.000952
730.608841 0.000924
731.609675 0.000902
732.610509 0.000889
733.611343 0.000885
734.612177 0.000890
735.613011 0.000902
736.613845 0.000919
737.614679 0.000939
738.615513 0.000960
739.616347 0.000981
740.617181 0.000999
741.618015 0.001014
742.618849 0.001024
743.619683 0.001029
744.620517 0.001030
745.621351 0.001027
746.622185 0.001020
747.623019 0.001011
748.623853 0.001002
749.624687 0.000994
750.625521 0.000989
751.626355 0.000988
752.627189 0.000993
753.628023 0.001002
754.628857 0.001016
755.629691 0.001032
756.630525 0.001049
757.631359 0.001065
758.632193 0.001079
759.633028 0.001089
760.633862 0.001095
761.634696 0.001099
762.635530 0.001101
763.636364 0.001102
764.637198 0.001104
765.638032 0.001106
766.638866 0.001111
767.639700 0.001118
768.640534 0.001128
769.641368 0.001141
770.642202 0.001158
771.643036 0.001179
772.643870 0.001207
773.644704 0.001240
774.645538 0.001279
775.646372 0.001323
776.647206 0.001371
777.648040 0.001418
778.648874 0.001463
779.649708 0.001502
780.650542 0.001535
781.651376 0.001562
782.652210 0.001584
783.653044 0.001607
784.653878 0.001631
785.654712 0.001661
786.655546 0.001696
787.656380 0.001734
788.657214 0.001773
789.658048 0.001808
790.658882 0.001836
791.659716 0.001854
792.660550 0.001863
793.661384 0.001866
794.662219 0.001867
795.663053 0.001871
796.663887 0.001883
797.664721 0.001903
798.665555 0.001930
799.666389 0.001961
800.667223 0.001988
801.668057 0.002005
802.668891 0.002008
803.669725 0.001991
804.670559 0.001955
805.671393 0.001900
806.672227 0.001829
807.673061 0.001747
808.673895 0.001657
809.674729 0.001563
810.675563 0.001469
811.676397 0.001377
812.677231 0.001287
813.678065 0.001199
814.678899 0.001113
815.679733 0.001030
816.680567 0.000949
817.681401 0.000873
818.682235 0.000802
819.683069 0.000739
820.683903 0.000683
821.684737 0.000638
822.685571 0.000602
823.686405 0.000575
824.687239 0.000557
825.688073 0.000545
826.688907 0.000536
827.689741 0.000530
828.690575 0.000522
829.691410 0.000513
830.692244 0.000500
831.693078 0.000484
832.693912 0.000467
833.694746 0.000449
834.695580 0.000431
835.696414 0.000414
836.697248 0.000398
837.698082 0.000384
838.698916 0.000372
839.699750 0.000361
840.700584 0.000351
841.701418 0.000343
842.702252 0.000336
843.703086 0.000331
844.703920 0.000326
845.704754 0.000321
846.705588 0.000316
847.706422 0.000309
848.707256 0.000301
849.708090 0.000293
850.708924 0.000286
851.709758 0.000280
852.710592 0.000277
853.711426 0.000276
854.712260 0.000276
855.713094 0.000279
856.713928 0.000283
857.714762 0.000289
858.715596 0.000295
859.716430 0.000301
860.717264 0.000307
861.718098 0.000312
862.718932 0.000316
863.719766 0.000318
864.720601 0.000317
865.721435 0.000313
866.722269 0.000307
867.723103 0.000300
868.723937 0.000291
869.724771 0.000281
870.725605 0.000272
871.726439 0.000265
872.727273 0.000260
873.728107 0.000259
874.728941 0.000261
875.729775 0.000267
876.730609 0.000277
877.731443 0.000288
878.732277 0.000301
879.733111 0.000314
880.733945 0.000326
881.734779 0.000335
882.735613 0.000340
883.736447 0.000341
884.737281 0.000339
885.738115 0.000334
886.738949 0.000327
887.739783 0.000320
888.740617 0.000313
889.741451 0.000307
890.742285 0.000302
891.743119 0.000299
892.743953 0.000298
893.744787 0.000298
894.745621 0.000299
895.746455 0.000301
896.747289 0.000304
897.748123 0.000306
898.748957 0.000308
899.749791 0.000309
900.750626 0.000310
901.751460 0.000311
902.752294 0.000313
903.753128 0.000317
904.753962 0.000323
905.754796 0.000333
906.755630 0.000345
907.756464 0.000360
908.757298 0.000376
909.758132 0.000393
910.758966 0.000409
911.759800 0.000424
912.760634 0.000436
913.761468 0.000446
914.762302 0.000454
915.763136 0.000459
916.763970 0.000464
917.764804 0.000468
918.765638 0.000471
919.766472 0.000472
920.767306 0.000472
921.768140 0.000470
922.768974 0.000465
923.769808 0.000459
924.770642 0.000452
925.771476 0.000445
926.772310 0.000440
927.773144 0.000437
928.773978 0.000435
929.774812 0.000435
930.775646 0.000436
931.776480 0.000437
932.777314 0.000438
933.778148 0.000438
934.778982 0.000437
935.779817 0.000435
936.780651 0.000433
937.781485 0.000430
938.782319 0.000426
939.783153 0.000422
940.783987 0.000417
941.784821 0.000410
942.785655 0.000404
943.786489 0.000397
944.787323 0.000392
945.788157 0.000388
946.788991 0.000386
947.789825 0.000387
948.790659 0.000389
949.791493 0.000392
950.792327 0.000395
951.793161 0.000398
952.793995 0.000399
953.794829 0.000400
954.795663 0.000400
955.796497 0.000401
956.797331 0.000402
957.798165 0.000405
958.798999 0.000408
959.799833 0.000413
960.800667 0.000418
961.801501 0.000424
962.802335 0.000429
963.803169 0.000434
964.804003 0.000439
965.804837 0.000444
966.805671 0.000449
967.806505 0.000454
968.807339 0.000462
969.808173 0.000470
970.809008 0.000481
971.809842 0.000492
972.810676 0.000503
973.811510 0.000513
974.812344 0.000523
975.813178 0.000531
976.814012 0.000538
977.814846 0.000545
978.815680 0.000552
979.816514 0.000560
980.817348 0.000569
981.818182 0.000580
982.819016 0.000593
983.819850 0.000607
984.820684 0.000622
985.821518 0.000638
986.822352 0.000652
987.823186 0.000665
988.824020 0.000675
989.824854 0.000684
990.825688 0.000691
991.826522 0.000696
992.827356 0.000700
993.828190 0.000703
994.829024 0.000704
995.829858 0.000704
996.830692 0.000703
997.831526 0.000701
998.832360 0.000698
999.833194 0.000698
1000.834028 0.000699
1001.834862 0.000703
1002.835696 0.000711
1003.836530 0.000720
1004.837364 0.000730
1005.838198 0.000737
1006.839033 0.000741
1007.839867 0.000738
1008.840701 0.000730
1009.841535 0.000715
1010.842369 0.000694
1011.843203 0.000671
1012.844037 0.000646
1013.844871 0.000623
1014.845705 0.000604
1015.846539 0.000589
1016.847373 0.000578
1017.848207 0.000572
1018.849041 0.000568
1019.849875 0.000565
1020.850709 0.000563
1021.851543 0.000560
1022.852377 0.000555
1023.853211 0.000547
1024.854045 0.000535
1025.854879 0.000518
1026.855713 0.000497
1027.856547 0.000472
1028.857381 0.000444
1029.858215 0.000415
1030.859049 0.000386
1031.859883 0.000359
1032.860717 0.000335
1033.861551 0.000314
1034.862385 0.000299
1035.863219 0.000288
1036.864053 0.000281
1037.864887 0.000278
1038.865721 0.000278
1039.866555 0.000280
1040.867389 0.000285
1041.868224 0.000292
1042.869058 0.000299
1043.869892 0.000306
1044.870726 0.000311
1045.871560 0.000314
1046.872394 0.000314
1047.873228 0.000311
1048.874062 0.000306
1049.874896 0.000298
1050.875730 0.000290
1051.876564 0.000282
1052.877398 0.000275
1053.878232 0.000270
1054.879066 0.000266
1055.879900 0.000264
1056.880734 0.000263
1057.881568 0.000264
1058.882402 0.000266
1059.883236 0.000270
1060.884070 0.000274
1061.884904 0.000277
1062.885738 0.000280
1063.886572 0.000283
1064.887406 0.000284
1065.888240 0.000283
1066.889074 0.000282
1067.889908 0.000279
1068.890742 0.000275
1069.891576 0.000269
1070.892410 0.000263
1071.893244 0.000257
1072.894078 0.000251
1073.894912 0.000245
1074.895746 0.000240
1075.896580 0.000236
1076.897415 0.000233
1077.898249 0.000232
1078.899083 0.000231
1079.899917 0.000231
1080.900751 0.000231
1081.901585 0.000232
1082.902419 0.000234
1083.903253 0.000236
1084.904087 0.000240
1085.904921 0.000245
1086.905755 0.000250
1087.906589 0.000256
1088.907423 0.000261
1089.908257 0.000265
1090.909091 0.000265
1091.909925 0.000263
1092.910759 0.000259
1093.911593 0.000253
1094.912427 0.000246
1095.913261 0.000240
1096.914095 0.000236
1097.914929 0.000234
1098.915763 0.000235
1099.916597 0.000237
1100.917431 0.000240
1101.918265 0.000243
1102.919099 0.000245
1103.919933 0.000246
1104.920767 0.000245
1105.921601 0.000243
1106.922435 0.000242
1107.923269 0.000241
1108.924103 0.000241
1109.924937 0.000242
1110.925771 0.000243
1111.926606 0.000244
1112.927440 0.000245
1113.928274 0.000245
1114.929108 0.000245
1115.929942 0.000243
1116.930776 0.000240
1117.931610 0.000236
1118.932444 0.000232
1119.933278 0.000227
1120.934112 0.000224
1121.934946 0.000221
1122.935780 0.000221
1123.936614 0.000222
1124.937448 0.000226
1125.938282 0.000231
1126.939116 0.000236
1127.939950 0.000241
1128.940784 0.000246
1129.941618 0.000248
1130.942452 0.000250
1131.943286 0.000250
1132.944120 0.000249
1133.944954 0.000248
1134.945788 0.000248
1135.946622 0.000250
1136.947456 0.000253
1137.948290 0.000259
1138.949124 0.000265
1139.949958 0.000272
1140.950792 0.000278
1141.951626 0.000283
1142.952460 0.000286
1143.953294 0.000287
1144.954128 0.000286
1145.954962 0.000283
1146.955796 0.000280
1147.956631 0.000277
1148.957465 0.000276
1149.958299 0.000275
1150.959133 0.000277
1151.959967 0.000279
1152.960801 0.000283
1153.961635 0.000287
1154.962469 0.000293
1155.963303 0.000300
1156.964137 0.000309
1157.964971 0.000321
1158.965805 0.000336
1159.966639 0.000352
1160.967473 0.000370
1161.968307 0.000388
1162.969141 0.000406
1163.969975 0.000424
1164.970809 0.000443
1165.971643 0.000463
1166.972477 0.000487
1167.973311 0.000514
1168.974145 0.000546
1169.974979 0.000584
1170.975813 0.000627
1171.976647 0.000676
1172.977481 0.000729
1173.978315 0.000787
1174.979149 0.000848
1175.979983 0.000912
1176.980817 0.000979
1177.981651 0.001051
1178.982485 0.001130
1179.983319 0.001221
1180.984153 0.001330
1181.984987 0.001464
1182.985822 0.001631
1183.986656 0.001841
1184.987490 0.002103
1185.988324 0.002427
1186.989158 0.002821
1187.989992 0.003289
1188.990826 0.003828
1189.991660 0.004427
1190.992494 0.005057
1191.993328 0.005681
1192.994162 0.006245
1193.994996 0.006689
1194.995830 0.006953
1195.996664 0.006985
1196.997498 0.006760
1197.998332 0.006279
1198.999166 0.005580
1200.000000 0.004731
