0.500000 0.015065
1.500000 0.014166
2.500000 0.012830
3.500000 0.011315
4.500000 0.009429
5.500000 0.008271
6.500000 0.007417
7.500000 0.006177
8.500000 0.004989
9.500000 0.004121
10.500000 0.003883
11.500000 0.003066
12.500000 0.002769
13.500000 0.002354
14.500000 0.002079
15.500000 0.001923
16.500000 0.001723
17.500000 0.001745
18.500000 0.001522
19.500000 0.001418
20.500000 0.001277
21.500000 0.001240
22.500000 0.001069
23.500000 0.000936
24.500000 0.000898
25.500000 0.001114
26.500000 0.000943
27.500000 0.000794
28.500000 0.000780
29.500000 0.000839
30.500000 0.000705
31.500000 0.000720
32.500000 0.000728
33.500000 0.000765
34.500000 0.000728
35.500000 0.000624
36.500000 0.000557
37.500000 0.000676
38.500000 0.000631
39.500000 0.000616
40.500000 0.000690
41.500000 0.000676
42.500000 0.000624
43.500000 0.000557
44.500000 0.000676
45.500000 0.000698
46.500000 0.000705
47.500000 0.000616
48.500000 0.000705
49.500000 0.000616
50.500000 0.000683
51.500000 0.000579
52.500000 0.000579
53.500000 0.000854
54.500000 0.000713
55.500000 0.000802
56.500000 0.000772
57.500000 0.000802
58.500000 0.000713
59.500000 0.000765
60.500000 0.000772
61.500000 0.000846
62.500000 0.000750
63.500000 0.000891
64.500000 0.000780
65.500000 0.000802
66.500000 0.000913
67.500000 0.001039
68.500000 0.001010
69.500000 0.001114
70.500000 0.001218
71.500000 0.001292
72.500000 0.001359
73.500000 0.001299
74.500000 0.001173
75.500000 0.001403
76.500000 0.001307
77.500000 0.001641
78.500000 0.001307
79.500000 0.001344
80.500000 0.001641
81.500000 0.001774
82.500000 0.002153
83.500000 0.002071
84.500000 0.001856
85.500000 0.001938
86.500000 0.001767
87.500000 0.002205
88.500000 0.002079
89.500000 0.001782
90.500000 0.002138
91.500000 0.002153
92.500000 0.002428
93.500000 0.002272
94.500000 0.002153
95.500000 0.001930
96.500000 0.002146
97.500000 0.001916
98.500000 0.002071
99.500000 0.001708
100.500000 0.001633
101.500000 0.001537
102.500000 0.001359
103.500000 0.001173
104.500000 0.001077
105.500000 0.000898
106.500000 0.000973
107.500000 0.000906
108.500000 0.001247
109.500000 0.000802
110.500000 0.000587
111.500000 0.000765
112.500000 0.000601
113.500000 0.000668
114.500000 0.000765
115.500000 0.000898
116.500000 0.000668
117.500000 0.000505
118.500000 0.000579
119.500000 0.000668
120.500000 0.000609
121.500000 0.000549
122.500000 0.000572
123.500000 0.000408
124.500000 0.000460
125.500000 0.000319
126.500000 0.000423
127.500000 0.000349
128.500000 0.000394
129.500000 0.000319
130.500000 0.000386
131.500000 0.000379
132.500000 0.000364
133.500000 0.000364
134.500000 0.000394
135.500000 0.000394
136.500000 0.000394
137.500000 0.000401
138.500000 0.000416
139.500000 0.000408
140.500000 0.000408
141.500000 0.000327
142.500000 0.000342
143.500000 0.000364
144.500000 0.000371
145.500000 0.000438
146.500000 0.000356
147.500000 0.000327
148.500000 0.000394
149.500000 0.000312
150.500000 0.000371
151.500000 0.000297
152.500000 0.000290
153.500000 0.000423
154.500000 0.000297
155.500000 0.000445
156.500000 0.000334
157.500000 0.000260
158.500000 0.000319
159.500000 0.000401
160.500000 0.000445
161.500000 0.000356
162.500000 0.000431
163.500000 0.000520
164.500000 0.000386
165.500000 0.000319
166.500000 0.000267
167.500000 0.000356
168.500000 0.000364
169.500000 0.000356
170.500000 0.000401
171.500000 0.000401
172.500000 0.000327
173.500000 0.000423
174.500000 0.000356
175.500000 0.000475
176.500000 0.000460
177.500000 0.000527
178.500000 0.000445
179.500000 0.000475
180.500000 0.000549
181.500000 0.000572
182.500000 0.000490
183.500000 0.000483
184.500000 0.000587
185.500000 0.000653
186.500000 0.000572
187.500000 0.000572
188.500000 0.000505
189.500000 0.000549
190.500000 0.000475
191.500000 0.000475
192.500000 0.000579
193.500000 0.000460
194.500000 0.000445
195.500000 0.000505
196.500000 0.000601
197.500000 0.000542
198.500000 0.000497
199.500000 0.000505
200.500000 0.000416
201.500000 0.000431
202.500000 0.000475
203.500000 0.000423
204.500000 0.000438
205.500000 0.000386
206.500000 0.000460
207.500000 0.000416
208.500000 0.000438
209.500000 0.000394
210.500000 0.000423
211.500000 0.000408
212.500000 0.000356
213.500000 0.000438
214.500000 0.000356
215.500000 0.000356
216.500000 0.000408
217.500000 0.000349
218.500000 0.000356
219.500000 0.000319
220.500000 0.000356
221.500000 0.000327
222.500000 0.000371
223.500000 0.000364
224.500000 0.000252
225.500000 0.000342
226.500000 0.000312
227.500000 0.000290
228.500000 0.000252
229.500000 0.000349
230.500000 0.000267
231.500000 0.000349
232.500000 0.000349
233.500000 0.000230
234.500000 0.000230
235.500000 0.000312
236.500000 0.000260
237.500000 0.000342
238.500000 0.000223
239.500000 0.000230
240.500000 0.000171
241.500000 0.000267
242.500000 0.000230
243.500000 0.000238
244.500000 0.000260
245.500000 0.000163
246.500000 0.000230
247.500000 0.000223
248.500000 0.000223
249.500000 0.000171
250.500000 0.000223
251.500000 0.000193
252.500000 0.000223
253.500000 0.000163
254.500000 0.000178
255.500000 0.000163
256.500000 0.000238
257.500000 0.000282
258.500000 0.000245
259.500000 0.000267
260.500000 0.000163
261.500000 0.000275
262.500000 0.000215
263.500000 0.000134
264.500000 0.000186
265.500000 0.000230
266.500000 0.000178
267.500000 0.000171
268.500000 0.000200
269.500000 0.000178
270.500000 0.000260
271.500000 0.000163
272.500000 0.000178
273.500000 0.000245
274.500000 0.000141
275.500000 0.000178
276.500000 0.000193
277.500000 0.000141
278.500000 0.000171
279.500000 0.000163
280.500000 0.000141
281.500000 0.000208
282.500000 0.000200
283.500000 0.000163
284.500000 0.000171
285.500000 0.000178
286.500000 0.000126
287.500000 0.000134
288.500000 0.000156
289.500000 0.000163
290.500000 0.000200
291.500000 0.000230
292.500000 0.000171
293.500000 0.000223
294.500000 0.000186
295.500000 0.000178
296.500000 0.000245
297.500000 0.000178
298.500000 0.000148
299.500000 0.000230
300.500000 0.000156
301.500000 0.000097
302.500000 0.000200
303.500000 0.000260
304.500000 0.000252
305.500000 0.000312
306.500000 0.000252
307.500000 0.000319
308.500000 0.000349
309.500000 0.000275
310.500000 0.000304
311.500000 0.000267
312.500000 0.000223
313.500000 0.000178
314.500000 0.000282
315.500000 0.000163
316.500000 0.000223
317.500000 0.000215
318.500000 0.000223
319.500000 0.000186
320.500000 0.000238
321.500000 0.000126
322.500000 0.000215
323.500000 0.000208
324.500000 0.000119
325.500000 0.000245
326.500000 0.000186
327.500000 0.000171
328.500000 0.000126
329.500000 0.000134
330.500000 0.000148
331.500000 0.000193
332.500000 0.000163
333.500000 0.000156
334.500000 0.000148
335.500000 0.000156
336.500000 0.000134
337.500000 0.000134
338.500000 0.000156
339.500000 0.000156
340.500000 0.000074
341.500000 0.000126
342.500000 0.000126
343.500000 0.000111
344.500000 0.000141
345.500000 0.000119
346.500000 0.000111
347.500000 0.000134
348.500000 0.000148
349.500000 0.000126
350.500000 0.000111
351.500000 0.000156
352.500000 0.000141
353.500000 0.000126
354.500000 0.000067
355.500000 0.000148
356.500000 0.000119
357.500000 0.000163
358.500000 0.000163
359.500000 0.000134
360.500000 0.000193
361.500000 0.000156
362.500000 0.000156
363.500000 0.000200
364.500000 0.000141
365.500000 0.000126
366.500000 0.000119
367.500000 0.000208
368.500000 0.000141
369.500000 0.000089
370.500000 0.000141
371.500000 0.000089
372.500000 0.000156
373.500000 0.000178
374.500000 0.000097
375.500000 0.000126
376.500000 0.000119
377.500000 0.000178
378.500000 0.000156
379.500000 0.000097
380.500000 0.000141
381.500000 0.000134
382.500000 0.000186
383.500000 0.000134
384.500000 0.000163
385.500000 0.000104
386.500000 0.000104
387.500000 0.000104
388.500000 0.000148
389.500000 0.000186
390.500000 0.000148
391.500000 0.000178
392.500000 0.000119
393.500000 0.000163
394.500000 0.000104
395.500000 0.000171
396.500000 0.000141
397.500000 0.000223
398.500000 0.000119
399.500000 0.000126
400.500000 0.000097
401.500000 0.000141
402.500000 0.000141
403.500000 0.000193
404.500000 0.000126
405.500000 0.000163
406.500000 0.000163
407.500000 0.000163
408.500000 0.000171
409.500000 0.000126
410.500000 0.000104
411.500000 0.000200
412.500000 0.000104
413.500000 0.000134
414.500000 0.000178
415.500000 0.000148
416.500000 0.000104
417.500000 0.000141
418.500000 0.000141
419.500000 0.000208
420.500000 0.000186
421.500000 0.000193
422.500000 0.000178
423.500000 0.000148
424.500000 0.000163
425.500000 0.000119
426.500000 0.000156
427.500000 0.000141
428.500000 0.000126
429.500000 0.000134
430.500000 0.000215
431.500000 0.000104
432.500000 0.000171
433.500000 0.000141
434.500000 0.000275
435.500000 0.000260
436.500000 0.000267
437.500000 0.000141
438.500000 0.000215
439.500000 0.000200
440.500000 0.000245
441.500000 0.000230
442.500000 0.000178
443.500000 0.000245
444.500000 0.000163
445.500000 0.000186
446.500000 0.000260
447.500000 0.000223
448.500000 0.000200
449.500000 0.000208
450.500000 0.000186
451.500000 0.000245
452.500000 0.000260
453.500000 0.000312
454.500000 0.000327
455.500000 0.000282
456.500000 0.000349
457.500000 0.000379
458.500000 0.000394
459.500000 0.000379
460.500000 0.000460
461.500000 0.000542
462.500000 0.000520
463.500000 0.000527
464.500000 0.000483
465.500000 0.000460
466.500000 0.000720
467.500000 0.000639
468.500000 0.000765
469.500000 0.000809
470.500000 0.000646
471.500000 0.000943
472.500000 0.000936
473.500000 0.000876
474.500000 0.001099
475.500000 0.001366
476.500000 0.001166
477.500000 0.001299
478.500000 0.001500
479.500000 0.001203
480.500000 0.001611
481.500000 0.001767
482.500000 0.001826
483.500000 0.002019
484.500000 0.001812
485.500000 0.002287
486.500000 0.002316
487.500000 0.002272
488.500000 0.002071
489.500000 0.002175
490.500000 0.002346
491.500000 0.001648
492.500000 0.001730
493.500000 0.001492
494.500000 0.001470
495.500000 0.001708
496.500000 0.001544
497.500000 0.001448
498.500000 0.001403
499.500000 0.001218
500.500000 0.001010
501.500000 0.000958
502.500000 0.001025
503.500000 0.000824
504.500000 0.000928
505.500000 0.000817
506.500000 0.000757
507.500000 0.000512
508.500000 0.000512
509.500000 0.000505
510.500000 0.000460
511.500000 0.000483
512.500000 0.000431
513.500000 0.000334
514.500000 0.000356
515.500000 0.000438
516.500000 0.000334
517.500000 0.000490
518.500000 0.000260
519.500000 0.000364
520.500000 0.000290
521.500000 0.000252
522.500000 0.000267
523.500000 0.000342
524.500000 0.000186
525.500000 0.000141
526.500000 0.000275
527.500000 0.000156
528.500000 0.000163
529.500000 0.000186
530.500000 0.000141
531.500000 0.000200
532.500000 0.000163
533.500000 0.000156
534.500000 0.000171
535.500000 0.000134
536.500000 0.000074
537.500000 0.000126
538.500000 0.000126
539.500000 0.000134
540.500000 0.000141
541.500000 0.000134
542.500000 0.000119
543.500000 0.000089
544.500000 0.000126
545.500000 0.000148
546.500000 0.000119
547.500000 0.000074
548.500000 0.000111
549.500000 0.000126
550.500000 0.000141
551.500000 0.000097
552.500000 0.000074
553.500000 0.000082
554.500000 0.000082
555.500000 0.000097
556.500000 0.000119
557.500000 0.000067
558.500000 0.000111
559.500000 0.000052
560.500000 0.000059
561.500000 0.000119
562.500000 0.000082
563.500000 0.000074
564.500000 0.000082
565.500000 0.000067
566.500000 0.000082
567.500000 0.000082
568.500000 0.000089
569.500000 0.000059
570.500000 0.000089
571.500000 0.000089
572.500000 0.000074
573.500000 0.000059
574.500000 0.000111
575.500000 0.000111
576.500000 0.000074
577.500000 0.000097
578.500000 0.000082
579.500000 0.000037
580.500000 0.000104
581.500000 0.000045
582.500000 0.000082
583.500000 0.000059
584.500000 0.000104
585.500000 0.000052
586.500000 0.000074
587.500000 0.000074
588.500000 0.000052
589.500000 0.000089
590.500000 0.000067
591.500000 0.000067
592.500000 0.000059
593.500000 0.000052
594.500000 0.000067
595.500000 0.000052
596.500000 0.000037
597.500000 0.000089
598.500000 0.000059
599.500000 0.000059
600.500000 0.000059
601.500000 0.000097
602.500000 0.000067
603.500000 0.000037
604.500000 0.000045
605.500000 0.000059
606.500000 0.000045
607.500000 0.000045
608.500000 0.000089
609.500000 0.000052
610.500000 0.000067
611.500000 0.000052
612.500000 0.000074
613.500000 0.000067
614.500000 0.000037
615.500000 0.000067
616.500000 0.000037
617.500000 0.000052
618.500000 0.000045
619.500000 0.000045
620.500000 0.000089
621.500000 0.000104
622.500000 0.000104
623.500000 0.000052
624.500000 0.000037
625.500000 0.000082
626.500000 0.000045
627.500000 0.000074
628.500000 0.000059
629.500000 0.000022
630.500000 0.000022
631.500000 0.000089
632.500000 0.000074
633.500000 0.000074
634.500000 0.000059
635.500000 0.000052
636.500000 0.000089
637.500000 0.000074
638.500000 0.000045
639.500000 0.000059
640.500000 0.000074
641.500000 0.000045
642.500000 0.000104
643.500000 0.000082
644.500000 0.000074
645.500000 0.000052
646.500000 0.000074
647.500000 0.000089
648.500000 0.000045
649.500000 0.000089
650.500000 0.000074
651.500000 0.000067
652.500000 0.000074
653.500000 0.000111
654.500000 0.000089
655.500000 0.000111
656.500000 0.000082
657.500000 0.000119
658.500000 0.000156
659.500000 0.000119
660.500000 0.000178
661.500000 0.000148
662.500000 0.000104
663.500000 0.000186
664.500000 0.000119
665.500000 0.000223
666.500000 0.000171
667.500000 0.000193
668.500000 0.000200
669.500000 0.000230
670.500000 0.000193
671.500000 0.000193
672.500000 0.000252
673.500000 0.000282
674.500000 0.000334
675.500000 0.000245
676.500000 0.000453
677.500000 0.000520
678.500000 0.000601
679.500000 0.000646
680.500000 0.000594
681.500000 0.000913
682.500000 0.000928
683.500000 0.001032
684.500000 0.001129
685.500000 0.001047
686.500000 0.001099
687.500000 0.001151
688.500000 0.001374
689.500000 0.001552
690.500000 0.001856
691.500000 0.002458
692.500000 0.002755
693.500000 0.003460
694.500000 0.004002
695.500000 0.005628
696.500000 0.006860
697.500000 0.007001
698.500000 0.008278
699.500000 0.008330
700.500000 0.006497
701.500000 0.006244
702.500000 0.006222
703.500000 0.005643
704.500000 0.005658
705.500000 0.005375
706.500000 0.005034
707.500000 0.005279
708.500000 0.004626
709.500000 0.004425
710.500000 0.003675
711.500000 0.003282
712.500000 0.002792
713.500000 0.002346
714.500000 0.002309
715.500000 0.002279
716.500000 0.001930
717.500000 0.001774
718.500000 0.001537
719.500000 0.001440
720.500000 0.001284
721.500000 0.001381
722.500000 0.001166
723.500000 0.001091
724.500000 0.001240
725.500000 0.001091
726.500000 0.001247
727.500000 0.001218
728.500000 0.001069
729.500000 0.000965
730.500000 0.001062
731.500000 0.000958
732.500000 0.000928
733.500000 0.001002
734.500000 0.001099
735.500000 0.000943
736.500000 0.000869
737.500000 0.000720
738.500000 0.001047
739.500000 0.000950
740.500000 0.000928
741.500000 0.000928
742.500000 0.000928
743.500000 0.000958
744.500000 0.000913
745.500000 0.000987
746.500000 0.000869
747.500000 0.000936
748.500000 0.000720
749.500000 0.000913
750.500000 0.000973
751.500000 0.000995
752.500000 0.000913
753.500000 0.000943
754.500000 0.000839
755.500000 0.000898
756.500000 0.001039
757.500000 0.000943
758.500000 0.001062
759.500000 0.000943
760.500000 0.000980
761.500000 0.001091
762.500000 0.000980
763.500000 0.001077
764.500000 0.001314
765.500000 0.001336
766.500000 0.001359
767.500000 0.001195
768.500000 0.001359
769.500000 0.001314
770.500000 0.001604
771.500000 0.001567
772.500000 0.001492
773.500000 0.001641
774.500000 0.001797
775.500000 0.001767
776.500000 0.002109
777.500000 0.002079
778.500000 0.002161
779.500000 0.002220
780.500000 0.002227
781.500000 0.002071
782.500000 0.002027
783.500000 0.002413
784.500000 0.002524
785.500000 0.002406
786.500000 0.002428
787.500000 0.002420
788.500000 0.002651
789.500000 0.002970
790.500000 0.002487
791.500000 0.002480
792.500000 0.002665
793.500000 0.002465
794.500000 0.002792
795.500000 0.002651
796.500000 0.002673
797.500000 0.002584
798.500000 0.002450
799.500000 0.002086
800.500000 0.002116
801.500000 0.001923
802.500000 0.001916
803.500000 0.002079
804.500000 0.001975
805.500000 0.001730
806.500000 0.001329
807.500000 0.001641
808.500000 0.001262
809.500000 0.001262
810.500000 0.001210
811.500000 0.001158
812.500000 0.001047
813.500000 0.001277
814.500000 0.000906
815.500000 0.001002
816.500000 0.001039
817.500000 0.000995
818.500000 0.000921
819.500000 0.000995
820.500000 0.000794
821.500000 0.000713
822.500000 0.000728
823.500000 0.000720
824.500000 0.000631
825.500000 0.000661
826.500000 0.000572
827.500000 0.000564
828.500000 0.000438
829.500000 0.000364
830.500000 0.000438
831.500000 0.000549
832.500000 0.000408
833.500000 0.000445
834.500000 0.000386
835.500000 0.000408
836.500000 0.000438
837.500000 0.000334
838.500000 0.000445
839.500000 0.000371
840.500000 0.000431
841.500000 0.000416
842.500000 0.000312
843.500000 0.000371
844.500000 0.000334
845.500000 0.000267
846.500000 0.000364
847.500000 0.000334
848.500000 0.000267
849.500000 0.000386
850.500000 0.000327
851.500000 0.000312
852.500000 0.000223
853.500000 0.000215
854.500000 0.000282
855.500000 0.000252
856.500000 0.000290
857.500000 0.000238
858.500000 0.000297
859.500000 0.000290
860.500000 0.000304
861.500000 0.000215
862.500000 0.000267
863.500000 0.000297
864.500000 0.000193
865.500000 0.000245
866.500000 0.000230
867.500000 0.000260
868.500000 0.000238
869.500000 0.000238
870.500000 0.000223
871.500000 0.000275
872.500000 0.000267
873.500000 0.000304
874.500000 0.000215
875.500000 0.000208
876.500000 0.000319
877.500000 0.000238
878.500000 0.000312
879.500000 0.000312
880.500000 0.000230
881.500000 0.000230
882.500000 0.000163
883.500000 0.000260
884.500000 0.000230
885.500000 0.000312
886.500000 0.000260
887.500000 0.000230
888.500000 0.000230
889.500000 0.000342
890.500000 0.000282
891.500000 0.000327
892.500000 0.000260
893.500000 0.000275
894.500000 0.000349
895.500000 0.000319
896.500000 0.000230
897.500000 0.000290
898.500000 0.000282
899.500000 0.000327
900.500000 0.000275
901.500000 0.000304
902.500000 0.000327
903.500000 0.000245
904.500000 0.000275
905.500000 0.000282
906.500000 0.000260
907.500000 0.000312
908.500000 0.000349
909.500000 0.000386
910.500000 0.000334
911.500000 0.000371
912.500000 0.000408
913.500000 0.000349
914.500000 0.000327
915.500000 0.000312
916.500000 0.000364
917.500000 0.000349
918.500000 0.000386
919.500000 0.000379
920.500000 0.000431
921.500000 0.000438
922.500000 0.000408
923.500000 0.000394
924.500000 0.000327
925.500000 0.000386
926.500000 0.000401
927.500000 0.000468
928.500000 0.000394
929.500000 0.000423
930.500000 0.000371
931.500000 0.000371
932.500000 0.000438
933.500000 0.000371
934.500000 0.000327
935.500000 0.000394
936.500000 0.000438
937.500000 0.000483
938.500000 0.000401
939.500000 0.000468
940.500000 0.000483
941.500000 0.000431
942.500000 0.000445
943.500000 0.000542
944.500000 0.000371
945.500000 0.000416
946.500000 0.000423
947.500000 0.000342
948.500000 0.000505
949.500000 0.000460
950.500000 0.000512
951.500000 0.000394
952.500000 0.000490
953.500000 0.000475
954.500000 0.000423
955.500000 0.000535
956.500000 0.000386
957.500000 0.000505
958.500000 0.000468
959.500000 0.000594
960.500000 0.000520
961.500000 0.000549
962.500000 0.000646
963.500000 0.000527
964.500000 0.000483
965.500000 0.000527
966.500000 0.000817
967.500000 0.000542
968.500000 0.000780
969.500000 0.000698
970.500000 0.000668
971.500000 0.000661
972.500000 0.000735
973.500000 0.000720
974.500000 0.000564
975.500000 0.000564
976.500000 0.000698
977.500000 0.000832
978.500000 0.000884
979.500000 0.000809
980.500000 0.001032
981.500000 0.000713
982.500000 0.000854
983.500000 0.000876
984.500000 0.000884
985.500000 0.001039
986.500000 0.001002
987.500000 0.000958
988.500000 0.000987
989.500000 0.000936
990.500000 0.001069
991.500000 0.001099
992.500000 0.001077
993.500000 0.000950
994.500000 0.001203
995.500000 0.001195
996.500000 0.001359
997.500000 0.001166
998.500000 0.001210
999.500000 0.001210
1000.500000 0.001091
1001.500000 0.001366
1002.500000 0.001114
1003.500000 0.000884
1004.500000 0.000936
1005.500000 0.001136
1006.500000 0.001166
1007.500000 0.001054
1008.500000 0.000921
1009.500000 0.000943
1010.500000 0.001002
1011.500000 0.000824
1012.500000 0.000817
1013.500000 0.000765
1014.500000 0.000854
1015.500000 0.000720
1016.500000 0.000594
1017.500000 0.000616
1018.500000 0.000594
1019.500000 0.000564
1020.500000 0.000505
1021.500000 0.000520
1022.500000 0.000557
1023.500000 0.000520
1024.500000 0.000512
1025.500000 0.000542
1026.500000 0.000453
1027.500000 0.000416
1028.500000 0.000379
1029.500000 0.000475
1030.500000 0.000342
1031.500000 0.000267
1032.500000 0.000356
1033.500000 0.000342
1034.500000 0.000304
1035.500000 0.000349
1036.500000 0.000342
1037.500000 0.000290
1038.500000 0.000312
1039.500000 0.000408
1040.500000 0.000290
1041.500000 0.000282
1042.500000 0.000431
1043.500000 0.000319
1044.500000 0.000275
1045.500000 0.000349
1046.500000 0.000238
1047.500000 0.000238
1048.500000 0.000245
1049.500000 0.000342
1050.500000 0.000267
1051.500000 0.000260
1052.500000 0.000252
1053.500000 0.000319
1054.500000 0.000260
1055.500000 0.000260
1056.500000 0.000200
1057.500000 0.000186
1058.500000 0.000252
1059.500000 0.000371
1060.500000 0.000193
1061.500000 0.000178
1062.500000 0.000252
1063.500000 0.000208
1064.500000 0.000141
1065.500000 0.000178
1066.500000 0.000290
1067.500000 0.000215
1068.500000 0.000193
1069.500000 0.000186
1070.500000 0.000230
1071.500000 0.000186
1072.500000 0.000275
1073.500000 0.000238
1074.500000 0.000223
1075.500000 0.000208
1076.500000 0.000215
1077.500000 0.000200
1078.500000 0.000260
1079.500000 0.000208
1080.500000 0.000297
1081.500000 0.000111
1082.500000 0.000208
1083.500000 0.000267
1084.500000 0.000260
1085.500000 0.000238
1086.500000 0.000267
1087.500000 0.000148
1088.500000 0.000186
1089.500000 0.000223
1090.500000 0.000156
1091.500000 0.000178
1092.500000 0.000156
1093.500000 0.000148
1094.500000 0.000156
1095.500000 0.000208
1096.500000 0.000163
1097.500000 0.000215
1098.500000 0.000156
1099.500000 0.000297
1100.500000 0.000178
1101.500000 0.000163
1102.500000 0.000156
1103.500000 0.000119
1104.500000 0.000200
1105.500000 0.000215
1106.500000 0.000238
1107.500000 0.000238
1108.500000 0.000245
1109.500000 0.000134
1110.500000 0.000186
1111.500000 0.000178
1112.500000 0.000200
1113.500000 0.000193
1114.500000 0.000215
1115.500000 0.000178
1116.500000 0.000178
1117.500000 0.000111
1118.500000 0.000215
1119.500000 0.000238
1120.500000 0.000275
1121.500000 0.000290
1122.500000 0.000186
1123.500000 0.000148
1124.500000 0.000193
1125.500000 0.000200
1126.500000 0.000186
1127.500000 0.000186
1128.500000 0.000148
1129.500000 0.000178
1130.500000 0.000215
1131.500000 0.000223
1132.500000 0.000252
1133.500000 0.000156
1134.500000 0.000260
1135.500000 0.000275
1136.500000 0.000156
1137.500000 0.000163
1138.500000 0.000245
1139.500000 0.000208
1140.500000 0.000200
1141.500000 0.000304
1142.500000 0.000252
1143.500000 0.000252
1144.500000 0.000297
1145.500000 0.000290
1146.500000 0.000238
1147.500000 0.000230
1148.500000 0.000238
1149.500000 0.000356
1150.500000 0.000238
1151.500000 0.000200
1152.500000 0.000290
1153.500000 0.000319
1154.500000 0.000290
1155.500000 0.000356
1156.500000 0.000342
1157.500000 0.000267
1158.500000 0.000431
1159.500000 0.000394
1160.500000 0.000319
1161.500000 0.000431
1162.500000 0.000475
1163.500000 0.000453
1164.500000 0.000542
1165.500000 0.000497
1166.500000 0.000535
1167.500000 0.000720
1168.500000 0.000794
1169.500000 0.000698
1170.500000 0.000824
1171.500000 0.000906
1172.500000 0.001129
1173.500000 0.001062
1174.500000 0.001225
1175.500000 0.001262
1176.500000 0.001708
1177.500000 0.001522
1178.500000 0.001745
1179.500000 0.002161
1180.500000 0.002309
1181.500000 0.002472
1182.500000 0.003230
1183.500000 0.003475
1184.500000 0.003423
1185.500000 0.004195
1186.500000 0.004774
1187.500000 0.005301
1188.500000 0.006177
1189.500000 0.006608
1190.500000 0.007751
1191.500000 0.008531
1192.500000 0.009570
1193.500000 0.009674
1194.500000 0.010662
1195.500000 0.011508
1196.500000 0.013038
1197.500000 0.014055
1198.500000 0.014627
1199.500000 0.014404
