0.500000 0.004373
1.500000 0.003984
2.500000 0.004111
3.500000 0.004167
4.500000 0.004167
5.500000 0.004048
6.500000 0.003992
7.500000 0.003825
8.500000 0.003651
9.500000 0.003841
10.500000 0.003873
11.500000 0.003794
12.500000 0.003897
13.500000 0.003468
14.500000 0.003492
15.500000 0.003119
16.500000 0.003143
17.500000 0.002762
18.500000 0.002905
19.500000 0.002738
20.500000 0.002659
21.500000 0.002897
22.500000 0.002365
23.500000 0.002238
24.500000 0.002286
25.500000 0.002127
26.500000 0.001778
27.500000 0.001960
28.500000 0.002071
29.500000 0.001786
30.500000 0.001833
31.500000 0.001619
32.500000 0.001683
33.500000 0.001516
34.500000 0.001413
35.500000 0.001397
36.500000 0.001310
37.500000 0.001595
38.500000 0.001246
39.500000 0.001254
40.500000 0.001079
41.500000 0.001087
42.500000 0.001119
43.500000 0.001079
44.500000 0.001048
45.500000 0.001206
46.500000 0.001214
47.500000 0.001079
48.500000 0.001071
49.500000 0.001191
50.500000 0.001191
51.500000 0.001040
52.500000 0.001151
53.500000 0.001183
54.500000 0.001079
55.500000 0.000976
56.500000 0.001032
57.500000 0.001016
58.500000 0.000825
59.500000 0.000889
60.500000 0.000937
61.500000 0.001032
62.500000 0.000833
63.500000 0.000921
64.500000 0.000960
65.500000 0.001032
66.500000 0.000992
67.500000 0.001024
68.500000 0.000992
69.500000 0.001000
70.500000 0.001024
71.500000 0.000984
72.500000 0.000913
73.500000 0.001040
74.500000 0.000897
75.500000 0.000929
76.500000 0.001040
77.500000 0.001135
78.500000 0.000937
79.500000 0.000889
80.500000 0.000984
81.500000 0.001032
82.500000 0.000810
83.500000 0.000802
84.500000 0.000810
85.500000 0.001032
86.500000 0.000897
87.500000 0.000722
88.500000 0.000833
89.500000 0.000802
90.500000 0.000937
91.500000 0.000881
92.500000 0.000857
93.500000 0.000905
94.500000 0.000913
95.500000 0.000833
96.500000 0.000865
97.500000 0.000722
98.500000 0.000746
99.500000 0.000810
100.500000 0.000865
101.500000 0.000746
102.500000 0.000802
103.500000 0.000810
104.500000 0.000810
105.500000 0.000786
106.500000 0.000722
107.500000 0.000937
108.500000 0.000786
109.500000 0.000730
110.500000 0.000873
111.500000 0.000841
112.500000 0.000778
113.500000 0.000786
114.500000 0.000889
115.500000 0.000746
116.500000 0.000802
117.500000 0.000802
118.500000 0.000722
119.500000 0.000833
120.500000 0.000762
121.500000 0.000770
122.500000 0.000690
123.500000 0.000786
124.500000 0.000810
125.500000 0.000841
126.500000 0.000619
127.500000 0.000770
128.500000 0.000746
129.500000 0.000802
130.500000 0.000778
131.500000 0.000722
132.500000 0.000667
133.500000 0.000714
134.500000 0.000500
135.500000 0.000667
136.500000 0.000619
137.500000 0.000524
138.500000 0.000603
139.500000 0.000754
140.500000 0.000706
141.500000 0.000698
142.500000 0.000556
143.500000 0.000571
144.500000 0.000516
145.500000 0.000476
146.500000 0.000667
147.500000 0.000611
148.500000 0.000548
149.500000 0.000484
150.500000 0.000484
151.500000 0.000627
152.500000 0.000508
153.500000 0.000444
154.500000 0.000444
155.500000 0.000484
156.500000 0.000484
157.500000 0.000595
158.500000 0.000484
159.500000 0.000532
160.500000 0.000437
161.500000 0.000397
162.500000 0.000508
163.500000 0.000548
164.500000 0.000444
165.500000 0.000413
166.500000 0.000548
167.500000 0.000500
168.500000 0.000460
169.500000 0.000325
170.500000 0.000373
171.500000 0.000492
172.500000 0.000476
173.500000 0.000468
174.500000 0.000437
175.500000 0.000444
176.500000 0.000341
177.500000 0.000429
178.500000 0.000429
179.500000 0.000492
180.500000 0.000397
181.500000 0.000540
182.500000 0.000405
183.500000 0.000444
184.500000 0.000437
185.500000 0.000460
186.500000 0.000373
187.500000 0.000389
188.500000 0.000230
189.500000 0.000373
190.500000 0.000389
191.500000 0.000333
192.500000 0.000317
193.500000 0.000389
194.500000 0.000437
195.500000 0.000365
196.500000 0.000325
197.500000 0.000341
198.500000 0.000325
199.500000 0.000405
200.500000 0.000270
201.500000 0.000476
202.500000 0.000270
203.500000 0.000365
204.500000 0.000302
205.500000 0.000349
206.500000 0.000389
207.500000 0.000317
208.500000 0.000270
209.500000 0.000429
210.500000 0.000294
211.500000 0.000325
212.500000 0.000262
213.500000 0.000278
214.500000 0.000302
215.500000 0.000333
216.500000 0.000333
217.500000 0.000373
218.500000 0.000262
219.500000 0.000310
220.500000 0.000254
221.500000 0.000333
222.500000 0.000286
223.500000 0.000238
224.500000 0.000357
225.500000 0.000317
226.500000 0.000325
227.500000 0.000310
228.500000 0.000270
229.500000 0.000325
230.500000 0.000254
231.500000 0.000310
232.500000 0.000325
233.500000 0.000270
234.500000 0.000270
235.500000 0.000214
236.500000 0.000381
237.500000 0.000333
238.500000 0.000444
239.500000 0.000230
240.500000 0.000357
241.500000 0.000262
242.500000 0.000373
243.500000 0.000302
244.500000 0.000349
245.500000 0.000302
246.500000 0.000286
247.500000 0.000365
248.500000 0.000294
249.500000 0.000198
250.500000 0.000246
251.500000 0.000294
252.500000 0.000294
253.500000 0.000238
254.500000 0.000254
255.500000 0.000286
256.500000 0.000325
257.500000 0.000262
258.500000 0.000254
259.500000 0.000294
260.500000 0.000246
261.500000 0.000333
262.500000 0.000175
263.500000 0.000286
264.500000 0.000286
265.500000 0.000294
266.500000 0.000278
267.500000 0.000222
268.500000 0.000286
269.500000 0.000214
270.500000 0.000206
271.500000 0.000190
272.500000 0.000159
273.500000 0.000294
274.500000 0.000294
275.500000 0.000246
276.500000 0.000278
277.500000 0.000325
278.500000 0.000294
279.500000 0.000357
280.500000 0.000183
281.500000 0.000357
282.500000 0.000254
283.500000 0.000238
284.500000 0.000175
285.500000 0.000254
286.500000 0.000310
287.500000 0.000278
288.500000 0.000302
289.500000 0.000254
290.500000 0.000222
291.500000 0.000222
292.500000 0.000238
293.500000 0.000254
294.500000 0.000317
295.500000 0.000294
296.500000 0.000349
297.500000 0.000278
298.500000 0.000238
299.500000 0.000341
300.500000 0.000317
301.500000 0.000206
302.500000 0.000214
303.500000 0.000159
304.500000 0.000238
305.500000 0.000429
306.500000 0.000198
307.500000 0.000310
308.500000 0.000270
309.500000 0.000246
310.500000 0.000254
311.500000 0.000294
312.500000 0.000230
313.500000 0.000246
314.500000 0.000254
315.500000 0.000294
316.500000 0.000349
317.500000 0.000325
318.500000 0.000286
319.500000 0.000317
320.500000 0.000302
321.500000 0.000302
322.500000 0.000270
323.500000 0.000254
324.500000 0.000238
325.500000 0.000278
326.500000 0.000246
327.500000 0.000325
328.500000 0.000325
329.500000 0.000317
330.500000 0.000238
331.500000 0.000333
332.500000 0.000317
333.500000 0.000310
334.500000 0.000444
335.500000 0.000333
336.500000 0.000325
337.500000 0.000286
338.500000 0.000310
339.500000 0.000238
340.500000 0.000302
341.500000 0.000167
342.500000 0.000246
343.500000 0.000333
344.500000 0.000278
345.500000 0.000317
346.500000 0.000317
347.500000 0.000302
348.500000 0.000389
349.500000 0.000262
350.500000 0.000349
351.500000 0.000302
352.500000 0.000341
353.500000 0.000198
354.500000 0.000270
355.500000 0.000262
356.500000 0.000278
357.500000 0.000262
358.500000 0.000214
359.500000 0.000262
360.500000 0.000286
361.500000 0.000317
362.500000 0.000349
363.500000 0.000286
364.500000 0.000357
365.500000 0.000286
366.500000 0.000294
367.500000 0.000310
368.500000 0.000167
369.500000 0.000333
370.500000 0.000302
371.500000 0.000254
372.500000 0.000333
373.500000 0.000429
374.500000 0.000333
375.500000 0.000476
376.500000 0.000246
377.500000 0.000302
378.500000 0.000357
379.500000 0.000413
380.500000 0.000381
381.500000 0.000444
382.500000 0.000373
383.500000 0.000437
384.500000 0.000365
385.500000 0.000429
386.500000 0.000429
387.500000 0.000349
388.500000 0.000341
389.500000 0.000373
390.500000 0.000333
391.500000 0.000389
392.500000 0.000381
393.500000 0.000294
394.500000 0.000540
395.500000 0.000294
396.500000 0.000476
397.500000 0.000429
398.500000 0.000286
399.500000 0.000333
400.500000 0.000333
401.500000 0.000341
402.500000 0.000381
403.500000 0.000397
404.500000 0.000317
405.500000 0.000333
406.500000 0.000365
407.500000 0.000468
408.500000 0.000341
409.500000 0.000405
410.500000 0.000421
411.500000 0.000429
412.500000 0.000444
413.500000 0.000413
414.500000 0.000429
415.500000 0.000310
416.500000 0.000444
417.500000 0.000365
418.500000 0.000381
419.500000 0.000397
420.500000 0.000421
421.500000 0.000381
422.500000 0.000476
423.500000 0.000389
424.500000 0.000429
425.500000 0.000405
426.500000 0.000444
427.500000 0.000476
428.500000 0.000437
429.500000 0.000540
430.500000 0.000571
431.500000 0.000444
432.500000 0.000437
433.500000 0.000460
434.500000 0.000524
435.500000 0.000452
436.500000 0.000532
437.500000 0.000595
438.500000 0.000444
439.500000 0.000587
440.500000 0.000476
441.500000 0.000389
442.500000 0.000532
443.500000 0.000492
444.500000 0.000556
445.500000 0.000595
446.500000 0.000690
447.500000 0.000698
448.500000 0.000524
449.500000 0.000500
450.500000 0.000484
451.500000 0.000516
452.500000 0.000564
453.500000 0.000476
454.500000 0.000556
455.500000 0.000659
456.500000 0.000643
457.500000 0.000579
458.500000 0.000706
459.500000 0.000635
460.500000 0.000651
461.500000 0.000651
462.500000 0.000595
463.500000 0.000714
464.500000 0.000730
465.500000 0.000889
466.500000 0.000786
467.500000 0.000897
468.500000 0.000833
469.500000 0.000762
470.500000 0.000762
471.500000 0.000857
472.500000 0.000929
473.500000 0.000825
474.500000 0.000881
475.500000 0.000873
476.500000 0.000833
477.500000 0.000754
478.500000 0.000786
479.500000 0.000817
480.500000 0.000865
481.500000 0.000881
482.500000 0.000992
483.500000 0.000873
484.500000 0.000881
485.500000 0.000992
486.500000 0.000786
487.500000 0.001000
488.500000 0.001016
489.500000 0.000865
490.500000 0.001111
491.500000 0.001040
492.500000 0.001000
493.500000 0.001032
494.500000 0.000984
495.500000 0.001056
496.500000 0.000913
497.500000 0.000857
498.500000 0.000929
499.500000 0.001008
500.500000 0.000984
501.500000 0.000833
502.500000 0.000937
503.500000 0.001016
504.500000 0.000905
505.500000 0.000905
506.500000 0.000944
507.500000 0.001056
508.500000 0.000881
509.500000 0.000913
510.500000 0.000651
511.500000 0.000937
512.500000 0.000778
513.500000 0.000944
514.500000 0.000857
515.500000 0.000849
516.500000 0.000730
517.500000 0.000849
518.500000 0.000770
519.500000 0.000643
520.500000 0.000738
521.500000 0.000905
522.500000 0.000754
523.500000 0.000698
524.500000 0.000730
525.500000 0.000619
526.500000 0.000635
527.500000 0.000667
528.500000 0.000730
529.500000 0.000627
530.500000 0.000571
531.500000 0.000683
532.500000 0.000556
533.500000 0.000683
534.500000 0.000730
535.500000 0.000579
536.500000 0.000627
537.500000 0.000603
538.500000 0.000619
539.500000 0.000548
540.500000 0.000571
541.500000 0.000548
542.500000 0.000492
543.500000 0.000476
544.500000 0.000564
545.500000 0.000500
546.500000 0.000381
547.500000 0.000381
548.500000 0.000413
549.500000 0.000460
550.500000 0.000437
551.500000 0.000500
552.500000 0.000397
553.500000 0.000500
554.500000 0.000508
555.500000 0.000341
556.500000 0.000476
557.500000 0.000452
558.500000 0.000357
559.500000 0.000389
560.500000 0.000405
561.500000 0.000357
562.500000 0.000246
563.500000 0.000302
564.500000 0.000476
565.500000 0.000333
566.500000 0.000341
567.500000 0.000294
568.500000 0.000357
569.500000 0.000397
570.500000 0.000413
571.500000 0.000302
572.500000 0.000294
573.500000 0.000381
574.500000 0.000270
575.500000 0.000357
576.500000 0.000349
577.500000 0.000310
578.500000 0.000341
579.500000 0.000317
580.500000 0.000317
581.500000 0.000373
582.500000 0.000230
583.500000 0.000302
584.500000 0.000341
585.500000 0.000325
586.500000 0.000357
587.500000 0.000381
588.500000 0.000175
589.500000 0.000333
590.500000 0.000286
591.500000 0.000206
592.500000 0.000254
593.500000 0.000286
594.500000 0.000310
595.500000 0.000302
596.500000 0.000317
597.500000 0.000325
598.500000 0.000286
599.500000 0.000270
600.500000 0.000278
601.500000 0.000333
602.500000 0.000294
603.500000 0.000325
604.500000 0.000230
605.500000 0.000397
606.500000 0.000262
607.500000 0.000254
608.500000 0.000278
609.500000 0.000413
610.500000 0.000373
611.500000 0.000365
612.500000 0.000341
613.500000 0.000310
614.500000 0.000333
615.500000 0.000310
616.500000 0.000397
617.500000 0.000437
618.500000 0.000357
619.500000 0.000373
620.500000 0.000302
621.500000 0.000333
622.500000 0.000302
623.500000 0.000429
624.500000 0.000389
625.500000 0.000437
626.500000 0.000286
627.500000 0.000397
628.500000 0.000381
629.500000 0.000452
630.500000 0.000437
631.500000 0.000413
632.500000 0.000365
633.500000 0.000460
634.500000 0.000476
635.500000 0.000492
636.500000 0.000524
637.500000 0.000492
638.500000 0.000452
639.500000 0.000389
640.500000 0.000389
641.500000 0.000492
642.500000 0.000564
643.500000 0.000468
644.500000 0.000437
645.500000 0.000540
646.500000 0.000508
647.500000 0.000579
648.500000 0.000405
649.500000 0.000532
650.500000 0.000587
651.500000 0.000667
652.500000 0.000738
653.500000 0.000643
654.500000 0.000619
655.500000 0.000714
656.500000 0.000722
657.500000 0.000619
658.500000 0.000698
659.500000 0.000794
660.500000 0.000690
661.500000 0.000849
662.500000 0.000698
663.500000 0.000706
664.500000 0.000746
665.500000 0.000857
666.500000 0.001024
667.500000 0.000778
668.500000 0.000881
669.500000 0.000968
670.500000 0.001119
671.500000 0.001008
672.500000 0.001103
673.500000 0.001183
674.500000 0.001254
675.500000 0.001262
676.500000 0.001294
677.500000 0.001484
678.500000 0.001468
679.500000 0.001508
680.500000 0.001667
681.500000 0.001865
682.500000 0.001929
683.500000 0.001873
684.500000 0.001722
685.500000 0.001722
686.500000 0.002064
687.500000 0.002103
688.500000 0.002429
689.500000 0.002786
690.500000 0.002691
691.500000 0.002635
692.500000 0.002611
693.500000 0.002952
694.500000 0.003000
695.500000 0.003452
696.500000 0.003151
697.500000 0.002762
698.500000 0.003183
699.500000 0.002960
700.500000 0.002778
701.500000 0.003294
702.500000 0.003032
703.500000 0.003048
704.500000 0.002976
705.500000 0.002754
706.500000 0.002413
707.500000 0.002603
708.500000 0.002627
709.500000 0.002206
710.500000 0.002413
711.500000 0.002278
712.500000 0.001944
713.500000 0.001881
714.500000 0.001865
715.500000 0.001730
716.500000 0.001698
717.500000 0.001778
718.500000 0.001643
719.500000 0.001714
720.500000 0.001619
721.500000 0.001651
722.500000 0.001540
723.500000 0.001667
724.500000 0.001500
725.500000 0.001595
726.500000 0.001452
727.500000 0.001508
728.500000 0.001349
729.500000 0.001333
730.500000 0.001468
731.500000 0.001333
732.500000 0.001270
733.500000 0.001222
734.500000 0.001429
735.500000 0.001230
736.500000 0.001079
737.500000 0.001056
738.500000 0.001095
739.500000 0.001127
740.500000 0.000976
741.500000 0.001087
742.500000 0.001183
743.500000 0.001198
744.500000 0.001206
745.500000 0.001008
746.500000 0.001079
747.500000 0.000976
748.500000 0.001016
749.500000 0.001032
750.500000 0.001135
751.500000 0.001294
752.500000 0.001032
753.500000 0.001151
754.500000 0.001079
755.500000 0.001198
756.500000 0.001064
757.500000 0.001135
758.500000 0.000921
759.500000 0.000944
760.500000 0.001143
761.500000 0.001111
762.500000 0.001103
763.500000 0.000968
764.500000 0.001016
765.500000 0.001071
766.500000 0.001191
767.500000 0.001048
768.500000 0.001294
769.500000 0.001135
770.500000 0.001191
771.500000 0.000968
772.500000 0.001175
773.500000 0.001119
774.500000 0.000992
775.500000 0.001016
776.500000 0.001095
777.500000 0.001079
778.500000 0.001103
779.500000 0.001119
780.500000 0.001119
781.500000 0.001198
782.500000 0.001135
783.500000 0.001087
784.500000 0.000992
785.500000 0.001111
786.500000 0.001151
787.500000 0.001024
788.500000 0.001040
789.500000 0.001024
790.500000 0.001175
791.500000 0.001230
792.500000 0.001079
793.500000 0.001127
794.500000 0.001040
795.500000 0.001095
796.500000 0.001175
797.500000 0.001040
798.500000 0.001214
799.500000 0.001087
800.500000 0.001270
801.500000 0.001111
802.500000 0.001071
803.500000 0.001357
804.500000 0.001127
805.500000 0.001103
806.500000 0.001119
807.500000 0.001246
808.500000 0.001127
809.500000 0.001468
810.500000 0.001079
811.500000 0.001254
812.500000 0.001262
813.500000 0.001230
814.500000 0.001167
815.500000 0.001032
816.500000 0.001095
817.500000 0.000921
818.500000 0.001032
819.500000 0.001032
820.500000 0.001167
821.500000 0.000857
822.500000 0.001040
823.500000 0.001024
824.500000 0.001071
825.500000 0.001024
826.500000 0.001135
827.500000 0.000960
828.500000 0.001008
829.500000 0.001095
830.500000 0.000841
831.500000 0.001040
832.500000 0.000897
833.500000 0.001032
834.500000 0.000802
835.500000 0.000944
836.500000 0.000913
837.500000 0.000754
838.500000 0.000810
839.500000 0.000865
840.500000 0.000841
841.500000 0.000921
842.500000 0.000889
843.500000 0.000929
844.500000 0.000714
845.500000 0.000841
846.500000 0.000865
847.500000 0.000865
848.500000 0.000833
849.500000 0.000794
850.500000 0.000611
851.500000 0.000651
852.500000 0.000722
853.500000 0.000897
854.500000 0.000714
855.500000 0.000564
856.500000 0.000587
857.500000 0.000730
858.500000 0.000698
859.500000 0.000786
860.500000 0.000579
861.500000 0.000579
862.500000 0.000651
863.500000 0.000635
864.500000 0.000635
865.500000 0.000643
866.500000 0.000635
867.500000 0.000619
868.500000 0.000587
869.500000 0.000627
870.500000 0.000675
871.500000 0.000571
872.500000 0.000643
873.500000 0.000730
874.500000 0.000635
875.500000 0.000540
876.500000 0.000635
877.500000 0.000619
878.500000 0.000587
879.500000 0.000500
880.500000 0.000468
881.500000 0.000532
882.500000 0.000754
883.500000 0.000556
884.500000 0.000532
885.500000 0.000444
886.500000 0.000508
887.500000 0.000587
888.500000 0.000484
889.500000 0.000548
890.500000 0.000516
891.500000 0.000452
892.500000 0.000452
893.500000 0.000508
894.500000 0.000548
895.500000 0.000508
896.500000 0.000500
897.500000 0.000564
898.500000 0.000381
899.500000 0.000500
900.500000 0.000452
901.500000 0.000492
902.500000 0.000460
903.500000 0.000421
904.500000 0.000365
905.500000 0.000484
906.500000 0.000508
907.500000 0.000627
908.500000 0.000698
909.500000 0.000468
910.500000 0.000421
911.500000 0.000524
912.500000 0.000500
913.500000 0.000460
914.500000 0.000500
915.500000 0.000476
916.500000 0.000444
917.500000 0.000460
918.500000 0.000500
919.500000 0.000571
920.500000 0.000619
921.500000 0.000619
922.500000 0.000524
923.500000 0.000548
924.500000 0.000444
925.500000 0.000373
926.500000 0.000564
927.500000 0.000571
928.500000 0.000500
929.500000 0.000611
930.500000 0.000619
931.500000 0.000540
932.500000 0.000548
933.500000 0.000492
934.500000 0.000524
935.500000 0.000452
936.500000 0.000524
937.500000 0.000444
938.500000 0.000556
939.500000 0.000476
940.500000 0.000548
941.500000 0.000484
942.500000 0.000603
943.500000 0.000492
944.500000 0.000468
945.500000 0.000603
946.500000 0.000492
947.500000 0.000484
948.500000 0.000476
949.500000 0.000643
950.500000 0.000540
951.500000 0.000571
952.500000 0.000635
953.500000 0.000643
954.500000 0.000500
955.500000 0.000627
956.500000 0.000698
957.500000 0.000595
958.500000 0.000667
959.500000 0.000540
960.500000 0.000690
961.500000 0.000754
962.500000 0.000706
963.500000 0.000897
964.500000 0.000817
965.500000 0.000675
966.500000 0.000794
967.500000 0.000754
968.500000 0.000841
969.500000 0.000746
970.500000 0.000817
971.500000 0.000690
972.500000 0.000849
973.500000 0.000881
974.500000 0.000849
975.500000 0.000754
976.500000 0.000897
977.500000 0.000786
978.500000 0.000976
979.500000 0.000817
980.500000 0.000794
981.500000 0.000841
982.500000 0.000905
983.500000 0.000960
984.500000 0.000905
985.500000 0.001032
986.500000 0.000929
987.500000 0.000960
988.500000 0.000944
989.500000 0.000937
990.500000 0.000857
991.500000 0.000857
992.500000 0.000929
993.500000 0.000937
994.500000 0.001048
995.500000 0.000897
996.500000 0.000976
997.500000 0.000952
998.500000 0.001111
999.500000 0.000921
1000.500000 0.001095
1001.500000 0.001032
1002.500000 0.001175
1003.500000 0.001135
1004.500000 0.001159
1005.500000 0.000897
1006.500000 0.001087
1007.500000 0.001087
1008.500000 0.000944
1009.500000 0.001016
1010.500000 0.000976
1011.500000 0.001008
1012.500000 0.001032
1013.500000 0.001095
1014.500000 0.001024
1015.500000 0.001119
1016.500000 0.000944
1017.500000 0.001056
1018.500000 0.001087
1019.500000 0.000937
1020.500000 0.001135
1021.500000 0.000976
1022.500000 0.000881
1023.500000 0.000937
1024.500000 0.001175
1025.500000 0.001159
1026.500000 0.000960
1027.500000 0.000873
1028.500000 0.000825
1029.500000 0.000817
1030.500000 0.000881
1031.500000 0.000698
1032.500000 0.000960
1033.500000 0.000960
1034.500000 0.000873
1035.500000 0.001000
1036.500000 0.000881
1037.500000 0.000889
1038.500000 0.000865
1039.500000 0.000817
1040.500000 0.000897
1041.500000 0.000960
1042.500000 0.000825
1043.500000 0.000802
1044.500000 0.000905
1045.500000 0.000762
1046.500000 0.000643
1047.500000 0.000714
1048.500000 0.000690
1049.500000 0.000746
1050.500000 0.000714
1051.500000 0.000595
1052.500000 0.000675
1053.500000 0.000564
1054.500000 0.000722
1055.500000 0.000746
1056.500000 0.000643
1057.500000 0.000611
1058.500000 0.000722
1059.500000 0.000571
1060.500000 0.000698
1061.500000 0.000675
1062.500000 0.000611
1063.500000 0.000548
1064.500000 0.000651
1065.500000 0.000476
1066.500000 0.000722
1067.500000 0.000714
1068.500000 0.000564
1069.500000 0.000484
1070.500000 0.000714
1071.500000 0.000619
1072.500000 0.000579
1073.500000 0.000690
1074.500000 0.000675
1075.500000 0.000635
1076.500000 0.000611
1077.500000 0.000508
1078.500000 0.000452
1079.500000 0.000413
1080.500000 0.000548
1081.500000 0.000595
1082.500000 0.000476
1083.500000 0.000492
1084.500000 0.000476
1085.500000 0.000460
1086.500000 0.000524
1087.500000 0.000500
1088.500000 0.000571
1089.500000 0.000460
1090.500000 0.000548
1091.500000 0.000405
1092.500000 0.000444
1093.500000 0.000508
1094.500000 0.000468
1095.500000 0.000437
1096.500000 0.000532
1097.500000 0.000556
1098.500000 0.000452
1099.500000 0.000500
1100.500000 0.000421
1101.500000 0.000373
1102.500000 0.000484
1103.500000 0.000564
1104.500000 0.000484
1105.500000 0.000524
1106.500000 0.000571
1107.500000 0.000556
1108.500000 0.000587
1109.500000 0.000476
1110.500000 0.000452
1111.500000 0.000444
1112.500000 0.000548
1113.500000 0.000413
1114.500000 0.000627
1115.500000 0.000627
1116.500000 0.000484
1117.500000 0.000516
1118.500000 0.000444
1119.500000 0.000659
1120.500000 0.000437
1121.500000 0.000460
1122.500000 0.000619
1123.500000 0.000548
1124.500000 0.000571
1125.500000 0.000564
1126.500000 0.000579
1127.500000 0.000587
1128.500000 0.000579
1129.500000 0.000603
1130.500000 0.000556
1131.500000 0.000564
1132.500000 0.000571
1133.500000 0.000556
1134.500000 0.000587
1135.500000 0.000714
1136.500000 0.000524
1137.500000 0.000579
1138.500000 0.000683
1139.500000 0.000706
1140.500000 0.000730
1141.500000 0.000675
1142.500000 0.000714
1143.500000 0.000667
1144.500000 0.000667
1145.500000 0.000770
1146.500000 0.000897
1147.500000 0.000762
1148.500000 0.000762
1149.500000 0.000794
1150.500000 0.000929
1151.500000 0.001000
1152.500000 0.000905
1153.500000 0.000841
1154.500000 0.000937
1155.500000 0.001191
1156.500000 0.001056
1157.500000 0.001095
1158.500000 0.001079
1159.500000 0.000849
1160.500000 0.000984
1161.500000 0.001175
1162.500000 0.001079
1163.500000 0.001198
1164.500000 0.001325
1165.500000 0.001405
1166.500000 0.001397
1167.500000 0.001587
1168.500000 0.001730
1169.500000 0.001587
1170.500000 0.001635
1171.500000 0.001548
1172.500000 0.001651
1173.500000 0.001841
1174.500000 0.001762
1175.500000 0.001897
1176.500000 0.002127
1177.500000 0.001865
1178.500000 0.002095
1179.500000 0.002071
1180.500000 0.002270
1181.500000 0.002770
1182.500000 0.002865
1183.500000 0.002722
1184.500000 0.002698
1185.500000 0.002722
1186.500000 0.003072
1187.500000 0.002897
1188.500000 0.003405
1189.500000 0.003564
1190.500000 0.003381
1191.500000 0.003603
1192.500000 0.003675
1193.500000 0.004016
1194.500000 0.003683
1195.500000 0.004000
1196.500000 0.003825
1197.500000 0.003643
1198.500000 0.003873
1199.500000 0.003762
