0.000000 0.008180
1.000834 0.009468
2.001668 0.010387
3.002502 0.010823
4.003336 0.010733
5.004170 0.010158
6.005004 0.009202
7.005838 0.008010
8.006672 0.006732
9.007506 0.005497
10.008340 0.004395
11.009174 0.003473
12.010008 0.002740
13.010842 0.002181
14.011676 0.001765
15.012510 0.001459
16.013344 0.001232
17.014178 0.001061
18.015013 0.000928
19.015847 0.000821
20.016681 0.000731
21.017515 0.000655
22.018349 0.000589
23.019183 0.000532
24.020017 0.000483
25.020851 0.000443
26.021685 0.000411
27.022519 0.000387
28.023353 0.000370
29.024187 0.000359
30.025021 0.000353
31.025855 0.000351
32.026689 0.000353
33.027523 0.000356
34.028357 0.000360
35.029191 0.000364
36.030025 0.000367
37.030859 0.000368
38.031693 0.000368
39.032527 0.000365
40.033361 0.000361
41.034195 0.000356
42.035029 0.000350
43.035863 0.000344
44.036697 0.000339
45.037531 0.000335
46.038365 0.000334
47.039199 0.000336
48.040033 0.000341
49.040867 0.000350
50.041701 0.000361
51.042535 0.000375
52.043369 0.000389
53.044204 0.000404
54.045038 0.000419
55.045872 0.000433
56.046706 0.000447
57.047540 0.000461
58.048374 0.000476
59.049208 0.000493
60.050042 0.000511
61.050876 0.000531
62.051710 0.000552
63.052544 0.000576
64.053378 0.000600
65.054212 0.000625
66.055046 0.000649
67.055880 0.000673
68.056714 0.000695
69.057548 0.000716
70.058382 0.000734
71.059216 0.000751
72.060050 0.000766
73.060884 0.000780
74.061718 0.000792
75.062552 0.000804
76.063386 0.000816
77.064220 0.000830
78.065054 0.000845
79.065888 0.000863
80.066722 0.000881
81.067556 0.000899
82.068390 0.000915
83.069224 0.000927
84.070058 0.000937
85.070892 0.000946
86.071726 0.000957
87.072560 0.000973
88.073394 0.000997
89.074229 0.001032
90.075063 0.001077
91.075897 0.001133
92.076731 0.001199
93.077565 0.001270
94.078399 0.001343
95.079233 0.001415
96.080067 0.001480
97.080901 0.001535
98.081735 0.001576
99.082569 0.001600
100.083403 0.001606
101.084237 0.001594
102.085071 0.001564
103.085905 0.001517
104.086739 0.001457
105.087573 0.001385
106.088407 0.001305
107.089241 0.001221
108.090075 0.001133
109.090909 0.001046
110.091743 0.000960
111.092577 0.000877
112.093411 0.000799
113.094245 0.000728
114.095079 0.000664
115.095913 0.000610
116.096747 0.000564
117.097581 0.000527
118.098415 0.000498
119.099249 0.000474
120.100083 0.000454
121.100917 0.000438
122.101751 0.000423
123.102585 0.000410
124.103420 0.000398
125.104254 0.000385
126.105088 0.000374
127.105922 0.000362
128.106756 0.000350
129.107590 0.000338
130.108424 0.000326
131.109258 0.000314
132.110092 0.000302
133.110926 0.000291
134.111760 0.000282
135.112594 0.000274
136.113428 0.000269
137.114262 0.000265
138.115096 0.000262
139.115930 0.000258
140.116764 0.000255
141.117598 0.000250
142.118432 0.000243
143.119266 0.000236
144.120100 0.000228
145.120934 0.000221
146.121768 0.000214
147.122602 0.000209
148.123436 0.000206
149.124270 0.000205
150.125104 0.000207
151.125938 0.000211
152.126772 0.000217
153.127606 0.000224
154.128440 0.000232
155.129274 0.000242
156.130108 0.000252
157.130942 0.000264
158.131776 0.000275
159.132611 0.000288
160.133445 0.000299
161.134279 0.000310
162.135113 0.000320
163.135947 0.000329
164.136781 0.000336
165.137615 0.000342
166.138449 0.000348
167.139283 0.000355
168.140117 0.000362
169.140951 0.000369
170.141785 0.000377
171.142619 0.000385
172.143453 0.000393
173.144287 0.000400
174.145121 0.000407
175.145955 0.000415
176.146789 0.000424
177.147623 0.000436
178.148457 0.000451
179.149291 0.000468
180.150125 0.000487
181.150959 0.000509
182.151793 0.000531
183.152627 0.000554
184.153461 0.000577
185.154295 0.000601
186.155129 0.000623
187.155963 0.000644
188.156797 0.000661
189.157631 0.000673
190.158465 0.000679
191.159299 0.000679
192.160133 0.000675
193.160967 0.000668
194.161802 0.000661
195.162636 0.000656
196.163470 0.000653
197.164304 0.000653
198.165138 0.000656
199.165972 0.000660
200.166806 0.000665
201.167640 0.000669
202.168474 0.000674
203.169308 0.000678
204.170142 0.000683
205.170976 0.000689
206.171810 0.000696
207.172644 0.000702
208.173478 0.000707
209.174312 0.000709
210.175146 0.000709
211.175980 0.000705
212.176814 0.000698
213.177648 0.000689
214.178482 0.000679
215.179316 0.000669
216.180150 0.000658
217.180984 0.000646
218.181818 0.000633
219.182652 0.000618
220.183486 0.000601
221.184320 0.000582
222.185154 0.000562
223.185988 0.000541
224.186822 0.000522
225.187656 0.000504
226.188490 0.000489
227.189324 0.000476
228.190158 0.000467
229.190992 0.000459
230.191827 0.000453
231.192661 0.000447
232.193495 0.000442
233.194329 0.000437
234.195163 0.000432
235.195997 0.000428
236.196831 0.000425
237.197665 0.000423
238.198499 0.000420
239.199333 0.000417
240.200167 0.000412
241.201001 0.000404
242.201835 0.000395
243.202669 0.000383
244.203503 0.000370
245.204337 0.000357
246.205171 0.000346
247.206005 0.000338
248.206839 0.000332
249.207673 0.000330
250.208507 0.000330
251.209341 0.000330
252.210175 0.000330
253.211009 0.000329
254.211843 0.000327
255.212677 0.000324
256.213511 0.000320
257.214345 0.000318
258.215179 0.000319
259.216013 0.000323
260.216847 0.000330
261.217681 0.000341
262.218515 0.000354
263.219349 0.000369
264.220183 0.000384
265.221018 0.000399
266.221852 0.000414
267.222686 0.000427
268.223520 0.000441
269.224354 0.000454
270.225188 0.000469
271.226022 0.000485
272.226856 0.000502
273.227690 0.000517
274.228524 0.000529
275.229358 0.000534
276.230192 0.000532
277.231026 0.000521
278.231860 0.000504
279.232694 0.000481
280.233528 0.000456
281.234362 0.000431
282.235196 0.000409
283.236030 0.000391
284.236864 0.000379
285.237698 0.000372
286.238532 0.000370
287.239366 0.000370
288.240200 0.000371
289.241034 0.000372
290.241868 0.000369
291.242702 0.000364
292.243536 0.000355
293.244370 0.000344
294.245204 0.000330
295.246038 0.000316
296.246872 0.000302
297.247706 0.000289
298.248540 0.000277
299.249374 0.000267
300.250209 0.000259
301.251043 0.000252
302.251877 0.000248
303.252711 0.000245
304.253545 0.000243
305.254379 0.000241
306.255213 0.000239
307.256047 0.000237
308.256881 0.000233
309.257715 0.000229
310.258549 0.000223
311.259383 0.000217
312.260217 0.000211
313.261051 0.000206
314.261885 0.000201
315.262719 0.000198
316.263553 0.000195
317.264387 0.000194
318.265221 0.000194
319.266055 0.000196
320.266889 0.000198
321.267723 0.000201
322.268557 0.000204
323.269391 0.000206
324.270225 0.000208
325.271059 0.000209
326.271893 0.000209
327.272727 0.000208
328.273561 0.000206
329.274395 0.000205
330.275229 0.000205
331.276063 0.000206
332.276897 0.000208
333.277731 0.000211
334.278565 0.000215
335.279399 0.000218
336.280234 0.000221
337.281068 0.000222
338.281902 0.000222
339.282736 0.000220
340.283570 0.000218
341.284404 0.000215
342.285238 0.000212
343.286072 0.000209
344.286906 0.000207
345.287740 0.000205
346.288574 0.000204
347.289408 0.000204
348.290242 0.000204
349.291076 0.000205
350.291910 0.000206
351.292744 0.000207
352.293578 0.000208
353.294412 0.000209
354.295246 0.000208
355.296080 0.000208
356.296914 0.000206
357.297748 0.000205
358.298582 0.000204
359.299416 0.000203
360.300250 0.000202
361.301084 0.000201
362.301918 0.000200
363.302752 0.000199
364.303586 0.000198
365.304420 0.000197
366.305254 0.000197
367.306088 0.000197
368.306922 0.000198
369.307756 0.000200
370.308590 0.000202
371.309425 0.000205
372.310259 0.000206
373.311093 0.000208
374.311927 0.000208
375.312761 0.000209
376.313595 0.000209
377.314429 0.000208
378.315263 0.000207
379.316097 0.000206
380.316931 0.000204
381.317765 0.000202
382.318599 0.000201
383.319433 0.000199
384.320267 0.000198
385.321101 0.000197
386.321935 0.000196
387.322769 0.000195
388.323603 0.000195
389.324437 0.000195
390.325271 0.000197
391.326105 0.000200
392.326939 0.000204
393.327773 0.000209
394.328607 0.000213
395.329441 0.000217
396.330275 0.000219
397.331109 0.000220
398.331943 0.000219
399.332777 0.000218
400.333611 0.000217
401.334445 0.000215
402.335279 0.000215
403.336113 0.000215
404.336947 0.000216
405.337781 0.000218
406.338616 0.000219
407.339450 0.000220
408.340284 0.000221
409.341118 0.000221
410.341952 0.000220
411.342786 0.000218
412.343620 0.000215
413.344454 0.000213
414.345288 0.000211
415.346122 0.000210
416.346956 0.000210
417.347790 0.000212
418.348624 0.000214
419.349458 0.000218
420.350292 0.000223
421.351126 0.000229
422.351960 0.000234
423.352794 0.000240
424.353628 0.000246
425.354462 0.000251
426.355296 0.000255
427.356130 0.000258
428.356964 0.000260
429.357798 0.000259
430.358632 0.000258
431.359466 0.000256
432.360300 0.000255
433.361134 0.000255
434.361968 0.000256
435.362802 0.000259
436.363636 0.000263
437.364470 0.000269
438.365304 0.000275
439.366138 0.000281
440.366972 0.000288
441.367807 0.000295
442.368641 0.000303
443.369475 0.000311
444.370309 0.000321
445.371143 0.000333
446.371977 0.000346
447.372811 0.000360
448.373645 0.000375
449.374479 0.000390
450.375313 0.000405
451.376147 0.000419
452.376981 0.000431
453.377815 0.000443
454.378649 0.000454
455.379483 0.000464
456.380317 0.000474
457.381151 0.000484
458.381985 0.000496
459.382819 0.000508
460.383653 0.000522
461.384487 0.000538
462.385321 0.000557
463.386155 0.000580
464.386989 0.000606
465.387823 0.000636
466.388657 0.000668
467.389491 0.000703
468.390325 0.000739
469.391159 0.000778
470.391993 0.000821
471.392827 0.000868
472.393661 0.000922
473.394495 0.000985
474.395329 0.001060
475.396163 0.001149
476.396997 0.001255
477.397832 0.001385
478.398666 0.001546
479.399500 0.001749
480.400334 0.002009
481.401168 0.002342
482.402002 0.002766
483.402836 0.003296
484.403670 0.003941
485.404504 0.004701
486.405338 0.005557
487.406172 0.006471
488.407006 0.007383
489.407840 0.008217
490.408674 0.008890
491.409508 0.009330
492.410342 0.009485
493.411176 0.009338
494.412010 0.008909
495.412844 0.008247
496.413678 0.007422
497.414512 0.006508
498.415346 0.005573
499.416180 0.004672
500.417014 0.003844
501.417848 0.003111
502.418682 0.002486
503.419516 0.001970
504.420350 0.001556
505.421184 0.001237
506.422018 0.000998
507.422852 0.000824
508.423686 0.000701
509.424520 0.000615
510.425354 0.000553
511.426188 0.000506
512.427023 0.000468
513.427857 0.000432
514.428691 0.000398
515.429525 0.000365
516.430359 0.000333
517.431193 0.000302
518.432027 0.000274
519.432861 0.000249
520.433695 0.000226
521.434529 0.000207
522.435363 0.000191
523.436197 0.000178
524.437031 0.000168
525.437865 0.000159
526.438699 0.000152
527.439533 0.000147
528.440367 0.000142
529.441201 0.000139
530.442035 0.000136
531.442869 0.000135
532.443703 0.000134
533.444537 0.000134
534.445371 0.000134
535.446205 0.000134
536.447039 0.000135
537.447873 0.000136
538.448707 0.000137
539.449541 0.000139
540.450375 0.000141
541.451209 0.000143
542.452043 0.000144
543.452877 0.000144
544.453711 0.000141
545.454545 0.000137
546.455379 0.000131
547.456214 0.000124
548.457048 0.000117
549.457882 0.000109
550.458716 0.000103
551.459550 0.000098
552.460384 0.000094
553.461218 0.000092
554.462052 0.000091
555.462886 0.000090
556.463720 0.000090
557.464554 0.000090
558.465388 0.000089
559.466222 0.000089
560.467056 0.000088
561.467890 0.000087
562.468724 0.000086
563.469558 0.000084
564.470392 0.000081
565.471226 0.000078
566.472060 0.000076
567.472894 0.000073
568.473728 0.000071
569.474562 0.000069
570.475396 0.000068
571.476230 0.000067
572.477064 0.000066
573.477898 0.000065
574.478732 0.000064
575.479566 0.000064
576.480400 0.000064
577.481234 0.000064
578.482068 0.000064
579.482902 0.000063
580.483736 0.000063
581.484570 0.000062
582.485405 0.000061
583.486239 0.000059
584.487073 0.000058
585.487907 0.000057
586.488741 0.000055
587.489575 0.000053
588.490409 0.000052
589.491243 0.000050
590.492077 0.000049
591.492911 0.000048
592.493745 0.000047
593.494579 0.000046
594.495413 0.000046
595.496247 0.000046
596.497081 0.000045
597.497915 0.000045
598.498749 0.000044
599.499583 0.000044
600.500417 0.000043
601.501251 0.000043
602.502085 0.000043
603.502919 0.000044
604.503753 0.000045
605.504587 0.000046
606.505421 0.000048
607.506255 0.000049
608.507089 0.000051
609.507923 0.000051
610.508757 0.000052
611.509591 0.000051
612.510425 0.000051
613.511259 0.000051
614.512093 0.000050
615.512927 0.000049
616.513761 0.000048
617.514595 0.000047
618.515430 0.000045
619.516264 0.000043
620.517098 0.000041
621.517932 0.000039
622.518766 0.000038
623.519600 0.000037
624.520434 0.000037
625.521268 0.000038
626.522102 0.000039
627.522936 0.000040
628.523770 0.000041
629.524604 0.000042
630.525438 0.000042
631.526272 0.000042
632.527106 0.000041
633.527940 0.000041
634.528774 0.000040
635.529608 0.000040
636.530442 0.000041
637.531276 0.000043
638.532110 0.000044
639.532944 0.000046
640.533778 0.000047
641.534612 0.000048
642.535446 0.000047
643.536280 0.000046
644.537114 0.000045
645.537948 0.000043
646.538782 0.000042
647.539616 0.000041
648.540450 0.000040
649.541284 0.000039
650.542118 0.000039
651.542952 0.000039
652.543786 0.000039
653.544621 0.000041
654.545455 0.000043
655.546289 0.000046
656.547123 0.000050
657.547957 0.000055
658.548791 0.000059
659.549625 0.000062
660.550459 0.000066
661.551293 0.000068
662.552127 0.000070
663.552961 0.000073
664.553795 0.000076
665.554629 0.000080
666.555463 0.000086
667.556297 0.000094
668.557131 0.000103
669.557965 0.000114
670.558799 0.000127
671.559633 0.000141
672.560467 0.000157
673.561301 0.000174
674.562135 0.000193
675.562969 0.000215
676.563803 0.000240
677.564637 0.000271
678.565471 0.000308
679.566305 0.000352
680.567139 0.000403
681.567973 0.000460
682.568807 0.000523
683.569641 0.000592
684.570475 0.000669
685.571309 0.000759
686.572143 0.000871
687.572977 0.001018
688.573812 0.001219
689.574646 0.001497
690.575480 0.001882
691.576314 0.002409
692.577148 0.003110
693.577982 0.004012
694.578816 0.005122
695.579650 0.006415
696.580484 0.007827
697.581318 0.009253
698.582152 0.010553
699.582986 0.011578
700.583820 0.012195
701.584654 0.012320
702.585488 0.011933
703.586322 0.011091
704.587156 0.009910
705.587990 0.008537
706.588824 0.007127
707.589658 0.005806
708.590492 0.004660
709.591326 0.003730
710.592160 0.003017
711.592994 0.002494
712.593828 0.002123
713.594662 0.001861
714.595496 0.001671
715.596330 0.001525
716.597164 0.001405
717.597998 0.001299
718.598832 0.001204
719.599666 0.001119
720.600500 0.001046
721.601334 0.000987
722.602168 0.000941
723.603003 0.000908
724.603837 0.000885
725.604671 0.000869
726.605505 0.000856
727.606339 0.000842
728.607173 0.000827
729.608007 0.000807
730.608841 0.000785
731.609675 0.000758
732.610509 0.000730
733.611343 0.000702
734.612177 0.000675
735.613011 0.000652
736.613845 0.000633
737.614679 0.000619
738.615513 0.000609
739.616347 0.000603
740.617181 0.000598
741.618015 0.000594
742.618849 0.000590
743.619683 0.000588
744.620517 0.000586
745.621351 0.000587
746.622185 0.000590
747.623019 0.000596
748.623853 0.000605
749.624687 0.000614
750.625521 0.000624
751.626355 0.000633
752.627189 0.000640
753.628023 0.000647
754.628857 0.000653
755.629691 0.000660
756.630525 0.000669
757.631359 0.000681
758.632193 0.000696
759.633028 0.000713
760.633862 0.000731
761.634696 0.000749
762.635530 0.000767
763.636364 0.000784
764.637198 0.000803
765.638032 0.000823
766.638866 0.000845
767.639700 0.000869
768.640534 0.000896
769.641368 0.000927
770.642202 0.000962
771.643036 0.001003
772.643870 0.001054
773.644704 0.001116
774.645538 0.001192
775.646372 0.001282
776.647206 0.001387
777.648040 0.001504
778.648874 0.001629
779.649708 0.001759
780.650542 0.001889
781.651376 0.002013
782.652210 0.002127
783.653044 0.002228
784.653878 0.002315
785.654712 0.002387
786.655546 0.002447
787.656380 0.002499
788.657214 0.002545
789.658048 0.002586
790.658882 0.002621
791.659716 0.002646
792.660550 0.002658
793.661384 0.002652
794.662219 0.002627
795.663053 0.002579
796.663887 0.002510
797.664721 0.002420
798.665555 0.002309
799.666389 0.002179
800.667223 0.002032
801.668057 0.001872
802.668891 0.001702
803.669725 0.001529
804.670559 0.001358
805.671393 0.001195
806.672227 0.001046
807.673061 0.000914
808.673895 0.000800
809.674729 0.000704
810.675563 0.000626
811.676397 0.000563
812.677231 0.000513
813.678065 0.000472
814.678899 0.000440
815.679733 0.000414
816.680567 0.000393
817.681401 0.000375
818.682235 0.000361
819.683069 0.000348
820.683903 0.000338
821.684737 0.000328
822.685571 0.000319
823.686405 0.000311
824.687239 0.000303
825.688073 0.000294
826.688907 0.000284
827.689741 0.000273
828.690575 0.000262
829.691410 0.000251
830.692244 0.000241
831.693078 0.000233
832.693912 0.000226
833.694746 0.000222
834.695580 0.000219
835.696414 0.000217
836.697248 0.000217
837.698082 0.000216
838.698916 0.000216
839.699750 0.000215
840.700584 0.000213
841.701418 0.000210
842.702252 0.000207
843.703086 0.000204
844.703920 0.000200
845.704754 0.000197
846.705588 0.000194
847.706422 0.000193
848.707256 0.000191
849.708090 0.000190
850.708924 0.000190
851.709758 0.000189
852.710592 0.000188
853.711426 0.000187
854.712260 0.000185
855.713094 0.000182
856.713928 0.000178
857.714762 0.000175
858.715596 0.000172
859.716430 0.000170
860.717264 0.000168
861.718098 0.000168
862.718932 0.000167
863.719766 0.000167
864.720601 0.000166
865.721435 0.000163
866.722269 0.000159
867.723103 0.000154
868.723937 0.000149
869.724771 0.000145
870.725605 0.000143
871.726439 0.000144
872.727273 0.000148
873.728107 0.000154
874.728941 0.000162
875.729775 0.000170
876.730609 0.000177
877.731443 0.000181
878.732277 0.000182
879.733111 0.000181
880.733945 0.000177
881.734779 0.000173
882.735613 0.000168
883.736447 0.000164
884.737281 0.000161
885.738115 0.000160
886.738949 0.000159
887.739783 0.000160
888.740617 0.000161
889.741451 0.000162
890.742285 0.000163
891.743119 0.000165
892.743953 0.000168
893.744787 0.000171
894.745621 0.000175
895.746455 0.000180
896.747289 0.000186
897.748123 0.000192
898.748957 0.000197
899.749791 0.000201
900.750626 0.000204
901.751460 0.000205
902.752294 0.000206
903.753128 0.000206
904.753962 0.000207
905.754796 0.000209
906.755630 0.000212
907.756464 0.000217
908.757298 0.000224
909.758132 0.000233
910.758966 0.000245
911.759800 0.000259
912.760634 0.000276
913.761468 0.000294
914.762302 0.000313
915.763136 0.000330
916.763970 0.000344
917.764804 0.000354
918.765638 0.000359
919.766472 0.000360
920.767306 0.000358
921.768140 0.000355
922.768974 0.000353
923.769808 0.000353
924.770642 0.000355
925.771476 0.000360
926.772310 0.000368
927.773144 0.000377
928.773978 0.000388
929.774812 0.000398
930.775646 0.000408
931.776480 0.000417
932.777314 0.000422
933.778148 0.000426
934.778982 0.000427
935.779817 0.000426
936.780651 0.000425
937.781485 0.000424
938.782319 0.000423
939.783153 0.000423
940.783987 0.000423
941.784821 0.000421
942.785655 0.000418
943.786489 0.000413
944.787323 0.000405
945.788157 0.000396
946.788991 0.000386
947.789825 0.000375
948.790659 0.000366
949.791493 0.000359
950.792327 0.000354
951.793161 0.000353
952.793995 0.000353
953.794829 0.000356
954.795663 0.000358
955.796497 0.000361
956.797331 0.000362
957.798165 0.000362
958.798999 0.000360
959.799833 0.000357
960.800667 0.000354
961.801501 0.000351
962.802335 0.000351
963.803169 0.000353
964.804003 0.000358
965.804837 0.000366
966.805671 0.000377
967.806505 0.000390
968.807339 0.000404
969.808173 0.000418
970.809008 0.000432
971.809842 0.000444
972.810676 0.000456
973.811510 0.000467
974.812344 0.000478
975.813178 0.000489
976.814012 0.000501
977.814846 0.000514
978.815680 0.000529
979.816514 0.000546
980.817348 0.000565
981.818182 0.000588
982.819016 0.000613
983.819850 0.000639
984.820684 0.000666
985.821518 0.000691
986.822352 0.000715
987.823186 0.000734
988.824020 0.000749
989.824854 0.000759
990.825688 0.000763
991.826522 0.000758
992.827356 0.000743
993.828190 0.000718
994.829024 0.000683
995.829858 0.000641
996.830692 0.000597
997.831526 0.000555
998.832360 0.000521
999.833194 0.000496
1000.834028 0.000483
1001.834862 0.000482
1002.835696 0.000489
1003.836530 0.000502
1004.837364 0.000519
1005.838198 0.000535
1006.839033 0.000549
1007.839867 0.000558
1008.840701 0.000561
1009.841535 0.000557
1010.842369 0.000547
1011.843203 0.000533
1012.844037 0.000517
1013.844871 0.000501
1014.845705 0.000486
1015.846539 0.000474
1016.847373 0.000464
1017.848207 0.000456
1018.849041 0.000447
1019.849875 0.000437
1020.850709 0.000426
1021.851543 0.000413
1022.852377 0.000400
1023.853211 0.000387
1024.854045 0.000374
1025.854879 0.000362
1026.855713 0.000349
1027.856547 0.000334
1028.857381 0.000318
1029.858215 0.000301
1030.859049 0.000282
1031.859883 0.000264
1032.860717 0.000246
1033.861551 0.000229
1034.862385 0.000213
1035.863219 0.000200
1036.864053 0.000188
1037.864887 0.000178
1038.865721 0.000169
1039.866555 0.000162
1040.867389 0.000157
1041.868224 0.000153
1042.869058 0.000151
1043.869892 0.000151
1044.870726 0.000152
1045.871560 0.000154
1046.872394 0.000158
1047.873228 0.000161
1048.874062 0.000164
1049.874896 0.000166
1050.875730 0.000167
1051.876564 0.000166
1052.877398 0.000164
1053.878232 0.000160
1054.879066 0.000156
1055.879900 0.000152
1056.880734 0.000148
1057.881568 0.000146
1058.882402 0.000144
1059.883236 0.000143
1060.884070 0.000144
1061.884904 0.000145
1062.885738 0.000147
1063.886572 0.000149
1064.887406 0.000150
1065.888240 0.000150
1066.889074 0.000149
1067.889908 0.000148
1068.890742 0.000146
1069.891576 0.000144
1070.892410 0.000142
1071.893244 0.000140
1072.894078 0.000139
1073.894912 0.000137
1074.895746 0.000135
1075.896580 0.000133
1076.897415 0.000131
1077.898249 0.000130
1078.899083 0.000129
1079.899917 0.000128
1080.900751 0.000127
1081.901585 0.000127
1082.902419 0.000126
1083.903253 0.000126
1084.904087 0.000125
1085.904921 0.000124
1086.905755 0.000122
1087.906589 0.000121
1088.907423 0.000120
1089.908257 0.000120
1090.909091 0.000119
1091.909925 0.000119
1092.910759 0.000120
1093.911593 0.000120
1094.912427 0.000120
1095.913261 0.000121
1096.914095 0.000121
1097.914929 0.000122
1098.915763 0.000122
1099.916597 0.000122
1100.917431 0.000122
1101.918265 0.000122
1102.919099 0.000122
1103.919933 0.000123
1104.920767 0.000124
1105.921601 0.000126
1106.922435 0.000128
1107.923269 0.000130
1108.924103 0.000132
1109.924937 0.000132
1110.925771 0.000131
1111.926606 0.000128
1112.927440 0.000124
1113.928274 0.000120
1114.929108 0.000117
1115.929942 0.000115
1116.930776 0.000114
1117.931610 0.000114
1118.932444 0.000116
1119.933278 0.000119
1120.934112 0.000121
1121.934946 0.000123
1122.935780 0.000125
1123.936614 0.000127
1124.937448 0.000128
1125.938282 0.000129
1126.939116 0.000129
1127.939950 0.000129
1128.940784 0.000128
1129.941618 0.000127
1130.942452 0.000127
1131.943286 0.000126
1132.944120 0.000126
1133.944954 0.000126
1134.945788 0.000126
1135.946622 0.000127
1136.947456 0.000127
1137.948290 0.000128
1138.949124 0.000129
1139.949958 0.000131
1140.950792 0.000134
1141.951626 0.000138
1142.952460 0.000142
1143.953294 0.000146
1144.954128 0.000151
1145.954962 0.000156
1146.955796 0.000161
1147.956631 0.000166
1148.957465 0.000172
1149.958299 0.000179
1150.959133 0.000186
1151.959967 0.000194
1152.960801 0.000201
1153.961635 0.000209
1154.962469 0.000217
1155.963303 0.000224
1156.964137 0.000232
1157.964971 0.000241
1158.965805 0.000250
1159.966639 0.000260
1160.967473 0.000271
1161.968307 0.000282
1162.969141 0.000294
1163.969975 0.000305
1164.970809 0.000316
1165.971643 0.000324
1166.972477 0.000330
1167.973311 0.000335
1168.974145 0.000338
1169.974979 0.000341
1170.975813 0.000347
1171.976647 0.000357
1172.977481 0.000372
1173.978315 0.000393
1174.979149 0.000421
1175.979983 0.000455
1176.980817 0.000497
1177.981651 0.000546
1178.982485 0.000604
1179.983319 0.000672
1180.984153 0.000756
1181.984987 0.000862
1182.985822 0.001004
1183.986656 0.001196
1184.987490 0.001456
1185.988324 0.001804
1186.989158 0.002254
1187.989992 0.002819
1188.990826 0.003501
1189.991660 0.004288
1190.992494 0.005156
1191.993328 0.006059
1192.994162 0.006936
1193.994996 0.007706
1194.995830 0.008281
1195.996664 0.008578
1196.997498 0.008535
1197.998332 0.008132
1198.999166 0.007395
1200.000000 0.006399
