0.000000 0.005753
1.000834 0.006576
2.001668 0.007209
3.002502 0.007597
4.003336 0.007718
5.004170 0.007583
6.005004 0.007233
7.005838 0.006724
8.006672 0.006117
9.007506 0.005471
10.008340 0.004832
11.009174 0.004234
12.010008 0.003696
13.010842 0.003226
14.011676 0.002825
15.012510 0.002488
16.013344 0.002207
17.014178 0.001974
18.015013 0.001779
19.015847 0.001616
20.016681 0.001477
21.017515 0.001359
22.018349 0.001257
23.019183 0.001168
24.020017 0.001092
25.020851 0.001025
26.021685 0.000968
27.022519 0.000918
28.023353 0.000875
29.024187 0.000838
30.025021 0.000806
31.025855 0.000778
32.026689 0.000753
33.027523 0.000731
34.028357 0.000713
35.029191 0.000696
36.030025 0.000682
37.030859 0.000671
38.031693 0.000662
39.032527 0.000656
40.033361 0.000652
41.034195 0.000650
42.035029 0.000650
43.035863 0.000650
44.036697 0.000652
45.037531 0.000654
46.038365 0.000656
47.039199 0.000660
48.040033 0.000664
49.040867 0.000669
50.041701 0.000676
51.042535 0.000685
52.043369 0.000696
53.044204 0.000707
54.045038 0.000719
55.045872 0.000732
56.046706 0.000744
57.047540 0.000756
58.048374 0.000768
59.049208 0.000781
60.050042 0.000794
61.050876 0.000810
62.051710 0.000830
63.052544 0.000853
64.053378 0.000881
65.054212 0.000914
66.055046 0.000952
67.055880 0.000993
68.056714 0.001038
69.057548 0.001084
70.058382 0.001131
71.059216 0.001178
72.060050 0.001223
73.060884 0.001268
74.061718 0.001312
75.062552 0.001358
76.063386 0.001406
77.064220 0.001459
78.065054 0.001514
79.065888 0.001574
80.066722 0.001635
81.067556 0.001697
82.068390 0.001757
83.069224 0.001812
84.070058 0.001863
85.070892 0.001907
86.071726 0.001946
87.072560 0.001981
88.073394 0.002010
89.074229 0.002035
90.075063 0.002054
91.075897 0.002067
92.076731 0.002070
93.077565 0.002063
94.078399 0.002042
95.079233 0.002008
96.080067 0.001960
97.080901 0.001897
98.081735 0.001822
99.082569 0.001737
100.083403 0.001644
101.084237 0.001546
102.085071 0.001447
103.085905 0.001350
104.086739 0.001257
105.087573 0.001171
106.088407 0.001092
107.089241 0.001021
108.090075 0.000959
109.090909 0.000904
110.091743 0.000856
111.092577 0.000815
112.093411 0.000779
113.094245 0.000748
114.095079 0.000721
115.095913 0.000696
116.096747 0.000673
117.097581 0.000650
118.098415 0.000626
119.099249 0.000601
120.100083 0.000576
121.100917 0.000549
122.101751 0.000523
123.102585 0.000497
124.103420 0.000472
125.104254 0.000449
126.105088 0.000430
127.105922 0.000413
128.106756 0.000400
129.107590 0.000391
130.108424 0.000385
131.109258 0.000382
132.110092 0.000381
133.110926 0.000381
134.111760 0.000382
135.112594 0.000384
136.113428 0.000385
137.114262 0.000386
138.115096 0.000385
139.115930 0.000384
140.116764 0.000382
141.117598 0.000380
142.118432 0.000377
143.119266 0.000374
144.120100 0.000371
145.120934 0.000368
146.121768 0.000365
147.122602 0.000362
148.123436 0.000358
149.124270 0.000355
150.125104 0.000352
151.125938 0.000350
152.126772 0.000349
153.127606 0.000349
154.128440 0.000350
155.129274 0.000352
156.130108 0.000356
157.130942 0.000360
158.131776 0.000365
159.132611 0.000370
160.133445 0.000375
161.134279 0.000378
162.135113 0.000380
163.135947 0.000381
164.136781 0.000380
165.137615 0.000378
166.138449 0.000376
167.139283 0.000375
168.140117 0.000375
169.140951 0.000377
170.141785 0.000382
171.142619 0.000389
172.143453 0.000398
173.144287 0.000409
174.145121 0.000421
175.145955 0.000434
176.146789 0.000448
177.147623 0.000462
178.148457 0.000476
179.149291 0.000490
180.150125 0.000502
181.150959 0.000513
182.151793 0.000523
183.152627 0.000531
184.153461 0.000536
185.154295 0.000540
186.155129 0.000541
187.155963 0.000539
188.156797 0.000536
189.157631 0.000531
190.158465 0.000526
191.159299 0.000521
192.160133 0.000516
193.160967 0.000512
194.161802 0.000508
195.162636 0.000505
196.163470 0.000500
197.164304 0.000495
198.165138 0.000489
199.165972 0.000482
200.166806 0.000474
201.167640 0.000466
202.168474 0.000457
203.169308 0.000449
204.170142 0.000442
205.170976 0.000435
206.171810 0.000429
207.172644 0.000424
208.173478 0.000418
209.174312 0.000413
210.175146 0.000408
211.175980 0.000402
212.176814 0.000396
213.177648 0.000389
214.178482 0.000383
215.179316 0.000377
216.180150 0.000370
217.180984 0.000364
218.181818 0.000358
219.182652 0.000352
220.183486 0.000347
221.184320 0.000341
222.185154 0.000336
223.185988 0.000331
224.186822 0.000325
225.187656 0.000320
226.188490 0.000315
227.189324 0.000311
228.190158 0.000307
229.190992 0.000302
230.191827 0.000298
231.192661 0.000294
232.193495 0.000290
233.194329 0.000285
234.195163 0.000280
235.195997 0.000275
236.196831 0.000269
237.197665 0.000263
238.198499 0.000257
239.199333 0.000251
240.200167 0.000245
241.201001 0.000240
242.201835 0.000234
243.202669 0.000230
244.203503 0.000225
245.204337 0.000221
246.205171 0.000218
247.206005 0.000215
248.206839 0.000212
249.207673 0.000209
250.208507 0.000207
251.209341 0.000206
252.210175 0.000206
253.211009 0.000207
254.211843 0.000209
255.212677 0.000211
256.213511 0.000214
257.214345 0.000216
258.215179 0.000217
259.216013 0.000217
260.216847 0.000216
261.217681 0.000213
262.218515 0.000210
263.219349 0.000206
264.220183 0.000203
265.221018 0.000200
266.221852 0.000198
267.222686 0.000196
268.223520 0.000194
269.224354 0.000193
270.225188 0.000192
271.226022 0.000190
272.226856 0.000188
273.227690 0.000186
274.228524 0.000183
275.229358 0.000181
276.230192 0.000179
277.231026 0.000177
278.231860 0.000175
279.232694 0.000173
280.233528 0.000172
281.234362 0.000171
282.235196 0.000171
283.236030 0.000170
284.236864 0.000169
285.237698 0.000169
286.238532 0.000170
287.239366 0.000171
288.240200 0.000173
289.241034 0.000176
290.241868 0.000179
291.242702 0.000182
292.243536 0.000185
293.244370 0.000188
294.245204 0.000190
295.246038 0.000191
296.246872 0.000192
297.247706 0.000193
298.248540 0.000195
299.249374 0.000198
300.250209 0.000203
301.251043 0.000210
302.251877 0.000219
303.252711 0.000228
304.253545 0.000238
305.254379 0.000248
306.255213 0.000256
307.256047 0.000262
308.256881 0.000265
309.257715 0.000265
310.258549 0.000262
311.259383 0.000257
312.260217 0.000250
313.261051 0.000242
314.261885 0.000235
315.262719 0.000227
316.263553 0.000220
317.264387 0.000214
318.265221 0.000209
319.266055 0.000204
320.266889 0.000199
321.267723 0.000195
322.268557 0.000191
323.269391 0.000187
324.270225 0.000183
325.271059 0.000179
326.271893 0.000176
327.272727 0.000172
328.273561 0.000168
329.274395 0.000165
330.275229 0.000162
331.276063 0.000159
332.276897 0.000156
333.277731 0.000153
334.278565 0.000150
335.279399 0.000147
336.280234 0.000143
337.281068 0.000140
338.281902 0.000137
339.282736 0.000134
340.283570 0.000131
341.284404 0.000129
342.285238 0.000128
343.286072 0.000127
344.286906 0.000126
345.287740 0.000126
346.288574 0.000127
347.289408 0.000128
348.290242 0.000128
349.291076 0.000129
350.291910 0.000130
351.292744 0.000131
352.293578 0.000132
353.294412 0.000133
354.295246 0.000135
355.296080 0.000137
356.296914 0.000140
357.297748 0.000143
358.298582 0.000146
359.299416 0.000149
360.300250 0.000151
361.301084 0.000152
362.301918 0.000153
363.302752 0.000152
364.303586 0.000151
365.304420 0.000149
366.305254 0.000146
367.306088 0.000143
368.306922 0.000141
369.307756 0.000139
370.308590 0.000137
371.309425 0.000136
372.310259 0.000135
373.311093 0.000135
374.311927 0.000135
375.312761 0.000136
376.313595 0.000137
377.314429 0.000137
378.315263 0.000138
379.316097 0.000139
380.316931 0.000139
381.317765 0.000139
382.318599 0.000139
383.319433 0.000139
384.320267 0.000139
385.321101 0.000139
386.321935 0.000139
387.322769 0.000140
388.323603 0.000141
389.324437 0.000142
390.325271 0.000144
391.326105 0.000145
392.326939 0.000146
393.327773 0.000147
394.328607 0.000147
395.329441 0.000147
396.330275 0.000147
397.331109 0.000147
398.331943 0.000146
399.332777 0.000146
400.333611 0.000146
401.334445 0.000146
402.335279 0.000147
403.336113 0.000148
404.336947 0.000148
405.337781 0.000149
406.338616 0.000149
407.339450 0.000149
408.340284 0.000149
409.341118 0.000148
410.341952 0.000147
411.342786 0.000147
412.343620 0.000147
413.344454 0.000147
414.345288 0.000148
415.346122 0.000150
416.346956 0.000152
417.347790 0.000154
418.348624 0.000157
419.349458 0.000159
420.350292 0.000160
421.351126 0.000161
422.351960 0.000160
423.352794 0.000160
424.353628 0.000158
425.354462 0.000157
426.355296 0.000157
427.356130 0.000157
428.356964 0.000159
429.357798 0.000163
430.358632 0.000167
431.359466 0.000173
432.360300 0.000180
433.361134 0.000187
434.361968 0.000194
435.362802 0.000200
436.363636 0.000204
437.364470 0.000208
438.365304 0.000210
439.366138 0.000211
440.366972 0.000212
441.367807 0.000212
442.368641 0.000212
443.369475 0.000212
444.370309 0.000213
445.371143 0.000215
446.371977 0.000218
447.372811 0.000223
448.373645 0.000229
449.374479 0.000237
450.375313 0.000248
451.376147 0.000261
452.376981 0.000275
453.377815 0.000292
454.378649 0.000311
455.379483 0.000331
456.380317 0.000352
457.381151 0.000375
458.381985 0.000398
459.382819 0.000423
460.383653 0.000448
461.384487 0.000475
462.385321 0.000503
463.386155 0.000534
464.386989 0.000567
465.387823 0.000603
466.388657 0.000643
467.389491 0.000686
468.390325 0.000733
469.391159 0.000784
470.391993 0.000839
471.392827 0.000898
472.393661 0.000961
473.394495 0.001028
474.395329 0.001099
475.396163 0.001173
476.396997 0.001251
477.397832 0.001333
478.398666 0.001417
479.399500 0.001504
480.400334 0.001592
481.401168 0.001678
482.402002 0.001761
483.402836 0.001836
484.403670 0.001899
485.404504 0.001948
486.405338 0.001978
487.406172 0.001989
488.407006 0.001979
489.407840 0.001950
490.408674 0.001905
491.409508 0.001847
492.410342 0.001779
493.411176 0.001705
494.412010 0.001629
495.412844 0.001550
496.413678 0.001471
497.414512 0.001392
498.415346 0.001313
499.416180 0.001234
500.417014 0.001156
501.417848 0.001079
502.418682 0.001003
503.419516 0.000930
504.420350 0.000860
505.421184 0.000794
506.422018 0.000731
507.422852 0.000673
508.423686 0.000620
509.424520 0.000572
510.425354 0.000531
511.426188 0.000494
512.427023 0.000464
513.427857 0.000437
514.428691 0.000415
515.429525 0.000394
516.430359 0.000376
517.431193 0.000358
518.432027 0.000341
519.432861 0.000324
520.433695 0.000307
521.434529 0.000290
522.435363 0.000273
523.436197 0.000257
524.437031 0.000241
525.437865 0.000227
526.438699 0.000214
527.439533 0.000202
528.440367 0.000192
529.441201 0.000183
530.442035 0.000175
531.442869 0.000168
532.443703 0.000161
533.444537 0.000155
534.445371 0.000149
535.446205 0.000143
536.447039 0.000139
537.447873 0.000135
538.448707 0.000131
539.449541 0.000128
540.450375 0.000126
541.451209 0.000124
542.452043 0.000122
543.452877 0.000120
544.453711 0.000118
545.454545 0.000116
546.455379 0.000114
547.456214 0.000112
548.457048 0.000110
549.457882 0.000108
550.458716 0.000105
551.459550 0.000102
552.460384 0.000100
553.461218 0.000097
554.462052 0.000095
555.462886 0.000092
556.463720 0.000090
557.464554 0.000088
558.465388 0.000087
559.466222 0.000085
560.467056 0.000084
561.467890 0.000083
562.468724 0.000082
563.469558 0.000081
564.470392 0.000080
565.471226 0.000080
566.472060 0.000080
567.472894 0.000080
568.473728 0.000081
569.474562 0.000081
570.475396 0.000082
571.476230 0.000083
572.477064 0.000083
573.477898 0.000083
574.478732 0.000083
575.479566 0.000083
576.480400 0.000082
577.481234 0.000080
578.482068 0.000079
579.482902 0.000077
580.483736 0.000076
581.484570 0.000075
582.485405 0.000073
583.486239 0.000072
584.487073 0.000072
585.487907 0.000071
586.488741 0.000070
587.489575 0.000069
588.490409 0.000068
589.491243 0.000067
590.492077 0.000066
591.492911 0.000065
592.493745 0.000064
593.494579 0.000063
594.495413 0.000063
595.496247 0.000062
596.497081 0.000062
597.497915 0.000062
598.498749 0.000062
599.499583 0.000062
600.500417 0.000061
601.501251 0.000061
602.502085 0.000060
603.502919 0.000060
604.503753 0.000059
605.504587 0.000058
606.505421 0.000058
607.506255 0.000058
608.507089 0.000058
609.507923 0.000058
610.508757 0.000058
611.509591 0.000058
612.510425 0.000058
613.511259 0.000058
614.512093 0.000058
615.512927 0.000058
616.513761 0.000059
617.514595 0.000060
618.515430 0.000062
619.516264 0.000063
620.517098 0.000064
621.517932 0.000065
622.518766 0.000065
623.519600 0.000065
624.520434 0.000064
625.521268 0.000063
626.522102 0.000062
627.522936 0.000060
628.523770 0.000060
629.524604 0.000060
630.525438 0.000060
631.526272 0.000061
632.527106 0.000062
633.527940 0.000063
634.528774 0.000064
635.529608 0.000065
636.530442 0.000066
637.531276 0.000067
638.532110 0.000067
639.532944 0.000068
640.533778 0.000069
641.534612 0.000070
642.535446 0.000070
643.536280 0.000071
644.537114 0.000072
645.537948 0.000073
646.538782 0.000074
647.539616 0.000075
648.540450 0.000077
649.541284 0.000079
650.542118 0.000082
651.542952 0.000085
652.543786 0.000090
653.544621 0.000095
654.545455 0.000100
655.546289 0.000106
656.547123 0.000113
657.547957 0.000119
658.548791 0.000126
659.549625 0.000133
660.550459 0.000140
661.551293 0.000147
662.552127 0.000155
663.552961 0.000162
664.553795 0.000170
665.554629 0.000179
666.555463 0.000188
667.556297 0.000199
668.557131 0.000212
669.557965 0.000228
670.558799 0.000247
671.559633 0.000271
672.560467 0.000300
673.561301 0.000336
674.562135 0.000377
675.562969 0.000426
676.563803 0.000481
677.564637 0.000542
678.565471 0.000608
679.566305 0.000679
680.567139 0.000756
681.567973 0.000837
682.568807 0.000926
683.569641 0.001027
684.570475 0.001144
685.571309 0.001284
686.572143 0.001457
687.572977 0.001671
688.573812 0.001935
689.574646 0.002253
690.575480 0.002629
691.576314 0.003059
692.577148 0.003532
693.577982 0.004030
694.578816 0.004529
695.579650 0.005001
696.580484 0.005419
697.581318 0.005757
698.582152 0.005999
699.582986 0.006138
700.583820 0.006175
701.584654 0.006121
702.585488 0.005992
703.586322 0.005803
704.587156 0.005571
705.587990 0.005308
706.588824 0.005022
707.589658 0.004720
708.590492 0.004406
709.591326 0.004085
710.592160 0.003763
711.592994 0.003446
712.593828 0.003141
713.594662 0.002853
714.595496 0.002586
715.596330 0.002345
716.597164 0.002130
717.597998 0.001942
718.598832 0.001780
719.599666 0.001641
720.600500 0.001525
721.601334 0.001429
722.602168 0.001351
723.603003 0.001287
724.603837 0.001234
725.604671 0.001191
726.605505 0.001155
727.606339 0.001123
728.607173 0.001095
729.608007 0.001069
730.608841 0.001046
731.609675 0.001025
732.610509 0.001005
733.611343 0.000988
734.612177 0.000974
735.613011 0.000961
736.613845 0.000951
737.614679 0.000944
738.615513 0.000938
739.616347 0.000934
740.617181 0.000931
741.618015 0.000929
742.618849 0.000926
743.619683 0.000924
744.620517 0.000921
745.621351 0.000918
746.622185 0.000916
747.623019 0.000915
748.623853 0.000916
749.624687 0.000917
750.625521 0.000921
751.626355 0.000926
752.627189 0.000932
753.628023 0.000940
754.628857 0.000950
755.629691 0.000961
756.630525 0.000975
757.631359 0.000992
758.632193 0.001011
759.633028 0.001034
760.633862 0.001062
761.634696 0.001093
762.635530 0.001128
763.636364 0.001167
764.637198 0.001209
765.638032 0.001254
766.638866 0.001302
767.639700 0.001352
768.640534 0.001406
769.641368 0.001462
770.642202 0.001522
771.643036 0.001586
772.643870 0.001652
773.644704 0.001721
774.645538 0.001792
775.646372 0.001862
776.647206 0.001930
777.648040 0.001995
778.648874 0.002057
779.649708 0.002114
780.650542 0.002169
781.651376 0.002221
782.652210 0.002272
783.653044 0.002320
784.653878 0.002368
785.654712 0.002413
786.655546 0.002454
787.656380 0.002490
788.657214 0.002521
789.658048 0.002544
790.658882 0.002559
791.659716 0.002565
792.660550 0.002561
793.661384 0.002546
794.662219 0.002520
795.663053 0.002482
796.663887 0.002432
797.664721 0.002371
798.665555 0.002300
799.666389 0.002222
800.667223 0.002138
801.668057 0.002050
802.668891 0.001959
803.669725 0.001867
804.670559 0.001775
805.671393 0.001684
806.672227 0.001595
807.673061 0.001509
808.673895 0.001428
809.674729 0.001353
810.675563 0.001285
811.676397 0.001223
812.677231 0.001167
813.678065 0.001117
814.678899 0.001071
815.679733 0.001028
816.680567 0.000987
817.681401 0.000947
818.682235 0.000906
819.683069 0.000865
820.683903 0.000824
821.684737 0.000782
822.685571 0.000741
823.686405 0.000700
824.687239 0.000660
825.688073 0.000623
826.688907 0.000588
827.689741 0.000555
828.690575 0.000527
829.691410 0.000502
830.692244 0.000481
831.693078 0.000463
832.693912 0.000448
833.694746 0.000436
834.695580 0.000426
835.696414 0.000417
836.697248 0.000409
837.698082 0.000402
838.698916 0.000395
839.699750 0.000387
840.700584 0.000379
841.701418 0.000371
842.702252 0.000362
843.703086 0.000353
844.703920 0.000345
845.704754 0.000337
846.705588 0.000329
847.706422 0.000322
848.707256 0.000315
849.708090 0.000307
850.708924 0.000300
851.709758 0.000293
852.710592 0.000287
853.711426 0.000282
854.712260 0.000277
855.713094 0.000274
856.713928 0.000271
857.714762 0.000269
858.715596 0.000267
859.716430 0.000264
860.717264 0.000262
861.718098 0.000259
862.718932 0.000256
863.719766 0.000254
864.720601 0.000251
865.721435 0.000249
866.722269 0.000248
867.723103 0.000248
868.723937 0.000248
869.724771 0.000249
870.725605 0.000251
871.726439 0.000253
872.727273 0.000255
873.728107 0.000256
874.728941 0.000258
875.729775 0.000259
876.730609 0.000259
877.731443 0.000259
878.732277 0.000258
879.733111 0.000257
880.733945 0.000255
881.734779 0.000255
882.735613 0.000254
883.736447 0.000255
884.737281 0.000257
885.738115 0.000260
886.738949 0.000264
887.739783 0.000269
888.740617 0.000274
889.741451 0.000278
890.742285 0.000282
891.743119 0.000286
892.743953 0.000288
893.744787 0.000290
894.745621 0.000291
895.746455 0.000292
896.747289 0.000292
897.748123 0.000292
898.748957 0.000292
899.749791 0.000292
900.750626 0.000292
901.751460 0.000293
902.752294 0.000295
903.753128 0.000297
904.753962 0.000301
905.754796 0.000306
906.755630 0.000313
907.756464 0.000320
908.757298 0.000327
909.758132 0.000334
910.758966 0.000341
911.759800 0.000346
912.760634 0.000351
913.761468 0.000355
914.762302 0.000359
915.763136 0.000363
916.763970 0.000368
917.764804 0.000372
918.765638 0.000377
919.766472 0.000382
920.767306 0.000387
921.768140 0.000391
922.768974 0.000394
923.769808 0.000396
924.770642 0.000397
925.771476 0.000398
926.772310 0.000398
927.773144 0.000398
928.773978 0.000398
929.774812 0.000398
930.775646 0.000399
931.776480 0.000400
932.777314 0.000402
933.778148 0.000405
934.778982 0.000409
935.779817 0.000415
936.780651 0.000420
937.781485 0.000426
938.782319 0.000431
939.783153 0.000436
940.783987 0.000439
941.784821 0.000440
942.785655 0.000441
943.786489 0.000442
944.787323 0.000442
945.788157 0.000442
946.788991 0.000444
947.789825 0.000446
948.790659 0.000448
949.791493 0.000452
950.792327 0.000456
951.793161 0.000460
952.793995 0.000465
953.794829 0.000471
954.795663 0.000478
955.796497 0.000486
956.797331 0.000495
957.798165 0.000505
958.798999 0.000516
959.799833 0.000528
960.800667 0.000541
961.801501 0.000554
962.802335 0.000568
963.803169 0.000583
964.804003 0.000598
965.804837 0.000613
966.805671 0.000628
967.806505 0.000641
968.807339 0.000653
969.808173 0.000664
970.809008 0.000673
971.809842 0.000683
972.810676 0.000693
973.811510 0.000704
974.812344 0.000719
975.813178 0.000736
976.814012 0.000756
977.814846 0.000777
978.815680 0.000800
979.816514 0.000823
980.817348 0.000845
981.818182 0.000867
982.819016 0.000888
983.819850 0.000909
984.820684 0.000928
985.821518 0.000948
986.822352 0.000967
987.823186 0.000987
988.824020 0.001007
989.824854 0.001027
990.825688 0.001048
991.826522 0.001069
992.827356 0.001090
993.828190 0.001109
994.829024 0.001127
995.829858 0.001140
996.830692 0.001150
997.831526 0.001153
998.832360 0.001152
999.833194 0.001145
1000.834028 0.001133
1001.834862 0.001118
1002.835696 0.001100
1003.836530 0.001080
1004.837364 0.001059
1005.838198 0.001036
1006.839033 0.001012
1007.839867 0.000985
1008.840701 0.000956
1009.841535 0.000925
1010.842369 0.000892
1011.843203 0.000857
1012.844037 0.000821
1013.844871 0.000784
1014.845705 0.000747
1015.846539 0.000711
1016.847373 0.000677
1017.848207 0.000646
1018.849041 0.000617
1019.849875 0.000590
1020.850709 0.000567
1021.851543 0.000545
1022.852377 0.000526
1023.853211 0.000507
1024.854045 0.000488
1025.854879 0.000469
1026.855713 0.000451
1027.856547 0.000432
1028.857381 0.000414
1029.858215 0.000397
1030.859049 0.000381
1031.859883 0.000368
1032.860717 0.000357
1033.861551 0.000349
1034.862385 0.000342
1035.863219 0.000337
1036.864053 0.000334
1037.864887 0.000331
1038.865721 0.000328
1039.866555 0.000325
1040.867389 0.000322
1041.868224 0.000318
1042.869058 0.000314
1043.869892 0.000309
1044.870726 0.000303
1045.871560 0.000297
1046.872394 0.000292
1047.873228 0.000286
1048.874062 0.000281
1049.874896 0.000277
1050.875730 0.000272
1051.876564 0.000268
1052.877398 0.000264
1053.878232 0.000260
1054.879066 0.000256
1055.879900 0.000251
1056.880734 0.000247
1057.881568 0.000243
1058.882402 0.000238
1059.883236 0.000234
1060.884070 0.000230
1061.884904 0.000225
1062.885738 0.000222
1063.886572 0.000218
1064.887406 0.000216
1065.888240 0.000215
1066.889074 0.000214
1067.889908 0.000214
1068.890742 0.000215
1069.891576 0.000216
1070.892410 0.000218
1071.893244 0.000219
1072.894078 0.000220
1073.894912 0.000222
1074.895746 0.000222
1075.896580 0.000223
1076.897415 0.000223
1077.898249 0.000223
1078.899083 0.000223
1079.899917 0.000223
1080.900751 0.000223
1081.901585 0.000222
1082.902419 0.000221
1083.903253 0.000218
1084.904087 0.000215
1085.904921 0.000211
1086.905755 0.000207
1087.906589 0.000201
1088.907423 0.000196
1089.908257 0.000191
1090.909091 0.000187
1091.909925 0.000184
1092.910759 0.000182
1093.911593 0.000182
1094.912427 0.000182
1095.913261 0.000183
1096.914095 0.000185
1097.914929 0.000186
1098.915763 0.000187
1099.916597 0.000188
1100.917431 0.000189
1101.918265 0.000190
1102.919099 0.000191
1103.919933 0.000192
1104.920767 0.000193
1105.921601 0.000194
1106.922435 0.000195
1107.923269 0.000196
1108.924103 0.000196
1109.924937 0.000195
1110.925771 0.000195
1111.926606 0.000194
1112.927440 0.000194
1113.928274 0.000194
1114.929108 0.000195
1115.929942 0.000196
1116.930776 0.000199
1117.931610 0.000201
1118.932444 0.000203
1119.933278 0.000204
1120.934112 0.000205
1121.934946 0.000204
1122.935780 0.000203
1123.936614 0.000201
1124.937448 0.000199
1125.938282 0.000198
1126.939116 0.000197
1127.939950 0.000197
1128.940784 0.000199
1129.941618 0.000201
1130.942452 0.000203
1131.943286 0.000206
1132.944120 0.000209
1133.944954 0.000212
1134.945788 0.000214
1135.946622 0.000217
1136.947456 0.000220
1137.948290 0.000224
1138.949124 0.000228
1139.949958 0.000233
1140.950792 0.000239
1141.951626 0.000244
1142.952460 0.000249
1143.953294 0.000253
1144.954128 0.000257
1145.954962 0.000261
1146.955796 0.000264
1147.956631 0.000267
1148.957465 0.000271
1149.958299 0.000276
1150.959133 0.000282
1151.959967 0.000289
1152.960801 0.000299
1153.961635 0.000309
1154.962469 0.000321
1155.963303 0.000335
1156.964137 0.000350
1157.964971 0.000367
1158.965805 0.000386
1159.966639 0.000407
1160.967473 0.000432
1161.968307 0.000460
1162.969141 0.000492
1163.969975 0.000529
1164.970809 0.000571
1165.971643 0.000618
1166.972477 0.000672
1167.973311 0.000732
1168.974145 0.000800
1169.974979 0.000875
1170.975813 0.000960
1171.976647 0.001056
1172.977481 0.001164
1173.978315 0.001286
1174.979149 0.001426
1175.979983 0.001584
1176.980817 0.001766
1177.981651 0.001972
1178.982485 0.002208
1179.983319 0.002475
1180.984153 0.002777
1181.984987 0.003118
1182.985822 0.003500
1183.986656 0.003927
1184.987490 0.004399
1185.988324 0.004917
1186.989158 0.005479
1187.989992 0.006079
1188.990826 0.006706
1189.991660 0.007341
1190.992494 0.007961
1191.993328 0.008529
1192.994162 0.009002
1193.994996 0.009329
1194.995830 0.009460
1195.996664 0.009350
1196.997498 0.008977
1197.998332 0.008341
1198.999166 0.007477
1200.000000 0.006447
