0.500000 0.013482
1.500000 0.013803
2.500000 0.008025
3.500000 0.006554
4.500000 0.005216
5.500000 0.004521
6.500000 0.002836
7.500000 0.002729
8.500000 0.002648
9.500000 0.002648
10.500000 0.002675
11.500000 0.002862
12.500000 0.002140
13.500000 0.001124
14.500000 0.001391
15.500000 0.001150
16.500000 0.001043
17.500000 0.000883
18.500000 0.001097
19.500000 0.000508
20.500000 0.000829
21.500000 0.000722
22.500000 0.000642
23.500000 0.000749
24.500000 0.000642
25.500000 0.000803
26.500000 0.000856
27.500000 0.001231
28.500000 0.000615
29.500000 0.000615
30.500000 0.000642
31.500000 0.000883
32.500000 0.000696
33.500000 0.001177
34.500000 0.000428
35.500000 0.000535
36.500000 0.000696
37.500000 0.000856
38.500000 0.000642
39.500000 0.000803
40.500000 0.000722
41.500000 0.000856
42.500000 0.000589
43.500000 0.000642
44.500000 0.000669
45.500000 0.001017
46.500000 0.001097
47.500000 0.000562
48.500000 0.000589
49.500000 0.000615
50.500000 0.000642
51.500000 0.000589
52.500000 0.000696
53.500000 0.000883
54.500000 0.000829
55.500000 0.000936
56.500000 0.000883
57.500000 0.000936
58.500000 0.000669
59.500000 0.000749
60.500000 0.000910
61.500000 0.000696
62.500000 0.001017
63.500000 0.000910
64.500000 0.001177
65.500000 0.000749
66.500000 0.000883
67.500000 0.001231
68.500000 0.001017
69.500000 0.001257
70.500000 0.001204
71.500000 0.001150
72.500000 0.001231
73.500000 0.001364
74.500000 0.001338
75.500000 0.001525
76.500000 0.001311
77.500000 0.001231
78.500000 0.001445
79.500000 0.001364
80.500000 0.001204
81.500000 0.001338
82.500000 0.001445
83.500000 0.001552
84.500000 0.001605
85.500000 0.002167
86.500000 0.001659
87.500000 0.002033
88.500000 0.002274
89.500000 0.001632
90.500000 0.001953
91.500000 0.002301
92.500000 0.002113
93.500000 0.002301
94.500000 0.002408
95.500000 0.002381
96.500000 0.002488
97.500000 0.002087
98.500000 0.002087
99.500000 0.002488
100.500000 0.002087
101.500000 0.002087
102.500000 0.001899
103.500000 0.002140
104.500000 0.001659
105.500000 0.001391
106.500000 0.000936
107.500000 0.001391
108.500000 0.001418
109.500000 0.001471
110.500000 0.001284
111.500000 0.001338
112.500000 0.000936
113.500000 0.001445
114.500000 0.001017
115.500000 0.000856
116.500000 0.000936
117.500000 0.000669
118.500000 0.000910
119.500000 0.000615
120.500000 0.000722
121.500000 0.000696
122.500000 0.000696
123.500000 0.000749
124.500000 0.000963
125.500000 0.000642
126.500000 0.000615
127.500000 0.000722
128.500000 0.000535
129.500000 0.000642
130.500000 0.000669
131.500000 0.000696
132.500000 0.000508
133.500000 0.000535
134.500000 0.000455
135.500000 0.000696
136.500000 0.000482
137.500000 0.000642
138.500000 0.000455
139.500000 0.000401
140.500000 0.000455
141.500000 0.000508
142.500000 0.000214
143.500000 0.000241
144.500000 0.000508
145.500000 0.000294
146.500000 0.000348
147.500000 0.000294
148.500000 0.000348
149.500000 0.000455
150.500000 0.000535
151.500000 0.000294
152.500000 0.000375
153.500000 0.000375
154.500000 0.000294
155.500000 0.000455
156.500000 0.000268
157.500000 0.000482
158.500000 0.000535
159.500000 0.000401
160.500000 0.000375
161.500000 0.000562
162.500000 0.000428
163.500000 0.000294
164.500000 0.000508
165.500000 0.000428
166.500000 0.000535
167.500000 0.000401
168.500000 0.000696
169.500000 0.000776
170.500000 0.000348
171.500000 0.000669
172.500000 0.000589
173.500000 0.000508
174.500000 0.000535
175.500000 0.000696
176.500000 0.000803
177.500000 0.000749
178.500000 0.000883
179.500000 0.001017
180.500000 0.000910
181.500000 0.001150
182.500000 0.000910
183.500000 0.000749
184.500000 0.001097
185.500000 0.000963
186.500000 0.001311
187.500000 0.000936
188.500000 0.000829
189.500000 0.000910
190.500000 0.000722
191.500000 0.000803
192.500000 0.000883
193.500000 0.000936
194.500000 0.001043
195.500000 0.000990
196.500000 0.000910
197.500000 0.000749
198.500000 0.000722
199.500000 0.000883
200.500000 0.000749
201.500000 0.000963
202.500000 0.000615
203.500000 0.000883
204.500000 0.000696
205.500000 0.000749
206.500000 0.000776
207.500000 0.000856
208.500000 0.000696
209.500000 0.000856
210.500000 0.000696
211.500000 0.000883
212.500000 0.000696
213.500000 0.000963
214.500000 0.000696
215.500000 0.000615
216.500000 0.000669
217.500000 0.000669
218.500000 0.000829
219.500000 0.000749
220.500000 0.000749
221.500000 0.000535
222.500000 0.000776
223.500000 0.000401
224.500000 0.000722
225.500000 0.000482
226.500000 0.000455
227.500000 0.000482
228.500000 0.000508
229.500000 0.000482
230.500000 0.000375
231.500000 0.000508
232.500000 0.000508
233.500000 0.000401
234.500000 0.000428
235.500000 0.000455
236.500000 0.000428
237.500000 0.000401
238.500000 0.000642
239.500000 0.000401
240.500000 0.000401
241.500000 0.000348
242.500000 0.000482
243.500000 0.000508
244.500000 0.000321
245.500000 0.000455
246.500000 0.000375
247.500000 0.000535
248.500000 0.000348
249.500000 0.000348
250.500000 0.000428
251.500000 0.000321
252.500000 0.000428
253.500000 0.000615
254.500000 0.000428
255.500000 0.000241
256.500000 0.000401
257.500000 0.000321
258.500000 0.000321
259.500000 0.000241
260.500000 0.000375
261.500000 0.000535
262.500000 0.000375
263.500000 0.000535
264.500000 0.000508
265.500000 0.000348
266.500000 0.000294
267.500000 0.000455
268.500000 0.000348
269.500000 0.000294
270.500000 0.000268
271.500000 0.000375
272.500000 0.000348
273.500000 0.000482
274.500000 0.000214
275.500000 0.000401
276.500000 0.000161
277.500000 0.000428
278.500000 0.000268
279.500000 0.000268
280.500000 0.000294
281.500000 0.000375
282.500000 0.000348
283.500000 0.000268
284.500000 0.000375
285.500000 0.000268
286.500000 0.000268
287.500000 0.000268
288.500000 0.000294
289.500000 0.000268
290.500000 0.000321
291.500000 0.000294
292.500000 0.000321
293.500000 0.000615
294.500000 0.000428
295.500000 0.000455
296.500000 0.000455
297.500000 0.000455
298.500000 0.000562
299.500000 0.000508
300.500000 0.000615
301.500000 0.000722
302.500000 0.000535
303.500000 0.000428
304.500000 0.000455
305.500000 0.000482
306.500000 0.000321
307.500000 0.000401
308.500000 0.000241
309.500000 0.000241
310.500000 0.000375
311.500000 0.000321
312.500000 0.000401
313.500000 0.000268
314.500000 0.000241
315.500000 0.000348
316.500000 0.000321
317.500000 0.000375
318.500000 0.000134
319.500000 0.000455
320.500000 0.000187
321.500000 0.000535
322.500000 0.000294
323.500000 0.000161
324.500000 0.000214
325.500000 0.000241
326.500000 0.000294
327.500000 0.000241
328.500000 0.000161
329.500000 0.000241
330.500000 0.000321
331.500000 0.000187
332.500000 0.000348
333.500000 0.000321
334.500000 0.000321
335.500000 0.000241
336.500000 0.000375
337.500000 0.000294
338.500000 0.000348
339.500000 0.000401
340.500000 0.000241
341.500000 0.000214
342.500000 0.000214
343.500000 0.000508
344.500000 0.000134
345.500000 0.000187
346.500000 0.000321
347.500000 0.000214
348.500000 0.000375
349.500000 0.000214
350.500000 0.000241
351.500000 0.000241
352.500000 0.000187
353.500000 0.000187
354.500000 0.000348
355.500000 0.000321
356.500000 0.000241
357.500000 0.000294
358.500000 0.000134
359.500000 0.000214
360.500000 0.000268
361.500000 0.000187
362.500000 0.000321
363.500000 0.000321
364.500000 0.000187
365.500000 0.000268
366.500000 0.000161
367.500000 0.000241
368.500000 0.000187
369.500000 0.000187
370.500000 0.000161
371.500000 0.000161
372.500000 0.000321
373.500000 0.000187
374.500000 0.000161
375.500000 0.000187
376.500000 0.000321
377.500000 0.000241
378.500000 0.000187
379.500000 0.000080
380.500000 0.000241
381.500000 0.000294
382.500000 0.000214
383.500000 0.000214
384.500000 0.000054
385.500000 0.000214
386.500000 0.000294
387.500000 0.000161
388.500000 0.000187
389.500000 0.000161
390.500000 0.000321
391.500000 0.000187
392.500000 0.000321
393.500000 0.000080
394.500000 0.000401
395.500000 0.000268
396.500000 0.000348
397.500000 0.000161
398.500000 0.000321
399.500000 0.000268
400.500000 0.000348
401.500000 0.000268
402.500000 0.000187
403.500000 0.000161
404.500000 0.000187
405.500000 0.000348
406.500000 0.000321
407.500000 0.000268
408.500000 0.000294
409.500000 0.000107
410.500000 0.000107
411.500000 0.000294
412.500000 0.000455
413.500000 0.000268
414.500000 0.000268
415.500000 0.000321
416.500000 0.000187
417.500000 0.000321
418.500000 0.000375
419.500000 0.000161
420.500000 0.000294
421.500000 0.000268
422.500000 0.000161
423.500000 0.000161
424.500000 0.000187
425.500000 0.000294
426.500000 0.000375
427.500000 0.000321
428.500000 0.000241
429.500000 0.000214
430.500000 0.000375
431.500000 0.000214
432.500000 0.000401
433.500000 0.000294
434.500000 0.000348
435.500000 0.000187
436.500000 0.000428
437.500000 0.000321
438.500000 0.000294
439.500000 0.000375
440.500000 0.000348
441.500000 0.000294
442.500000 0.000294
443.500000 0.000375
444.500000 0.000321
445.500000 0.000482
446.500000 0.000401
447.500000 0.000321
448.500000 0.000482
449.500000 0.000375
450.500000 0.000455
451.500000 0.000214
452.500000 0.000401
453.500000 0.000535
454.500000 0.000294
455.500000 0.000482
456.500000 0.000508
457.500000 0.000508
458.500000 0.000455
459.500000 0.000401
460.500000 0.000428
461.500000 0.000482
462.500000 0.000482
463.500000 0.000589
464.500000 0.000482
465.500000 0.000615
466.500000 0.000776
467.500000 0.000669
468.500000 0.000749
469.500000 0.000696
470.500000 0.000936
471.500000 0.001017
472.500000 0.001150
473.500000 0.000856
474.500000 0.001097
475.500000 0.001097
476.500000 0.001391
477.500000 0.001739
478.500000 0.001953
479.500000 0.002087
480.500000 0.002595
481.500000 0.002916
482.500000 0.003183
483.500000 0.004307
484.500000 0.003799
485.500000 0.004922
486.500000 0.005002
487.500000 0.004494
488.500000 0.004066
489.500000 0.004895
490.500000 0.004013
491.500000 0.004895
492.500000 0.004628
493.500000 0.005404
494.500000 0.004869
495.500000 0.005457
496.500000 0.004681
497.500000 0.004120
498.500000 0.003157
499.500000 0.003103
500.500000 0.002782
501.500000 0.002327
502.500000 0.001712
503.500000 0.001498
504.500000 0.001685
505.500000 0.001578
506.500000 0.001177
507.500000 0.001177
508.500000 0.000936
509.500000 0.000910
510.500000 0.001177
511.500000 0.001097
512.500000 0.001498
513.500000 0.001204
514.500000 0.001124
515.500000 0.000856
516.500000 0.000803
517.500000 0.000883
518.500000 0.001257
519.500000 0.000829
520.500000 0.000696
521.500000 0.000535
522.500000 0.000669
523.500000 0.000669
524.500000 0.000482
525.500000 0.000321
526.500000 0.000428
527.500000 0.000375
528.500000 0.000589
529.500000 0.000455
530.500000 0.000562
531.500000 0.000348
532.500000 0.000134
533.500000 0.000268
534.500000 0.000428
535.500000 0.000187
536.500000 0.000321
537.500000 0.000241
538.500000 0.000401
539.500000 0.000401
540.500000 0.000241
541.500000 0.000187
542.500000 0.000107
543.500000 0.000268
544.500000 0.000401
545.500000 0.000241
546.500000 0.000375
547.500000 0.000080
548.500000 0.000107
549.500000 0.000214
550.500000 0.000187
551.500000 0.000214
552.500000 0.000161
553.500000 0.000214
554.500000 0.000134
555.500000 0.000107
556.500000 0.000214
557.500000 0.000054
558.500000 0.000187
559.500000 0.000161
560.500000 0.000268
561.500000 0.000241
562.500000 0.000080
563.500000 0.000134
564.500000 0.000294
565.500000 0.000187
566.500000 0.000161
567.500000 0.000187
568.500000 0.000080
569.500000 0.000134
570.500000 0.000161
571.500000 0.000241
572.500000 0.000321
573.500000 0.000241
574.500000 0.000187
575.500000 0.000161
576.500000 0.000161
577.500000 0.000161
578.500000 0.000107
579.500000 0.000187
580.500000 0.000054
581.500000 0.000321
582.500000 0.000107
583.500000 0.000134
584.500000 0.000187
585.500000 0.000214
586.500000 0.000080
587.500000 0.000187
588.500000 0.000080
589.500000 0.000080
590.500000 0.000107
591.500000 0.000107
592.500000 0.000107
593.500000 0.000080
594.500000 0.000054
595.500000 0.000054
596.500000 0.000241
597.500000 0.000187
598.500000 0.000054
599.500000 0.000134
600.500000 0.000161
601.500000 0.000134
602.500000 0.000187
603.500000 0.000027
604.500000 0.000161
605.500000 0.000080
606.500000 0.000134
607.500000 0.000294
608.500000 0.000187
609.500000 0.000080
610.500000 0.000107
611.500000 0.000161
612.500000 0.000268
613.500000 0.000080
614.500000 0.000107
615.500000 0.000134
616.500000 0.000080
617.500000 0.000080
618.500000 0.000134
619.500000 0.000214
620.500000 0.000161
621.500000 0.000268
622.500000 0.000134
623.500000 0.000000
624.500000 0.000241
625.500000 0.000107
626.500000 0.000134
627.500000 0.000027
628.500000 0.000161
629.500000 0.000161
630.500000 0.000107
631.500000 0.000107
632.500000 0.000161
633.500000 0.000134
634.500000 0.000027
635.500000 0.000134
636.500000 0.000107
637.500000 0.000241
638.500000 0.000107
639.500000 0.000161
640.500000 0.000107
641.500000 0.000268
642.500000 0.000161
643.500000 0.000134
644.500000 0.000187
645.500000 0.000161
646.500000 0.000241
647.500000 0.000187
648.500000 0.000134
649.500000 0.000187
650.500000 0.000161
651.500000 0.000107
652.500000 0.000268
653.500000 0.000187
654.500000 0.000107
655.500000 0.000241
656.500000 0.000348
657.500000 0.000187
658.500000 0.000241
659.500000 0.000161
660.500000 0.000348
661.500000 0.000375
662.500000 0.000241
663.500000 0.000268
664.500000 0.000321
665.500000 0.000294
666.500000 0.000294
667.500000 0.000214
668.500000 0.000241
669.500000 0.000321
670.500000 0.000294
671.500000 0.000214
672.500000 0.000241
673.500000 0.000642
674.500000 0.000294
675.500000 0.000241
676.500000 0.000375
677.500000 0.000589
678.500000 0.000669
679.500000 0.000428
680.500000 0.000482
681.500000 0.000455
682.500000 0.000910
683.500000 0.000856
684.500000 0.001231
685.500000 0.002087
686.500000 0.002006
687.500000 0.001685
688.500000 0.001846
689.500000 0.002060
690.500000 0.002434
691.500000 0.002113
692.500000 0.003638
693.500000 0.003264
694.500000 0.003451
695.500000 0.004414
696.500000 0.006072
697.500000 0.007356
698.500000 0.007517
699.500000 0.007597
700.500000 0.007597
701.500000 0.007811
702.500000 0.006928
703.500000 0.004280
704.500000 0.003718
705.500000 0.002648
706.500000 0.002889
707.500000 0.001873
708.500000 0.002702
709.500000 0.002167
710.500000 0.002140
711.500000 0.002996
712.500000 0.002408
713.500000 0.001632
714.500000 0.001873
715.500000 0.001659
716.500000 0.001685
717.500000 0.001552
718.500000 0.001364
719.500000 0.001739
720.500000 0.001097
721.500000 0.001017
722.500000 0.000803
723.500000 0.000883
724.500000 0.001445
725.500000 0.001177
726.500000 0.001364
727.500000 0.001017
728.500000 0.000910
729.500000 0.000910
730.500000 0.000669
731.500000 0.000883
732.500000 0.000776
733.500000 0.000776
734.500000 0.000936
735.500000 0.000936
736.500000 0.000803
737.500000 0.000883
738.500000 0.000910
739.500000 0.001204
740.500000 0.001017
741.500000 0.001043
742.500000 0.001097
743.500000 0.000883
744.500000 0.001124
745.500000 0.001204
746.500000 0.001017
747.500000 0.000963
748.500000 0.000856
749.500000 0.001124
750.500000 0.000936
751.500000 0.000990
752.500000 0.000722
753.500000 0.001177
754.500000 0.000990
755.500000 0.000856
756.500000 0.001017
757.500000 0.001284
758.500000 0.001177
759.500000 0.000990
760.500000 0.001177
761.500000 0.001043
762.500000 0.001177
763.500000 0.001043
764.500000 0.001204
765.500000 0.000910
766.500000 0.001204
767.500000 0.000990
768.500000 0.001070
769.500000 0.001257
770.500000 0.001231
771.500000 0.001043
772.500000 0.001231
773.500000 0.001097
774.500000 0.001204
775.500000 0.001231
776.500000 0.001231
777.500000 0.001471
778.500000 0.001364
779.500000 0.001899
780.500000 0.001685
781.500000 0.001552
782.500000 0.001819
783.500000 0.001525
784.500000 0.001338
785.500000 0.001284
786.500000 0.001846
787.500000 0.001685
788.500000 0.001578
789.500000 0.001980
790.500000 0.002247
791.500000 0.001766
792.500000 0.002167
793.500000 0.002113
794.500000 0.001792
795.500000 0.001712
796.500000 0.001445
797.500000 0.001712
798.500000 0.001953
799.500000 0.001766
800.500000 0.002033
801.500000 0.002408
802.500000 0.002434
803.500000 0.001980
804.500000 0.002006
805.500000 0.002247
806.500000 0.001846
807.500000 0.002006
808.500000 0.001552
809.500000 0.001552
810.500000 0.001204
811.500000 0.001659
812.500000 0.001043
813.500000 0.001338
814.500000 0.001124
815.500000 0.000883
816.500000 0.001043
817.500000 0.001043
818.500000 0.000589
819.500000 0.000589
820.500000 0.000642
821.500000 0.000749
822.500000 0.000375
823.500000 0.000535
824.500000 0.000455
825.500000 0.000589
826.500000 0.000321
827.500000 0.000669
828.500000 0.000615
829.500000 0.000508
830.500000 0.000589
831.500000 0.000482
832.500000 0.000642
833.500000 0.000241
834.500000 0.000375
835.500000 0.000508
836.500000 0.000321
837.500000 0.000321
838.500000 0.000482
839.500000 0.000428
840.500000 0.000268
841.500000 0.000375
842.500000 0.000161
843.500000 0.000294
844.500000 0.000401
845.500000 0.000375
846.500000 0.000294
847.500000 0.000375
848.500000 0.000375
849.500000 0.000268
850.500000 0.000294
851.500000 0.000161
852.500000 0.000187
853.500000 0.000294
854.500000 0.000348
855.500000 0.000187
856.500000 0.000401
857.500000 0.000214
858.500000 0.000241
859.500000 0.000348
860.500000 0.000241
861.500000 0.000321
862.500000 0.000428
863.500000 0.000348
864.500000 0.000321
865.500000 0.000321
866.500000 0.000241
867.500000 0.000428
868.500000 0.000348
869.500000 0.000214
870.500000 0.000321
871.500000 0.000161
872.500000 0.000214
873.500000 0.000214
874.500000 0.000241
875.500000 0.000294
876.500000 0.000241
877.500000 0.000268
878.500000 0.000187
879.500000 0.000321
880.500000 0.000375
881.500000 0.000428
882.500000 0.000455
883.500000 0.000294
884.500000 0.000401
885.500000 0.000428
886.500000 0.000241
887.500000 0.000268
888.500000 0.000348
889.500000 0.000268
890.500000 0.000348
891.500000 0.000214
892.500000 0.000321
893.500000 0.000294
894.500000 0.000294
895.500000 0.000294
896.500000 0.000214
897.500000 0.000348
898.500000 0.000348
899.500000 0.000321
900.500000 0.000375
901.500000 0.000348
902.500000 0.000268
903.500000 0.000214
904.500000 0.000294
905.500000 0.000241
906.500000 0.000321
907.500000 0.000428
908.500000 0.000482
909.500000 0.000268
910.500000 0.000294
911.500000 0.000401
912.500000 0.000589
913.500000 0.000589
914.500000 0.000508
915.500000 0.000375
916.500000 0.000401
917.500000 0.000455
918.500000 0.000428
919.500000 0.000455
920.500000 0.000455
921.500000 0.000829
922.500000 0.000375
923.500000 0.000401
924.500000 0.000401
925.500000 0.000482
926.500000 0.000455
927.500000 0.000348
928.500000 0.000455
929.500000 0.000348
930.500000 0.000562
931.500000 0.000401
932.500000 0.000482
933.500000 0.000428
934.500000 0.000455
935.500000 0.000428
936.500000 0.000375
937.500000 0.000455
938.500000 0.000535
939.500000 0.000321
940.500000 0.000482
941.500000 0.000294
942.500000 0.000535
943.500000 0.000455
944.500000 0.000348
945.500000 0.000268
946.500000 0.000268
947.500000 0.000455
948.500000 0.000321
949.500000 0.000482
950.500000 0.000508
951.500000 0.000375
952.500000 0.000401
953.500000 0.000375
954.500000 0.000482
955.500000 0.000268
956.500000 0.000401
957.500000 0.000455
958.500000 0.000321
959.500000 0.000428
960.500000 0.000375
961.500000 0.000482
962.500000 0.000455
963.500000 0.000428
964.500000 0.000401
965.500000 0.000482
966.500000 0.000589
967.500000 0.000294
968.500000 0.000482
969.500000 0.000375
970.500000 0.000508
971.500000 0.000375
972.500000 0.000428
973.500000 0.000829
974.500000 0.000428
975.500000 0.000535
976.500000 0.000428
977.500000 0.000615
978.500000 0.000669
979.500000 0.000562
980.500000 0.000535
981.500000 0.000455
982.500000 0.000589
983.500000 0.000589
984.500000 0.000642
985.500000 0.000562
986.500000 0.000589
987.500000 0.000829
988.500000 0.000722
989.500000 0.000696
990.500000 0.000589
991.500000 0.000803
992.500000 0.000589
993.500000 0.000696
994.500000 0.000749
995.500000 0.000696
996.500000 0.000803
997.500000 0.000696
998.500000 0.000776
999.500000 0.000722
1000.500000 0.000642
1001.500000 0.000535
1002.500000 0.000669
1003.500000 0.000642
1004.500000 0.000722
1005.500000 0.000829
1006.500000 0.000910
1007.500000 0.000669
1008.500000 0.000936
1009.500000 0.000696
1010.500000 0.000883
1011.500000 0.000589
1012.500000 0.000696
1013.500000 0.000535
1014.500000 0.000428
1015.500000 0.000508
1016.500000 0.000696
1017.500000 0.000428
1018.500000 0.000669
1019.500000 0.000669
1020.500000 0.000482
1021.500000 0.000508
1022.500000 0.000508
1023.500000 0.000562
1024.500000 0.000749
1025.500000 0.000535
1026.500000 0.000562
1027.500000 0.000482
1028.500000 0.000401
1029.500000 0.000482
1030.500000 0.000348
1031.500000 0.000428
1032.500000 0.000241
1033.500000 0.000348
1034.500000 0.000161
1035.500000 0.000241
1036.500000 0.000348
1037.500000 0.000187
1038.500000 0.000348
1039.500000 0.000214
1040.500000 0.000294
1041.500000 0.000294
1042.500000 0.000214
1043.500000 0.000321
1044.500000 0.000214
1045.500000 0.000455
1046.500000 0.000401
1047.500000 0.000321
1048.500000 0.000428
1049.500000 0.000268
1050.500000 0.000187
1051.500000 0.000294
1052.500000 0.000268
1053.500000 0.000268
1054.500000 0.000294
1055.500000 0.000294
1056.500000 0.000187
1057.500000 0.000294
1058.500000 0.000107
1059.500000 0.000294
1060.500000 0.000375
1061.500000 0.000241
1062.500000 0.000294
1063.500000 0.000161
1064.500000 0.000482
1065.500000 0.000268
1066.500000 0.000214
1067.500000 0.000268
1068.500000 0.000375
1069.500000 0.000401
1070.500000 0.000134
1071.500000 0.000241
1072.500000 0.000268
1073.500000 0.000161
1074.500000 0.000375
1075.500000 0.000214
1076.500000 0.000134
1077.500000 0.000241
1078.500000 0.000214
1079.500000 0.000214
1080.500000 0.000294
1081.500000 0.000241
1082.500000 0.000268
1083.500000 0.000134
1084.500000 0.000187
1085.500000 0.000294
1086.500000 0.000241
1087.500000 0.000268
1088.500000 0.000214
1089.500000 0.000241
1090.500000 0.000375
1091.500000 0.000321
1092.500000 0.000294
1093.500000 0.000321
1094.500000 0.000214
1095.500000 0.000107
1096.500000 0.000268
1097.500000 0.000241
1098.500000 0.000187
1099.500000 0.000161
1100.500000 0.000187
1101.500000 0.000268
1102.500000 0.000348
1103.500000 0.000401
1104.500000 0.000187
1105.500000 0.000241
1106.500000 0.000187
1107.500000 0.000161
1108.500000 0.000268
1109.500000 0.000161
1110.500000 0.000348
1111.500000 0.000321
1112.500000 0.000161
1113.500000 0.000294
1114.500000 0.000214
1115.500000 0.000241
1116.500000 0.000214
1117.500000 0.000268
1118.500000 0.000401
1119.500000 0.000161
1120.500000 0.000187
1121.500000 0.000161
1122.500000 0.000107
1123.500000 0.000321
1124.500000 0.000214
1125.500000 0.000214
1126.500000 0.000187
1127.500000 0.000214
1128.500000 0.000321
1129.500000 0.000294
1130.500000 0.000268
1131.500000 0.000348
1132.500000 0.000161
1133.500000 0.000214
1134.500000 0.000294
1135.500000 0.000161
1136.500000 0.000161
1137.500000 0.000348
1138.500000 0.000187
1139.500000 0.000294
1140.500000 0.000401
1141.500000 0.000161
1142.500000 0.000268
1143.500000 0.000401
1144.500000 0.000321
1145.500000 0.000321
1146.500000 0.000294
1147.500000 0.000268
1148.500000 0.000187
1149.500000 0.000187
1150.500000 0.000401
1151.500000 0.000187
1152.500000 0.000241
1153.500000 0.000375
1154.500000 0.000375
1155.500000 0.000214
1156.500000 0.000241
1157.500000 0.000321
1158.500000 0.000214
1159.500000 0.000428
1160.500000 0.000214
1161.500000 0.000428
1162.500000 0.000455
1163.500000 0.000562
1164.500000 0.000348
1165.500000 0.000482
1166.500000 0.000401
1167.500000 0.000401
1168.500000 0.000455
1169.500000 0.000589
1170.500000 0.000562
1171.500000 0.000669
1172.500000 0.000749
1173.500000 0.000589
1174.500000 0.000722
1175.500000 0.000642
1176.500000 0.001338
1177.500000 0.001177
1178.500000 0.000990
1179.500000 0.000910
1180.500000 0.001124
1181.500000 0.001284
1182.500000 0.001284
1183.500000 0.001257
1184.500000 0.001846
1185.500000 0.001846
1186.500000 0.002140
1187.500000 0.002140
1188.500000 0.002809
1189.500000 0.003290
1190.500000 0.004146
1191.500000 0.005163
1192.500000 0.006206
1193.500000 0.007223
1194.500000 0.008962
1195.500000 0.009229
1196.500000 0.010139
1197.500000 0.009844
1198.500000 0.009470
1199.500000 0.010460
