0.000000 0.002099
1.000834 0.002351
2.001668 0.002581
3.002502 0.002780
4.003336 0.002943
5.004170 0.003065
6.005004 0.003145
7.005838 0.003184
8.006672 0.003186
9.007506 0.003157
10.008340 0.003102
11.009174 0.003027
12.010008 0.002940
13.010842 0.002844
14.011676 0.002743
15.012510 0.002641
16.013344 0.002539
17.014178 0.002438
18.015013 0.002338
19.015847 0.002239
20.016681 0.002141
21.017515 0.002043
22.018349 0.001947
23.019183 0.001852
24.020017 0.001761
25.020851 0.001672
26.021685 0.001589
27.022519 0.001511
28.023353 0.001440
29.024187 0.001375
30.025021 0.001317
31.025855 0.001266
32.026689 0.001221
33.027523 0.001182
34.028357 0.001149
35.029191 0.001119
36.030025 0.001094
37.030859 0.001072
38.031693 0.001053
39.032527 0.001037
40.033361 0.001023
41.034195 0.001013
42.035029 0.001006
43.035863 0.001001
44.036697 0.001000
45.037531 0.001001
46.038365 0.001005
47.039199 0.001012
48.040033 0.001020
49.040867 0.001029
50.041701 0.001039
51.042535 0.001049
52.043369 0.001057
53.044204 0.001064
54.045038 0.001069
55.045872 0.001072
56.046706 0.001072
57.047540 0.001071
58.048374 0.001069
59.049208 0.001065
60.050042 0.001061
61.050876 0.001058
62.051710 0.001056
63.052544 0.001056
64.053378 0.001057
65.054212 0.001060
66.055046 0.001066
67.055880 0.001072
68.056714 0.001080
69.057548 0.001089
70.058382 0.001097
71.059216 0.001106
72.060050 0.001114
73.060884 0.001121
74.061718 0.001128
75.062552 0.001133
76.063386 0.001138
77.064220 0.001143
78.065054 0.001148
79.065888 0.001152
80.066722 0.001157
81.067556 0.001162
82.068390 0.001168
83.069224 0.001174
84.070058 0.001181
85.070892 0.001187
86.071726 0.001194
87.072560 0.001200
88.073394 0.001206
89.074229 0.001211
90.075063 0.001214
91.075897 0.001217
92.076731 0.001218
93.077565 0.001218
94.078399 0.001216
95.079233 0.001212
96.080067 0.001206
97.080901 0.001199
98.081735 0.001189
99.082569 0.001178
100.083403 0.001165
101.084237 0.001150
102.085071 0.001133
103.085905 0.001114
104.086739 0.001094
105.087573 0.001073
106.088407 0.001050
107.089241 0.001027
108.090075 0.001003
109.090909 0.000979
110.091743 0.000956
111.092577 0.000933
112.093411 0.000911
113.094245 0.000891
114.095079 0.000872
115.095913 0.000855
116.096747 0.000840
117.097581 0.000828
118.098415 0.000818
119.099249 0.000811
120.100083 0.000807
121.100917 0.000806
122.101751 0.000808
123.102585 0.000812
124.103420 0.000818
125.104254 0.000825
126.105088 0.000832
127.105922 0.000840
128.106756 0.000846
129.107590 0.000851
130.108424 0.000854
131.109258 0.000854
132.110092 0.000852
133.110926 0.000848
134.111760 0.000842
135.112594 0.000835
136.113428 0.000826
137.114262 0.000818
138.115096 0.000810
139.115930 0.000803
140.116764 0.000797
141.117598 0.000794
142.118432 0.000792
143.119266 0.000792
144.120100 0.000794
145.120934 0.000797
146.121768 0.000801
147.122602 0.000805
148.123436 0.000809
149.124270 0.000812
150.125104 0.000814
151.125938 0.000814
152.126772 0.000813
153.127606 0.000810
154.128440 0.000805
155.129274 0.000798
156.130108 0.000790
157.130942 0.000781
158.131776 0.000772
159.132611 0.000762
160.133445 0.000752
161.134279 0.000742
162.135113 0.000733
163.135947 0.000724
164.136781 0.000716
165.137615 0.000708
166.138449 0.000701
167.139283 0.000695
168.140117 0.000688
169.140951 0.000682
170.141785 0.000675
171.142619 0.000668
172.143453 0.000661
173.144287 0.000653
174.145121 0.000645
175.145955 0.000637
176.146789 0.000628
177.147623 0.000619
178.148457 0.000610
179.149291 0.000602
180.150125 0.000593
181.150959 0.000585
182.151793 0.000577
183.152627 0.000569
184.153461 0.000562
185.154295 0.000556
186.155129 0.000549
187.155963 0.000544
188.156797 0.000538
189.157631 0.000532
190.158465 0.000527
191.159299 0.000521
192.160133 0.000515
193.160967 0.000509
194.161802 0.000503
195.162636 0.000497
196.163470 0.000490
197.164304 0.000484
198.165138 0.000477
199.165972 0.000471
200.166806 0.000464
201.167640 0.000458
202.168474 0.000452
203.169308 0.000446
204.170142 0.000440
205.170976 0.000434
206.171810 0.000430
207.172644 0.000425
208.173478 0.000422
209.174312 0.000420
210.175146 0.000418
211.175980 0.000418
212.176814 0.000418
213.177648 0.000419
214.178482 0.000420
215.179316 0.000422
216.180150 0.000424
217.180984 0.000425
218.181818 0.000427
219.182652 0.000428
220.183486 0.000428
221.184320 0.000427
222.185154 0.000426
223.185988 0.000423
224.186822 0.000419
225.187656 0.000414
226.188490 0.000409
227.189324 0.000403
228.190158 0.000397
229.190992 0.000391
230.191827 0.000386
231.192661 0.000381
232.193495 0.000377
233.194329 0.000374
234.195163 0.000372
235.195997 0.000371
236.196831 0.000370
237.197665 0.000370
238.198499 0.000371
239.199333 0.000371
240.200167 0.000372
241.201001 0.000373
242.201835 0.000374
243.202669 0.000374
244.203503 0.000375
245.204337 0.000375
246.205171 0.000376
247.206005 0.000377
248.206839 0.000378
249.207673 0.000379
250.208507 0.000380
251.209341 0.000381
252.210175 0.000382
253.211009 0.000383
254.211843 0.000383
255.212677 0.000383
256.213511 0.000383
257.214345 0.000382
258.215179 0.000380
259.216013 0.000378
260.216847 0.000375
261.217681 0.000372
262.218515 0.000369
263.219349 0.000365
264.220183 0.000362
265.221018 0.000359
266.221852 0.000357
267.222686 0.000355
268.223520 0.000354
269.224354 0.000353
270.225188 0.000353
271.226022 0.000354
272.226856 0.000355
273.227690 0.000356
274.228524 0.000357
275.229358 0.000358
276.230192 0.000358
277.231026 0.000358
278.231860 0.000358
279.232694 0.000357
280.233528 0.000356
281.234362 0.000355
282.235196 0.000354
283.236030 0.000353
284.236864 0.000352
285.237698 0.000351
286.238532 0.000349
287.239366 0.000348
288.240200 0.000346
289.241034 0.000343
290.241868 0.000341
291.242702 0.000339
292.243536 0.000337
293.244370 0.000335
294.245204 0.000334
295.246038 0.000333
296.246872 0.000333
297.247706 0.000333
298.248540 0.000334
299.249374 0.000335
300.250209 0.000336
301.251043 0.000337
302.251877 0.000338
303.252711 0.000339
304.253545 0.000340
305.254379 0.000340
306.255213 0.000341
307.256047 0.000341
308.256881 0.000341
309.257715 0.000342
310.258549 0.000342
311.259383 0.000342
312.260217 0.000342
313.261051 0.000342
314.261885 0.000341
315.262719 0.000340
316.263553 0.000338
317.264387 0.000336
318.265221 0.000333
319.266055 0.000330
320.266889 0.000326
321.267723 0.000322
322.268557 0.000318
323.269391 0.000314
324.270225 0.000310
325.271059 0.000306
326.271893 0.000302
327.272727 0.000299
328.273561 0.000297
329.274395 0.000295
330.275229 0.000294
331.276063 0.000294
332.276897 0.000294
333.277731 0.000294
334.278565 0.000295
335.279399 0.000296
336.280234 0.000296
337.281068 0.000297
338.281902 0.000298
339.282736 0.000298
340.283570 0.000298
341.284404 0.000298
342.285238 0.000297
343.286072 0.000296
344.286906 0.000295
345.287740 0.000293
346.288574 0.000291
347.289408 0.000289
348.290242 0.000286
349.291076 0.000284
350.291910 0.000281
351.292744 0.000279
352.293578 0.000277
353.294412 0.000275
354.295246 0.000274
355.296080 0.000274
356.296914 0.000274
357.297748 0.000276
358.298582 0.000278
359.299416 0.000282
360.300250 0.000285
361.301084 0.000289
362.301918 0.000294
363.302752 0.000298
364.303586 0.000301
365.304420 0.000304
366.305254 0.000306
367.306088 0.000308
368.306922 0.000308
369.307756 0.000308
370.308590 0.000307
371.309425 0.000306
372.310259 0.000305
373.311093 0.000303
374.311927 0.000302
375.312761 0.000301
376.313595 0.000300
377.314429 0.000300
378.315263 0.000299
379.316097 0.000300
380.316931 0.000300
381.317765 0.000300
382.318599 0.000301
383.319433 0.000302
384.320267 0.000302
385.321101 0.000303
386.321935 0.000304
387.322769 0.000305
388.323603 0.000306
389.324437 0.000307
390.325271 0.000308
391.326105 0.000310
392.326939 0.000312
393.327773 0.000314
394.328607 0.000317
395.329441 0.000320
396.330275 0.000324
397.331109 0.000328
398.331943 0.000331
399.332777 0.000335
400.333611 0.000338
401.334445 0.000341
402.335279 0.000344
403.336113 0.000347
404.336947 0.000350
405.337781 0.000352
406.338616 0.000355
407.339450 0.000358
408.340284 0.000362
409.341118 0.000367
410.341952 0.000372
411.342786 0.000377
412.343620 0.000383
413.344454 0.000389
414.345288 0.000394
415.346122 0.000400
416.346956 0.000405
417.347790 0.000410
418.348624 0.000415
419.349458 0.000419
420.350292 0.000424
421.351126 0.000429
422.351960 0.000435
423.352794 0.000441
424.353628 0.000448
425.354462 0.000455
426.355296 0.000463
427.356130 0.000471
428.356964 0.000479
429.357798 0.000487
430.358632 0.000494
431.359466 0.000502
432.360300 0.000509
433.361134 0.000516
434.361968 0.000523
435.362802 0.000530
436.363636 0.000537
437.364470 0.000545
438.365304 0.000553
439.366138 0.000561
440.366972 0.000570
441.367807 0.000578
442.368641 0.000587
443.369475 0.000597
444.370309 0.000606
445.371143 0.000616
446.371977 0.000627
447.372811 0.000638
448.373645 0.000649
449.374479 0.000661
450.375313 0.000674
451.376147 0.000688
452.376981 0.000702
453.377815 0.000717
454.378649 0.000733
455.379483 0.000749
456.380317 0.000767
457.381151 0.000785
458.381985 0.000805
459.382819 0.000826
460.383653 0.000850
461.384487 0.000875
462.385321 0.000904
463.386155 0.000935
464.386989 0.000969
465.387823 0.001006
466.388657 0.001045
467.389491 0.001087
468.390325 0.001132
469.391159 0.001178
470.391993 0.001226
471.392827 0.001275
472.393661 0.001325
473.394495 0.001375
474.395329 0.001426
475.396163 0.001477
476.396997 0.001527
477.397832 0.001576
478.398666 0.001624
479.399500 0.001670
480.400334 0.001715
481.401168 0.001758
482.402002 0.001799
483.402836 0.001839
484.403670 0.001879
485.404504 0.001918
486.405338 0.001956
487.406172 0.001995
488.407006 0.002034
489.407840 0.002072
490.408674 0.002108
491.409508 0.002141
492.410342 0.002170
493.411176 0.002192
494.412010 0.002207
495.412844 0.002213
496.413678 0.002210
497.414512 0.002198
498.415346 0.002178
499.416180 0.002150
500.417014 0.002116
501.417848 0.002078
502.418682 0.002038
503.419516 0.001998
504.420350 0.001959
505.421184 0.001921
506.422018 0.001886
507.422852 0.001854
508.423686 0.001824
509.424520 0.001795
510.425354 0.001768
511.426188 0.001741
512.427023 0.001714
513.427857 0.001687
514.428691 0.001659
515.429525 0.001630
516.430359 0.001600
517.431193 0.001569
518.432027 0.001537
519.432861 0.001504
520.433695 0.001470
521.434529 0.001435
522.435363 0.001399
523.436197 0.001362
524.437031 0.001323
525.437865 0.001283
526.438699 0.001242
527.439533 0.001200
528.440367 0.001157
529.441201 0.001114
530.442035 0.001071
531.442869 0.001027
532.443703 0.000984
533.444537 0.000941
534.445371 0.000899
535.446205 0.000858
536.447039 0.000818
537.447873 0.000779
538.448707 0.000742
539.449541 0.000706
540.450375 0.000673
541.451209 0.000642
542.452043 0.000613
543.452877 0.000587
544.453711 0.000564
545.454545 0.000543
546.455379 0.000524
547.456214 0.000508
548.457048 0.000494
549.457882 0.000483
550.458716 0.000473
551.459550 0.000464
552.460384 0.000457
553.461218 0.000450
554.462052 0.000444
555.462886 0.000437
556.463720 0.000430
557.464554 0.000423
558.465388 0.000415
559.466222 0.000406
560.467056 0.000396
561.467890 0.000386
562.468724 0.000376
563.469558 0.000365
564.470392 0.000354
565.471226 0.000344
566.472060 0.000335
567.472894 0.000326
568.473728 0.000319
569.474562 0.000312
570.475396 0.000306
571.476230 0.000301
572.477064 0.000297
573.477898 0.000293
574.478732 0.000288
575.479566 0.000284
576.480400 0.000279
577.481234 0.000274
578.482068 0.000268
579.482902 0.000262
580.483736 0.000255
581.484570 0.000248
582.485405 0.000242
583.486239 0.000235
584.487073 0.000229
585.487907 0.000224
586.488741 0.000219
587.489575 0.000215
588.490409 0.000212
589.491243 0.000210
590.492077 0.000208
591.492911 0.000207
592.493745 0.000207
593.494579 0.000206
594.495413 0.000206
595.496247 0.000206
596.497081 0.000206
597.497915 0.000205
598.498749 0.000204
599.499583 0.000202
600.500417 0.000201
601.501251 0.000199
602.502085 0.000197
603.502919 0.000195
604.503753 0.000194
605.504587 0.000193
606.505421 0.000193
607.506255 0.000194
608.507089 0.000195
609.507923 0.000197
610.508757 0.000199
611.509591 0.000202
612.510425 0.000206
613.511259 0.000210
614.512093 0.000214
615.512927 0.000219
616.513761 0.000224
617.514595 0.000230
618.515430 0.000236
619.516264 0.000242
620.517098 0.000248
621.517932 0.000254
622.518766 0.000259
623.519600 0.000264
624.520434 0.000268
625.521268 0.000270
626.522102 0.000272
627.522936 0.000273
628.523770 0.000273
629.524604 0.000273
630.525438 0.000273
631.526272 0.000273
632.527106 0.000273
633.527940 0.000275
634.528774 0.000277
635.529608 0.000280
636.530442 0.000285
637.531276 0.000291
638.532110 0.000298
639.532944 0.000306
640.533778 0.000315
641.534612 0.000326
642.535446 0.000337
643.536280 0.000349
644.537114 0.000361
645.537948 0.000373
646.538782 0.000385
647.539616 0.000397
648.540450 0.000408
649.541284 0.000419
650.542118 0.000428
651.542952 0.000437
652.543786 0.000444
653.544621 0.000450
654.545455 0.000455
655.546289 0.000460
656.547123 0.000464
657.547957 0.000468
658.548791 0.000472
659.549625 0.000477
660.550459 0.000482
661.551293 0.000489
662.552127 0.000497
663.552961 0.000506
664.553795 0.000516
665.554629 0.000529
666.555463 0.000543
667.556297 0.000559
668.557131 0.000578
669.557965 0.000600
670.558799 0.000625
671.559633 0.000653
672.560467 0.000686
673.561301 0.000723
674.562135 0.000764
675.562969 0.000810
676.563803 0.000861
677.564637 0.000915
678.565471 0.000972
679.566305 0.001033
680.567139 0.001096
681.567973 0.001161
682.568807 0.001227
683.569641 0.001294
684.570475 0.001362
685.571309 0.001431
686.572143 0.001500
687.572977 0.001570
688.573812 0.001640
689.574646 0.001711
690.575480 0.001782
691.576314 0.001853
692.577148 0.001924
693.577982 0.001993
694.578816 0.002060
695.579650 0.002124
696.580484 0.002184
697.581318 0.002238
698.582152 0.002287
699.582986 0.002328
700.583820 0.002362
701.584654 0.002388
702.585488 0.002406
703.586322 0.002416
704.587156 0.002419
705.587990 0.002414
706.588824 0.002403
707.589658 0.002385
708.590492 0.002362
709.591326 0.002332
710.592160 0.002297
711.592994 0.002257
712.593828 0.002212
713.594662 0.002163
714.595496 0.002109
715.596330 0.002052
716.597164 0.001992
717.597998 0.001930
718.598832 0.001866
719.599666 0.001802
720.600500 0.001739
721.601334 0.001676
722.602168 0.001614
723.603003 0.001554
724.603837 0.001496
725.604671 0.001440
726.605505 0.001388
727.606339 0.001339
728.607173 0.001294
729.608007 0.001253
730.608841 0.001217
731.609675 0.001185
732.610509 0.001159
733.611343 0.001137
734.612177 0.001119
735.613011 0.001105
736.613845 0.001095
737.614679 0.001088
738.615513 0.001083
739.616347 0.001080
740.617181 0.001079
741.618015 0.001078
742.618849 0.001078
743.619683 0.001079
744.620517 0.001079
745.621351 0.001078
746.622185 0.001077
747.623019 0.001076
748.623853 0.001074
749.624687 0.001070
750.625521 0.001067
751.626355 0.001062
752.627189 0.001058
753.628023 0.001053
754.628857 0.001048
755.629691 0.001044
756.630525 0.001040
757.631359 0.001038
758.632193 0.001037
759.633028 0.001037
760.633862 0.001040
761.634696 0.001043
762.635530 0.001048
763.636364 0.001055
764.637198 0.001062
765.638032 0.001070
766.638866 0.001079
767.639700 0.001087
768.640534 0.001095
769.641368 0.001103
770.642202 0.001111
771.643036 0.001117
772.643870 0.001123
773.644704 0.001129
774.645538 0.001133
775.646372 0.001136
776.647206 0.001138
777.648040 0.001140
778.648874 0.001139
779.649708 0.001138
780.650542 0.001135
781.651376 0.001132
782.652210 0.001127
783.653044 0.001123
784.653878 0.001118
785.654712 0.001114
786.655546 0.001111
787.656380 0.001110
788.657214 0.001111
789.658048 0.001114
790.658882 0.001118
791.659716 0.001125
792.660550 0.001133
793.661384 0.001142
794.662219 0.001152
795.663053 0.001162
796.663887 0.001171
797.664721 0.001180
798.665555 0.001187
799.666389 0.001192
800.667223 0.001195
801.668057 0.001194
802.668891 0.001191
803.669725 0.001185
804.670559 0.001176
805.671393 0.001165
806.672227 0.001152
807.673061 0.001138
808.673895 0.001123
809.674729 0.001109
810.675563 0.001095
811.676397 0.001083
812.677231 0.001071
813.678065 0.001062
814.678899 0.001053
815.679733 0.001045
816.680567 0.001039
817.681401 0.001032
818.682235 0.001025
819.683069 0.001018
820.683903 0.001010
821.684737 0.001001
822.685571 0.000991
823.686405 0.000980
824.687239 0.000968
825.688073 0.000956
826.688907 0.000944
827.689741 0.000933
828.690575 0.000923
829.691410 0.000913
830.692244 0.000905
831.693078 0.000897
832.693912 0.000890
833.694746 0.000883
834.695580 0.000876
835.696414 0.000867
836.697248 0.000857
837.698082 0.000846
838.698916 0.000833
839.699750 0.000819
840.700584 0.000803
841.701418 0.000786
842.702252 0.000768
843.703086 0.000750
844.703920 0.000732
845.704754 0.000713
846.705588 0.000695
847.706422 0.000677
848.707256 0.000659
849.708090 0.000641
850.708924 0.000623
851.709758 0.000604
852.710592 0.000586
853.711426 0.000569
854.712260 0.000552
855.713094 0.000535
856.713928 0.000520
857.714762 0.000505
858.715596 0.000491
859.716430 0.000479
860.717264 0.000467
861.718098 0.000457
862.718932 0.000447
863.719766 0.000438
864.720601 0.000429
865.721435 0.000421
866.722269 0.000414
867.723103 0.000408
868.723937 0.000401
869.724771 0.000396
870.725605 0.000391
871.726439 0.000387
872.727273 0.000384
873.728107 0.000381
874.728941 0.000378
875.729775 0.000377
876.730609 0.000376
877.731443 0.000375
878.732277 0.000374
879.733111 0.000374
880.733945 0.000374
881.734779 0.000374
882.735613 0.000375
883.736447 0.000375
884.737281 0.000375
885.738115 0.000374
886.738949 0.000374
887.739783 0.000373
888.740617 0.000371
889.741451 0.000369
890.742285 0.000366
891.743119 0.000363
892.743953 0.000359
893.744787 0.000356
894.745621 0.000352
895.746455 0.000348
896.747289 0.000346
897.748123 0.000343
898.748957 0.000342
899.749791 0.000342
900.750626 0.000342
901.751460 0.000343
902.752294 0.000345
903.753128 0.000348
904.753962 0.000351
905.754796 0.000353
906.755630 0.000356
907.756464 0.000357
908.757298 0.000359
909.758132 0.000359
910.758966 0.000360
911.759800 0.000359
912.760634 0.000358
913.761468 0.000357
914.762302 0.000355
915.763136 0.000354
916.763970 0.000352
917.764804 0.000352
918.765638 0.000352
919.766472 0.000352
920.767306 0.000354
921.768140 0.000356
922.768974 0.000360
923.769808 0.000365
924.770642 0.000370
925.771476 0.000377
926.772310 0.000383
927.773144 0.000390
928.773978 0.000397
929.774812 0.000404
930.775646 0.000410
931.776480 0.000416
932.777314 0.000420
933.778148 0.000424
934.778982 0.000426
935.779817 0.000428
936.780651 0.000428
937.781485 0.000428
938.782319 0.000427
939.783153 0.000426
940.783987 0.000424
941.784821 0.000423
942.785655 0.000421
943.786489 0.000420
944.787323 0.000419
945.788157 0.000419
946.788991 0.000419
947.789825 0.000419
948.790659 0.000420
949.791493 0.000422
950.792327 0.000424
951.793161 0.000426
952.793995 0.000429
953.794829 0.000433
954.795663 0.000438
955.796497 0.000444
956.797331 0.000451
957.798165 0.000458
958.798999 0.000467
959.799833 0.000475
960.800667 0.000485
961.801501 0.000494
962.802335 0.000503
963.803169 0.000512
964.804003 0.000521
965.804837 0.000528
966.805671 0.000536
967.806505 0.000542
968.807339 0.000548
969.808173 0.000554
970.809008 0.000559
971.809842 0.000564
972.810676 0.000569
973.811510 0.000575
974.812344 0.000580
975.813178 0.000587
976.814012 0.000594
977.814846 0.000603
978.815680 0.000612
979.816514 0.000623
980.817348 0.000634
981.818182 0.000647
982.819016 0.000660
983.819850 0.000673
984.820684 0.000687
985.821518 0.000701
986.822352 0.000715
987.823186 0.000729
988.824020 0.000742
989.824854 0.000755
990.825688 0.000767
991.826522 0.000778
992.827356 0.000788
993.828190 0.000797
994.829024 0.000805
995.829858 0.000811
996.830692 0.000815
997.831526 0.000817
998.832360 0.000817
999.833194 0.000815
1000.834028 0.000812
1001.834862 0.000808
1002.835696 0.000803
1003.836530 0.000797
1004.837364 0.000792
1005.838198 0.000786
1006.839033 0.000782
1007.839867 0.000778
1008.840701 0.000776
1009.841535 0.000775
1010.842369 0.000775
1011.843203 0.000775
1012.844037 0.000777
1013.844871 0.000780
1014.845705 0.000783
1015.846539 0.000786
1016.847373 0.000790
1017.848207 0.000794
1018.849041 0.000797
1019.849875 0.000801
1020.850709 0.000804
1021.851543 0.000807
1022.852377 0.000809
1023.853211 0.000811
1024.854045 0.000813
1025.854879 0.000814
1026.855713 0.000814
1027.856547 0.000813
1028.857381 0.000812
1029.858215 0.000810
1030.859049 0.000808
1031.859883 0.000804
1032.860717 0.000800
1033.861551 0.000795
1034.862385 0.000789
1035.863219 0.000782
1036.864053 0.000774
1037.864887 0.000764
1038.865721 0.000753
1039.866555 0.000741
1040.867389 0.000727
1041.868224 0.000711
1042.869058 0.000694
1043.869892 0.000676
1044.870726 0.000658
1045.871560 0.000639
1046.872394 0.000620
1047.873228 0.000602
1048.874062 0.000585
1049.874896 0.000570
1050.875730 0.000556
1051.876564 0.000543
1052.877398 0.000532
1053.878232 0.000523
1054.879066 0.000515
1055.879900 0.000508
1056.880734 0.000502
1057.881568 0.000496
1058.882402 0.000491
1059.883236 0.000487
1060.884070 0.000483
1061.884904 0.000480
1062.885738 0.000477
1063.886572 0.000475
1064.887406 0.000474
1065.888240 0.000473
1066.889074 0.000474
1067.889908 0.000475
1068.890742 0.000476
1069.891576 0.000478
1070.892410 0.000479
1071.893244 0.000479
1072.894078 0.000479
1073.894912 0.000478
1074.895746 0.000475
1075.896580 0.000470
1076.897415 0.000464
1077.898249 0.000457
1078.899083 0.000447
1079.899917 0.000437
1080.900751 0.000426
1081.901585 0.000414
1082.902419 0.000403
1083.903253 0.000391
1084.904087 0.000381
1085.904921 0.000372
1086.905755 0.000364
1087.906589 0.000358
1088.907423 0.000353
1089.908257 0.000349
1090.909091 0.000346
1091.909925 0.000344
1092.910759 0.000343
1093.911593 0.000342
1094.912427 0.000342
1095.913261 0.000341
1096.914095 0.000341
1097.914929 0.000341
1098.915763 0.000342
1099.916597 0.000342
1100.917431 0.000342
1101.918265 0.000343
1102.919099 0.000343
1103.919933 0.000344
1104.920767 0.000345
1105.921601 0.000346
1106.922435 0.000347
1107.923269 0.000349
1108.924103 0.000351
1109.924937 0.000353
1110.925771 0.000356
1111.926606 0.000359
1112.927440 0.000361
1113.928274 0.000364
1114.929108 0.000366
1115.929942 0.000367
1116.930776 0.000368
1117.931610 0.000368
1118.932444 0.000368
1119.933278 0.000368
1120.934112 0.000367
1121.934946 0.000367
1122.935780 0.000366
1123.936614 0.000367
1124.937448 0.000368
1125.938282 0.000370
1126.939116 0.000372
1127.939950 0.000376
1128.940784 0.000380
1129.941618 0.000385
1130.942452 0.000391
1131.943286 0.000397
1132.944120 0.000404
1133.944954 0.000411
1134.945788 0.000418
1135.946622 0.000426
1136.947456 0.000433
1137.948290 0.000442
1138.949124 0.000450
1139.949958 0.000459
1140.950792 0.000468
1141.951626 0.000478
1142.952460 0.000489
1143.953294 0.000501
1144.954128 0.000514
1145.954962 0.000528
1146.955796 0.000544
1147.956631 0.000562
1148.957465 0.000581
1149.958299 0.000602
1150.959133 0.000625
1151.959967 0.000649
1152.960801 0.000674
1153.961635 0.000700
1154.962469 0.000726
1155.963303 0.000753
1156.964137 0.000781
1157.964971 0.000809
1158.965805 0.000838
1159.966639 0.000868
1160.967473 0.000900
1161.968307 0.000934
1162.969141 0.000970
1163.969975 0.001010
1164.970809 0.001054
1165.971643 0.001102
1166.972477 0.001154
1167.973311 0.001212
1168.974145 0.001275
1169.974979 0.001345
1170.975813 0.001422
1171.976647 0.001507
1172.977481 0.001602
1173.978315 0.001706
1174.979149 0.001822
1175.979983 0.001950
1176.980817 0.002089
1177.981651 0.002240
1178.982485 0.002402
1179.983319 0.002572
1180.984153 0.002749
1181.984987 0.002930
1182.985822 0.003111
1183.986656 0.003290
1184.987490 0.003462
1185.988324 0.003624
1186.989158 0.003771
1187.989992 0.003900
1188.990826 0.004005
1189.991660 0.004081
1190.992494 0.004123
1191.993328 0.004126
1192.994162 0.004084
1193.994996 0.003993
1194.995830 0.003852
1195.996664 0.003661
1196.997498 0.003424
1197.998332 0.003147
1198.999166 0.002838
1200.000000 0.002510
