0.000000 0.002043
1.000834 0.002309
2.001668 0.002561
3.002502 0.002793
4.003336 0.002996
5.004170 0.003168
6.005004 0.003304
7.005838 0.003405
8.006672 0.003471
9.007506 0.003505
10.008340 0.003509
11.009174 0.003489
12.010008 0.003447
13.010842 0.003388
14.011676 0.003314
15.012510 0.003230
16.013344 0.003138
17.014178 0.003041
18.015013 0.002940
19.015847 0.002837
20.016681 0.002734
21.017515 0.002632
22.018349 0.002531
23.019183 0.002432
24.020017 0.002336
25.020851 0.002243
26.021685 0.002153
27.022519 0.002067
28.023353 0.001985
29.024187 0.001906
30.025021 0.001832
31.025855 0.001760
32.026689 0.001693
33.027523 0.001629
34.028357 0.001568
35.029191 0.001512
36.030025 0.001459
37.030859 0.001410
38.031693 0.001365
39.032527 0.001325
40.033361 0.001289
41.034195 0.001257
42.035029 0.001229
43.035863 0.001205
44.036697 0.001185
45.037531 0.001167
46.038365 0.001152
47.039199 0.001139
48.040033 0.001126
49.040867 0.001115
50.041701 0.001103
51.042535 0.001091
52.043369 0.001079
53.044204 0.001067
54.045038 0.001054
55.045872 0.001041
56.046706 0.001028
57.047540 0.001016
58.048374 0.001005
59.049208 0.000995
60.050042 0.000987
61.050876 0.000981
62.051710 0.000977
63.052544 0.000974
64.053378 0.000973
65.054212 0.000973
66.055046 0.000974
67.055880 0.000975
68.056714 0.000976
69.057548 0.000977
70.058382 0.000977
71.059216 0.000977
72.060050 0.000976
73.060884 0.000974
74.061718 0.000971
75.062552 0.000967
76.063386 0.000962
77.064220 0.000956
78.065054 0.000949
79.065888 0.000941
80.066722 0.000933
81.067556 0.000924
82.068390 0.000915
83.069224 0.000906
84.070058 0.000898
85.070892 0.000890
86.071726 0.000883
87.072560 0.000877
88.073394 0.000871
89.074229 0.000866
90.075063 0.000861
91.075897 0.000856
92.076731 0.000852
93.077565 0.000847
94.078399 0.000843
95.079233 0.000838
96.080067 0.000833
97.080901 0.000828
98.081735 0.000824
99.082569 0.000819
100.083403 0.000816
101.084237 0.000813
102.085071 0.000810
103.085905 0.000809
104.086739 0.000807
105.087573 0.000806
106.088407 0.000806
107.089241 0.000806
108.090075 0.000805
109.090909 0.000805
110.091743 0.000804
111.092577 0.000803
112.093411 0.000801
113.094245 0.000799
114.095079 0.000797
115.095913 0.000794
116.096747 0.000791
117.097581 0.000788
118.098415 0.000784
119.099249 0.000781
120.100083 0.000776
121.100917 0.000772
122.101751 0.000768
123.102585 0.000763
124.103420 0.000757
125.104254 0.000751
126.105088 0.000744
127.105922 0.000737
128.106756 0.000729
129.107590 0.000720
130.108424 0.000711
131.109258 0.000701
132.110092 0.000692
133.110926 0.000682
134.111760 0.000672
135.112594 0.000663
136.113428 0.000653
137.114262 0.000645
138.115096 0.000636
139.115930 0.000627
140.116764 0.000619
141.117598 0.000611
142.118432 0.000602
143.119266 0.000594
144.120100 0.000586
145.120934 0.000577
146.121768 0.000569
147.122602 0.000561
148.123436 0.000553
149.124270 0.000545
150.125104 0.000537
151.125938 0.000530
152.126772 0.000524
153.127606 0.000518
154.128440 0.000512
155.129274 0.000506
156.130108 0.000501
157.130942 0.000497
158.131776 0.000493
159.132611 0.000489
160.133445 0.000485
161.134279 0.000481
162.135113 0.000477
163.135947 0.000474
164.136781 0.000470
165.137615 0.000466
166.138449 0.000462
167.139283 0.000459
168.140117 0.000455
169.140951 0.000452
170.141785 0.000449
171.142619 0.000446
172.143453 0.000444
173.144287 0.000441
174.145121 0.000439
175.145955 0.000438
176.146789 0.000436
177.147623 0.000434
178.148457 0.000432
179.149291 0.000429
180.150125 0.000426
181.150959 0.000423
182.151793 0.000419
183.152627 0.000414
184.153461 0.000408
185.154295 0.000403
186.155129 0.000397
187.155963 0.000391
188.156797 0.000385
189.157631 0.000380
190.158465 0.000375
191.159299 0.000371
192.160133 0.000367
193.160967 0.000364
194.161802 0.000362
195.162636 0.000359
196.163470 0.000357
197.164304 0.000355
198.165138 0.000354
199.165972 0.000352
200.166806 0.000350
201.167640 0.000348
202.168474 0.000346
203.169308 0.000343
204.170142 0.000341
205.170976 0.000339
206.171810 0.000336
207.172644 0.000333
208.173478 0.000330
209.174312 0.000328
210.175146 0.000325
211.175980 0.000322
212.176814 0.000319
213.177648 0.000317
214.178482 0.000315
215.179316 0.000313
216.180150 0.000311
217.180984 0.000309
218.181818 0.000308
219.182652 0.000306
220.183486 0.000305
221.184320 0.000304
222.185154 0.000303
223.185988 0.000303
224.186822 0.000302
225.187656 0.000302
226.188490 0.000301
227.189324 0.000301
228.190158 0.000301
229.190992 0.000301
230.191827 0.000302
231.192661 0.000302
232.193495 0.000303
233.194329 0.000305
234.195163 0.000306
235.195997 0.000307
236.196831 0.000309
237.197665 0.000310
238.198499 0.000311
239.199333 0.000312
240.200167 0.000312
241.201001 0.000311
242.201835 0.000310
243.202669 0.000308
244.203503 0.000306
245.204337 0.000303
246.205171 0.000300
247.206005 0.000296
248.206839 0.000293
249.207673 0.000290
250.208507 0.000286
251.209341 0.000284
252.210175 0.000281
253.211009 0.000279
254.211843 0.000277
255.212677 0.000275
256.213511 0.000274
257.214345 0.000272
258.215179 0.000271
259.216013 0.000270
260.216847 0.000268
261.217681 0.000267
262.218515 0.000265
263.219349 0.000263
264.220183 0.000261
265.221018 0.000259
266.221852 0.000257
267.222686 0.000255
268.223520 0.000254
269.224354 0.000254
270.225188 0.000253
271.226022 0.000254
272.226856 0.000255
273.227690 0.000257
274.228524 0.000258
275.229358 0.000261
276.230192 0.000263
277.231026 0.000264
278.231860 0.000266
279.232694 0.000267
280.233528 0.000268
281.234362 0.000268
282.235196 0.000267
283.236030 0.000267
284.236864 0.000267
285.237698 0.000266
286.238532 0.000266
287.239366 0.000266
288.240200 0.000266
289.241034 0.000266
290.241868 0.000267
291.242702 0.000268
292.243536 0.000269
293.244370 0.000270
294.245204 0.000271
295.246038 0.000271
296.246872 0.000272
297.247706 0.000272
298.248540 0.000271
299.249374 0.000271
300.250209 0.000270
301.251043 0.000269
302.251877 0.000269
303.252711 0.000268
304.253545 0.000268
305.254379 0.000268
306.255213 0.000268
307.256047 0.000269
308.256881 0.000270
309.257715 0.000271
310.258549 0.000272
311.259383 0.000274
312.260217 0.000276
313.261051 0.000278
314.261885 0.000280
315.262719 0.000282
316.263553 0.000283
317.264387 0.000285
318.265221 0.000286
319.266055 0.000287
320.266889 0.000287
321.267723 0.000288
322.268557 0.000289
323.269391 0.000290
324.270225 0.000291
325.271059 0.000292
326.271893 0.000294
327.272727 0.000296
328.273561 0.000298
329.274395 0.000300
330.275229 0.000302
331.276063 0.000304
332.276897 0.000305
333.277731 0.000305
334.278565 0.000305
335.279399 0.000304
336.280234 0.000303
337.281068 0.000301
338.281902 0.000300
339.282736 0.000298
340.283570 0.000297
341.284404 0.000296
342.285238 0.000295
343.286072 0.000295
344.286906 0.000295
345.287740 0.000295
346.288574 0.000295
347.289408 0.000295
348.290242 0.000295
349.291076 0.000294
350.291910 0.000293
351.292744 0.000291
352.293578 0.000290
353.294412 0.000288
354.295246 0.000287
355.296080 0.000286
356.296914 0.000285
357.297748 0.000285
358.298582 0.000285
359.299416 0.000286
360.300250 0.000287
361.301084 0.000289
362.301918 0.000291
363.302752 0.000293
364.303586 0.000296
365.304420 0.000299
366.305254 0.000302
367.306088 0.000305
368.306922 0.000309
369.307756 0.000313
370.308590 0.000318
371.309425 0.000323
372.310259 0.000329
373.311093 0.000335
374.311927 0.000341
375.312761 0.000347
376.313595 0.000353
377.314429 0.000359
378.315263 0.000364
379.316097 0.000369
380.316931 0.000373
381.317765 0.000376
382.318599 0.000378
383.319433 0.000380
384.320267 0.000381
385.321101 0.000382
386.321935 0.000382
387.322769 0.000382
388.323603 0.000381
389.324437 0.000380
390.325271 0.000379
391.326105 0.000378
392.326939 0.000377
393.327773 0.000376
394.328607 0.000375
395.329441 0.000374
396.330275 0.000373
397.331109 0.000372
398.331943 0.000371
399.332777 0.000371
400.333611 0.000371
401.334445 0.000371
402.335279 0.000372
403.336113 0.000374
404.336947 0.000376
405.337781 0.000378
406.338616 0.000381
407.339450 0.000384
408.340284 0.000387
409.341118 0.000390
410.341952 0.000393
411.342786 0.000395
412.343620 0.000397
413.344454 0.000399
414.345288 0.000401
415.346122 0.000403
416.346956 0.000405
417.347790 0.000407
418.348624 0.000410
419.349458 0.000413
420.350292 0.000417
421.351126 0.000421
422.351960 0.000426
423.352794 0.000431
424.353628 0.000437
425.354462 0.000443
426.355296 0.000449
427.356130 0.000455
428.356964 0.000461
429.357798 0.000467
430.358632 0.000473
431.359466 0.000478
432.360300 0.000483
433.361134 0.000488
434.361968 0.000493
435.362802 0.000497
436.363636 0.000502
437.364470 0.000506
438.365304 0.000511
439.366138 0.000516
440.366972 0.000521
441.367807 0.000526
442.368641 0.000531
443.369475 0.000536
444.370309 0.000541
445.371143 0.000545
446.371977 0.000550
447.372811 0.000554
448.373645 0.000558
449.374479 0.000563
450.375313 0.000568
451.376147 0.000574
452.376981 0.000580
453.377815 0.000588
454.378649 0.000597
455.379483 0.000607
456.380317 0.000618
457.381151 0.000631
458.381985 0.000645
459.382819 0.000659
460.383653 0.000674
461.384487 0.000690
462.385321 0.000706
463.386155 0.000722
464.386989 0.000737
465.387823 0.000752
466.388657 0.000766
467.389491 0.000779
468.390325 0.000790
469.391159 0.000800
470.391993 0.000810
471.392827 0.000817
472.393661 0.000824
473.394495 0.000831
474.395329 0.000837
475.396163 0.000842
476.396997 0.000848
477.397832 0.000855
478.398666 0.000862
479.399500 0.000869
480.400334 0.000877
481.401168 0.000886
482.402002 0.000896
483.402836 0.000906
484.403670 0.000916
485.404504 0.000925
486.405338 0.000935
487.406172 0.000943
488.407006 0.000951
489.407840 0.000957
490.408674 0.000962
491.409508 0.000965
492.410342 0.000967
493.411176 0.000968
494.412010 0.000967
495.412844 0.000965
496.413678 0.000962
497.414512 0.000958
498.415346 0.000954
499.416180 0.000949
500.417014 0.000944
501.417848 0.000939
502.418682 0.000933
503.419516 0.000927
504.420350 0.000920
505.421184 0.000912
506.422018 0.000904
507.422852 0.000896
508.423686 0.000886
509.424520 0.000877
510.425354 0.000867
511.426188 0.000857
512.427023 0.000846
513.427857 0.000836
514.428691 0.000825
515.429525 0.000814
516.430359 0.000803
517.431193 0.000792
518.432027 0.000781
519.432861 0.000769
520.433695 0.000758
521.434529 0.000746
522.435363 0.000734
523.436197 0.000723
524.437031 0.000711
525.437865 0.000701
526.438699 0.000690
527.439533 0.000680
528.440367 0.000671
529.441201 0.000661
530.442035 0.000653
531.442869 0.000644
532.443703 0.000635
533.444537 0.000627
534.445371 0.000617
535.446205 0.000608
536.447039 0.000597
537.447873 0.000586
538.448707 0.000574
539.449541 0.000562
540.450375 0.000550
541.451209 0.000537
542.452043 0.000525
543.452877 0.000513
544.453711 0.000502
545.454545 0.000491
546.455379 0.000481
547.456214 0.000472
548.457048 0.000464
549.457882 0.000457
550.458716 0.000450
551.459550 0.000444
552.460384 0.000438
553.461218 0.000432
554.462052 0.000426
555.462886 0.000419
556.463720 0.000412
557.464554 0.000405
558.465388 0.000399
559.466222 0.000392
560.467056 0.000385
561.467890 0.000379
562.468724 0.000374
563.469558 0.000368
564.470392 0.000364
565.471226 0.000360
566.472060 0.000356
567.472894 0.000353
568.473728 0.000350
569.474562 0.000347
570.475396 0.000344
571.476230 0.000342
572.477064 0.000339
573.477898 0.000336
574.478732 0.000334
575.479566 0.000332
576.480400 0.000329
577.481234 0.000327
578.482068 0.000324
579.482902 0.000322
580.483736 0.000320
581.484570 0.000317
582.485405 0.000315
583.486239 0.000312
584.487073 0.000310
585.487907 0.000307
586.488741 0.000304
587.489575 0.000302
588.490409 0.000299
589.491243 0.000297
590.492077 0.000295
591.492911 0.000294
592.493745 0.000293
593.494579 0.000293
594.495413 0.000293
595.496247 0.000294
596.497081 0.000295
597.497915 0.000296
598.498749 0.000297
599.499583 0.000299
600.500417 0.000301
601.501251 0.000303
602.502085 0.000305
603.502919 0.000308
604.503753 0.000311
605.504587 0.000314
606.505421 0.000318
607.506255 0.000321
608.507089 0.000325
609.507923 0.000329
610.508757 0.000333
611.509591 0.000337
612.510425 0.000341
613.511259 0.000344
614.512093 0.000348
615.512927 0.000351
616.513761 0.000354
617.514595 0.000357
618.515430 0.000359
619.516264 0.000362
620.517098 0.000365
621.517932 0.000369
622.518766 0.000373
623.519600 0.000377
624.520434 0.000382
625.521268 0.000387
626.522102 0.000392
627.522936 0.000399
628.523770 0.000405
629.524604 0.000412
630.525438 0.000418
631.526272 0.000425
632.527106 0.000431
633.527940 0.000438
634.528774 0.000444
635.529608 0.000450
636.530442 0.000455
637.531276 0.000461
638.532110 0.000466
639.532944 0.000472
640.533778 0.000479
641.534612 0.000486
642.535446 0.000494
643.536280 0.000503
644.537114 0.000513
645.537948 0.000524
646.538782 0.000537
647.539616 0.000550
648.540450 0.000564
649.541284 0.000579
650.542118 0.000595
651.542952 0.000611
652.543786 0.000627
653.544621 0.000643
654.545455 0.000659
655.546289 0.000675
656.547123 0.000691
657.547957 0.000707
658.548791 0.000724
659.549625 0.000741
660.550459 0.000760
661.551293 0.000781
662.552127 0.000803
663.552961 0.000827
664.553795 0.000854
665.554629 0.000883
666.555463 0.000916
667.556297 0.000951
668.557131 0.000989
669.557965 0.001031
670.558799 0.001076
671.559633 0.001123
672.560467 0.001174
673.561301 0.001228
674.562135 0.001285
675.562969 0.001345
676.563803 0.001407
677.564637 0.001472
678.565471 0.001540
679.566305 0.001610
680.567139 0.001683
681.567973 0.001759
682.568807 0.001838
683.569641 0.001920
684.570475 0.002005
685.571309 0.002092
686.572143 0.002181
687.572977 0.002270
688.573812 0.002358
689.574646 0.002444
690.575480 0.002526
691.576314 0.002603
692.577148 0.002672
693.577982 0.002734
694.578816 0.002786
695.579650 0.002827
696.580484 0.002858
697.581318 0.002877
698.582152 0.002885
699.582986 0.002881
700.583820 0.002866
701.584654 0.002840
702.585488 0.002804
703.586322 0.002759
704.587156 0.002705
705.587990 0.002644
706.588824 0.002577
707.589658 0.002504
708.590492 0.002429
709.591326 0.002351
710.592160 0.002273
711.592994 0.002196
712.593828 0.002122
713.594662 0.002050
714.595496 0.001983
715.596330 0.001920
716.597164 0.001862
717.597998 0.001810
718.598832 0.001761
719.599666 0.001718
720.600500 0.001677
721.601334 0.001640
722.602168 0.001606
723.603003 0.001573
724.603837 0.001541
725.604671 0.001510
726.605505 0.001480
727.606339 0.001450
728.607173 0.001420
729.608007 0.001391
730.608841 0.001362
731.609675 0.001334
732.610509 0.001306
733.611343 0.001279
734.612177 0.001254
735.613011 0.001230
736.613845 0.001208
737.614679 0.001188
738.615513 0.001170
739.616347 0.001155
740.617181 0.001142
741.618015 0.001131
742.618849 0.001122
743.619683 0.001115
744.620517 0.001109
745.621351 0.001105
746.622185 0.001102
747.623019 0.001100
748.623853 0.001099
749.624687 0.001097
750.625521 0.001096
751.626355 0.001095
752.627189 0.001093
753.628023 0.001092
754.628857 0.001090
755.629691 0.001087
756.630525 0.001085
757.631359 0.001083
758.632193 0.001082
759.633028 0.001081
760.633862 0.001081
761.634696 0.001082
762.635530 0.001083
763.636364 0.001086
764.637198 0.001088
765.638032 0.001091
766.638866 0.001094
767.639700 0.001096
768.640534 0.001098
769.641368 0.001099
770.642202 0.001100
771.643036 0.001100
772.643870 0.001100
773.644704 0.001099
774.645538 0.001099
775.646372 0.001098
776.647206 0.001098
777.648040 0.001098
778.648874 0.001098
779.649708 0.001098
780.650542 0.001098
781.651376 0.001098
782.652210 0.001098
783.653044 0.001098
784.653878 0.001099
785.654712 0.001099
786.655546 0.001100
787.656380 0.001101
788.657214 0.001103
789.658048 0.001105
790.658882 0.001107
791.659716 0.001110
792.660550 0.001114
793.661384 0.001118
794.662219 0.001122
795.663053 0.001126
796.663887 0.001131
797.664721 0.001136
798.665555 0.001142
799.666389 0.001147
800.667223 0.001153
801.668057 0.001158
802.668891 0.001163
803.669725 0.001167
804.670559 0.001171
805.671393 0.001174
806.672227 0.001175
807.673061 0.001175
808.673895 0.001173
809.674729 0.001169
810.675563 0.001163
811.676397 0.001155
812.677231 0.001146
813.678065 0.001135
814.678899 0.001123
815.679733 0.001111
816.680567 0.001099
817.681401 0.001087
818.682235 0.001075
819.683069 0.001064
820.683903 0.001054
821.684737 0.001045
822.685571 0.001037
823.686405 0.001029
824.687239 0.001021
825.688073 0.001012
826.688907 0.001004
827.689741 0.000995
828.690575 0.000985
829.691410 0.000974
830.692244 0.000963
831.693078 0.000952
832.693912 0.000940
833.694746 0.000929
834.695580 0.000918
835.696414 0.000907
836.697248 0.000897
837.698082 0.000887
838.698916 0.000877
839.699750 0.000868
840.700584 0.000860
841.701418 0.000851
842.702252 0.000842
843.703086 0.000832
844.703920 0.000822
845.704754 0.000812
846.705588 0.000801
847.706422 0.000789
848.707256 0.000777
849.708090 0.000765
850.708924 0.000753
851.709758 0.000742
852.710592 0.000730
853.711426 0.000719
854.712260 0.000709
855.713094 0.000700
856.713928 0.000691
857.714762 0.000682
858.715596 0.000675
859.716430 0.000668
860.717264 0.000661
861.718098 0.000655
862.718932 0.000650
863.719766 0.000645
864.720601 0.000641
865.721435 0.000637
866.722269 0.000634
867.723103 0.000631
868.723937 0.000628
869.724771 0.000625
870.725605 0.000622
871.726439 0.000618
872.727273 0.000614
873.728107 0.000610
874.728941 0.000605
875.729775 0.000600
876.730609 0.000594
877.731443 0.000588
878.732277 0.000581
879.733111 0.000574
880.733945 0.000568
881.734779 0.000561
882.735613 0.000554
883.736447 0.000548
884.737281 0.000542
885.738115 0.000536
886.738949 0.000530
887.739783 0.000525
888.740617 0.000520
889.741451 0.000515
890.742285 0.000511
891.743119 0.000507
892.743953 0.000503
893.744787 0.000500
894.745621 0.000497
895.746455 0.000494
896.747289 0.000491
897.748123 0.000489
898.748957 0.000487
899.749791 0.000486
900.750626 0.000486
901.751460 0.000487
902.752294 0.000488
903.753128 0.000489
904.753962 0.000491
905.754796 0.000493
906.755630 0.000495
907.756464 0.000498
908.757298 0.000499
909.758132 0.000501
910.758966 0.000502
911.759800 0.000503
912.760634 0.000505
913.761468 0.000506
914.762302 0.000507
915.763136 0.000509
916.763970 0.000511
917.764804 0.000513
918.765638 0.000515
919.766472 0.000517
920.767306 0.000519
921.768140 0.000521
922.768974 0.000523
923.769808 0.000525
924.770642 0.000526
925.771476 0.000527
926.772310 0.000528
927.773144 0.000528
928.773978 0.000528
929.774812 0.000528
930.775646 0.000527
931.776480 0.000526
932.777314 0.000525
933.778148 0.000523
934.778982 0.000522
935.779817 0.000521
936.780651 0.000520
937.781485 0.000520
938.782319 0.000520
939.783153 0.000521
940.783987 0.000522
941.784821 0.000524
942.785655 0.000527
943.786489 0.000531
944.787323 0.000535
945.788157 0.000540
946.788991 0.000546
947.789825 0.000553
948.790659 0.000560
949.791493 0.000568
950.792327 0.000577
951.793161 0.000586
952.793995 0.000596
953.794829 0.000607
954.795663 0.000618
955.796497 0.000631
956.797331 0.000643
957.798165 0.000656
958.798999 0.000669
959.799833 0.000683
960.800667 0.000696
961.801501 0.000709
962.802335 0.000721
963.803169 0.000733
964.804003 0.000744
965.804837 0.000755
966.805671 0.000764
967.806505 0.000774
968.807339 0.000782
969.808173 0.000790
970.809008 0.000798
971.809842 0.000806
972.810676 0.000814
973.811510 0.000822
974.812344 0.000830
975.813178 0.000838
976.814012 0.000846
977.814846 0.000854
978.815680 0.000863
979.816514 0.000871
980.817348 0.000879
981.818182 0.000887
982.819016 0.000894
983.819850 0.000901
984.820684 0.000908
985.821518 0.000914
986.822352 0.000920
987.823186 0.000925
988.824020 0.000931
989.824854 0.000937
990.825688 0.000943
991.826522 0.000950
992.827356 0.000957
993.828190 0.000966
994.829024 0.000974
995.829858 0.000983
996.830692 0.000992
997.831526 0.001002
998.832360 0.001010
999.833194 0.001018
1000.834028 0.001025
1001.834862 0.001030
1002.835696 0.001034
1003.836530 0.001037
1004.837364 0.001039
1005.838198 0.001039
1006.839033 0.001039
1007.839867 0.001038
1008.840701 0.001037
1009.841535 0.001036
1010.842369 0.001034
1011.843203 0.001033
1012.844037 0.001031
1013.844871 0.001029
1014.845705 0.001028
1015.846539 0.001025
1016.847373 0.001022
1017.848207 0.001019
1018.849041 0.001015
1019.849875 0.001009
1020.850709 0.001003
1021.851543 0.000996
1022.852377 0.000987
1023.853211 0.000978
1024.854045 0.000969
1025.854879 0.000958
1026.855713 0.000948
1027.856547 0.000938
1028.857381 0.000929
1029.858215 0.000920
1030.859049 0.000912
1031.859883 0.000905
1032.860717 0.000898
1033.861551 0.000892
1034.862385 0.000886
1035.863219 0.000880
1036.864053 0.000873
1037.864887 0.000866
1038.865721 0.000858
1039.866555 0.000848
1040.867389 0.000837
1041.868224 0.000825
1042.869058 0.000812
1043.869892 0.000798
1044.870726 0.000784
1045.871560 0.000769
1046.872394 0.000755
1047.873228 0.000741
1048.874062 0.000728
1049.874896 0.000716
1050.875730 0.000705
1051.876564 0.000694
1052.877398 0.000685
1053.878232 0.000678
1054.879066 0.000671
1055.879900 0.000664
1056.880734 0.000659
1057.881568 0.000654
1058.882402 0.000649
1059.883236 0.000645
1060.884070 0.000641
1061.884904 0.000637
1062.885738 0.000633
1063.886572 0.000630
1064.887406 0.000627
1065.888240 0.000624
1066.889074 0.000621
1067.889908 0.000618
1068.890742 0.000614
1069.891576 0.000610
1070.892410 0.000606
1071.893244 0.000600
1072.894078 0.000594
1073.894912 0.000587
1074.895746 0.000580
1075.896580 0.000571
1076.897415 0.000563
1077.898249 0.000554
1078.899083 0.000545
1079.899917 0.000537
1080.900751 0.000529
1081.901585 0.000523
1082.902419 0.000517
1083.903253 0.000511
1084.904087 0.000507
1085.904921 0.000503
1086.905755 0.000499
1087.906589 0.000496
1088.907423 0.000494
1089.908257 0.000491
1090.909091 0.000489
1091.909925 0.000488
1092.910759 0.000487
1093.911593 0.000486
1094.912427 0.000485
1095.913261 0.000485
1096.914095 0.000485
1097.914929 0.000486
1098.915763 0.000488
1099.916597 0.000490
1100.917431 0.000492
1101.918265 0.000495
1102.919099 0.000497
1103.919933 0.000500
1104.920767 0.000503
1105.921601 0.000506
1106.922435 0.000508
1107.923269 0.000510
1108.924103 0.000512
1109.924937 0.000514
1110.925771 0.000516
1111.926606 0.000518
1112.927440 0.000520
1113.928274 0.000522
1114.929108 0.000524
1115.929942 0.000526
1116.930776 0.000529
1117.931610 0.000532
1118.932444 0.000535
1119.933278 0.000538
1120.934112 0.000542
1121.934946 0.000546
1122.935780 0.000550
1123.936614 0.000554
1124.937448 0.000558
1125.938282 0.000563
1126.939116 0.000567
1127.939950 0.000572
1128.940784 0.000577
1129.941618 0.000583
1130.942452 0.000589
1131.943286 0.000596
1132.944120 0.000604
1133.944954 0.000612
1134.945788 0.000622
1135.946622 0.000632
1136.947456 0.000643
1137.948290 0.000655
1138.949124 0.000669
1139.949958 0.000682
1140.950792 0.000697
1141.951626 0.000713
1142.952460 0.000730
1143.953294 0.000747
1144.954128 0.000766
1145.954962 0.000785
1146.955796 0.000806
1147.956631 0.000827
1148.957465 0.000848
1149.958299 0.000871
1150.959133 0.000894
1151.959967 0.000917
1152.960801 0.000941
1153.961635 0.000966
1154.962469 0.000992
1155.963303 0.001018
1156.964137 0.001047
1157.964971 0.001077
1158.965805 0.001109
1159.966639 0.001144
1160.967473 0.001182
1161.968307 0.001222
1162.969141 0.001266
1163.969975 0.001311
1164.970809 0.001360
1165.971643 0.001410
1166.972477 0.001462
1167.973311 0.001515
1168.974145 0.001570
1169.974979 0.001627
1170.975813 0.001686
1171.976647 0.001747
1172.977481 0.001812
1173.978315 0.001880
1174.979149 0.001952
1175.979983 0.002028
1176.980817 0.002108
1177.981651 0.002193
1178.982485 0.002282
1179.983319 0.002374
1180.984153 0.002469
1181.984987 0.002566
1182.985822 0.002663
1183.986656 0.002758
1184.987490 0.002851
1185.988324 0.002938
1186.989158 0.003017
1187.989992 0.003084
1188.990826 0.003135
1189.991660 0.003167
1190.992494 0.003174
1191.993328 0.003153
1192.994162 0.003100
1193.994996 0.003012
1194.995830 0.002889
1195.996664 0.002732
1196.997498 0.002543
1197.998332 0.002328
1198.999166 0.002093
1200.000000 0.001847
