0.500000 0.018820
1.500000 0.020702
2.500000 0.018063
3.500000 0.016657
4.500000 0.015272
5.500000 0.013217
6.500000 0.007290
7.500000 0.004629
8.500000 0.003007
9.500000 0.002098
10.500000 0.002033
11.500000 0.001990
12.500000 0.001774
13.500000 0.001276
14.500000 0.001168
15.500000 0.000995
16.500000 0.000887
17.500000 0.000909
18.500000 0.000779
19.500000 0.000757
20.500000 0.000671
21.500000 0.000541
22.500000 0.000454
23.500000 0.000454
24.500000 0.000411
25.500000 0.000346
26.500000 0.000368
27.500000 0.000260
28.500000 0.000303
29.500000 0.000433
30.500000 0.000303
31.500000 0.000324
32.500000 0.000346
33.500000 0.000281
34.500000 0.000433
35.500000 0.000498
36.500000 0.000238
37.500000 0.000411
38.500000 0.000433
39.500000 0.000454
40.500000 0.000281
41.500000 0.000173
42.500000 0.000498
43.500000 0.000433
44.500000 0.000324
45.500000 0.000216
46.500000 0.000303
47.500000 0.000303
48.500000 0.000195
49.500000 0.000519
50.500000 0.000324
51.500000 0.000281
52.500000 0.000476
53.500000 0.000389
54.500000 0.000584
55.500000 0.000411
56.500000 0.000346
57.500000 0.000411
58.500000 0.000562
59.500000 0.000584
60.500000 0.000303
61.500000 0.000476
62.500000 0.000627
63.500000 0.000606
64.500000 0.000649
65.500000 0.000671
66.500000 0.000649
67.500000 0.000757
68.500000 0.000649
69.500000 0.000800
70.500000 0.000714
71.500000 0.000606
72.500000 0.000865
73.500000 0.000952
74.500000 0.000844
75.500000 0.000714
76.500000 0.000757
77.500000 0.000757
78.500000 0.000844
79.500000 0.000735
80.500000 0.000844
81.500000 0.001103
82.500000 0.001017
83.500000 0.001038
84.500000 0.001190
85.500000 0.000779
86.500000 0.000649
87.500000 0.000865
88.500000 0.001190
89.500000 0.000930
90.500000 0.000714
91.500000 0.001146
92.500000 0.001493
93.500000 0.001168
94.500000 0.001255
95.500000 0.001298
96.500000 0.001817
97.500000 0.002012
98.500000 0.001666
99.500000 0.001666
100.500000 0.001579
101.500000 0.001731
102.500000 0.001860
103.500000 0.001774
104.500000 0.001320
105.500000 0.001320
106.500000 0.001298
107.500000 0.001125
108.500000 0.000995
109.500000 0.001146
110.500000 0.001017
111.500000 0.000800
112.500000 0.000606
113.500000 0.000476
114.500000 0.000519
115.500000 0.000649
116.500000 0.000498
117.500000 0.000411
118.500000 0.000368
119.500000 0.000606
120.500000 0.000346
121.500000 0.000368
122.500000 0.000519
123.500000 0.000476
124.500000 0.000411
125.500000 0.000216
126.500000 0.000346
127.500000 0.000411
128.500000 0.000389
129.500000 0.000346
130.500000 0.000303
131.500000 0.000368
132.500000 0.000303
133.500000 0.000151
134.500000 0.000281
135.500000 0.000195
136.500000 0.000368
137.500000 0.000260
138.500000 0.000173
139.500000 0.000346
140.500000 0.000216
141.500000 0.000346
142.500000 0.000216
143.500000 0.000260
144.500000 0.000173
145.500000 0.000173
146.500000 0.000303
147.500000 0.000173
148.500000 0.000151
149.500000 0.000108
150.500000 0.000151
151.500000 0.000303
152.500000 0.000216
153.500000 0.000216
154.500000 0.000281
155.500000 0.000151
156.500000 0.000260
157.500000 0.000281
158.500000 0.000303
159.500000 0.000260
160.500000 0.000173
161.500000 0.000476
162.500000 0.000433
163.500000 0.000260
164.500000 0.000454
165.500000 0.000281
166.500000 0.000260
167.500000 0.000281
168.500000 0.000433
169.500000 0.000433
170.500000 0.000281
171.500000 0.000519
172.500000 0.000303
173.500000 0.000389
174.500000 0.000541
175.500000 0.000433
176.500000 0.000389
177.500000 0.000281
178.500000 0.000303
179.500000 0.000498
180.500000 0.000627
181.500000 0.000476
182.500000 0.000714
183.500000 0.000433
184.500000 0.000498
185.500000 0.000627
186.500000 0.000649
187.500000 0.000606
188.500000 0.000692
189.500000 0.000952
190.500000 0.000735
191.500000 0.000779
192.500000 0.000562
193.500000 0.000627
194.500000 0.000757
195.500000 0.000519
196.500000 0.000498
197.500000 0.000541
198.500000 0.000887
199.500000 0.000584
200.500000 0.000757
201.500000 0.000692
202.500000 0.000627
203.500000 0.000779
204.500000 0.000562
205.500000 0.000627
206.500000 0.000649
207.500000 0.000692
208.500000 0.000865
209.500000 0.000692
210.500000 0.000822
211.500000 0.000822
212.500000 0.000562
213.500000 0.000757
214.500000 0.000541
215.500000 0.000627
216.500000 0.000649
217.500000 0.000714
218.500000 0.000649
219.500000 0.000714
220.500000 0.000649
221.500000 0.000389
222.500000 0.000692
223.500000 0.000519
224.500000 0.000606
225.500000 0.000368
226.500000 0.000389
227.500000 0.000433
228.500000 0.000476
229.500000 0.000519
230.500000 0.000346
231.500000 0.000541
232.500000 0.000476
233.500000 0.000411
234.500000 0.000346
235.500000 0.000454
236.500000 0.000346
237.500000 0.000584
238.500000 0.000411
239.500000 0.000303
240.500000 0.000411
241.500000 0.000519
242.500000 0.000476
243.500000 0.000433
244.500000 0.000238
245.500000 0.000368
246.500000 0.000195
247.500000 0.000368
248.500000 0.000368
249.500000 0.000260
250.500000 0.000216
251.500000 0.000454
252.500000 0.000281
253.500000 0.000519
254.500000 0.000368
255.500000 0.000260
256.500000 0.000238
257.500000 0.000260
258.500000 0.000324
259.500000 0.000281
260.500000 0.000281
261.500000 0.000324
262.500000 0.000389
263.500000 0.000324
264.500000 0.000389
265.500000 0.000454
266.500000 0.000454
267.500000 0.000476
268.500000 0.000476
269.500000 0.000454
270.500000 0.000433
271.500000 0.000389
272.500000 0.000260
273.500000 0.000692
274.500000 0.000692
275.500000 0.000627
276.500000 0.000757
277.500000 0.000649
278.500000 0.000346
279.500000 0.000454
280.500000 0.000476
281.500000 0.000368
282.500000 0.000324
283.500000 0.000368
284.500000 0.000324
285.500000 0.000195
286.500000 0.000498
287.500000 0.000281
288.500000 0.000324
289.500000 0.000562
290.500000 0.000368
291.500000 0.000498
292.500000 0.000324
293.500000 0.000389
294.500000 0.000195
295.500000 0.000281
296.500000 0.000324
297.500000 0.000303
298.500000 0.000303
299.500000 0.000151
300.500000 0.000324
301.500000 0.000238
302.500000 0.000173
303.500000 0.000346
304.500000 0.000130
305.500000 0.000324
306.500000 0.000151
307.500000 0.000303
308.500000 0.000303
309.500000 0.000238
310.500000 0.000151
311.500000 0.000216
312.500000 0.000216
313.500000 0.000151
314.500000 0.000281
315.500000 0.000216
316.500000 0.000108
317.500000 0.000195
318.500000 0.000195
319.500000 0.000151
320.500000 0.000238
321.500000 0.000173
322.500000 0.000173
323.500000 0.000173
324.500000 0.000346
325.500000 0.000281
326.500000 0.000087
327.500000 0.000238
328.500000 0.000173
329.500000 0.000260
330.500000 0.000087
331.500000 0.000260
332.500000 0.000238
333.500000 0.000173
334.500000 0.000151
335.500000 0.000238
336.500000 0.000346
337.500000 0.000173
338.500000 0.000216
339.500000 0.000346
340.500000 0.000173
341.500000 0.000087
342.500000 0.000260
343.500000 0.000260
344.500000 0.000151
345.500000 0.000238
346.500000 0.000151
347.500000 0.000260
348.500000 0.000108
349.500000 0.000216
350.500000 0.000238
351.500000 0.000216
352.500000 0.000238
353.500000 0.000173
354.500000 0.000260
355.500000 0.000195
356.500000 0.000238
357.500000 0.000195
358.500000 0.000151
359.500000 0.000238
360.500000 0.000173
361.500000 0.000130
362.500000 0.000238
363.500000 0.000260
364.500000 0.000281
365.500000 0.000173
366.500000 0.000065
367.500000 0.000216
368.500000 0.000173
369.500000 0.000238
370.500000 0.000195
371.500000 0.000195
372.500000 0.000324
373.500000 0.000195
374.500000 0.000151
375.500000 0.000087
376.500000 0.000260
377.500000 0.000281
378.500000 0.000303
379.500000 0.000173
380.500000 0.000108
381.500000 0.000238
382.500000 0.000238
383.500000 0.000130
384.500000 0.000173
385.500000 0.000238
386.500000 0.000260
387.500000 0.000151
388.500000 0.000151
389.500000 0.000151
390.500000 0.000260
391.500000 0.000173
392.500000 0.000151
393.500000 0.000216
394.500000 0.000216
395.500000 0.000238
396.500000 0.000368
397.500000 0.000173
398.500000 0.000238
399.500000 0.000151
400.500000 0.000281
401.500000 0.000108
402.500000 0.000238
403.500000 0.000216
404.500000 0.000238
405.500000 0.000173
406.500000 0.000260
407.500000 0.000195
408.500000 0.000216
409.500000 0.000281
410.500000 0.000216
411.500000 0.000238
412.500000 0.000216
413.500000 0.000173
414.500000 0.000195
415.500000 0.000238
416.500000 0.000216
417.500000 0.000151
418.500000 0.000173
419.500000 0.000238
420.500000 0.000195
421.500000 0.000324
422.500000 0.000260
423.500000 0.000195
424.500000 0.000130
425.500000 0.000303
426.500000 0.000303
427.500000 0.000195
428.500000 0.000454
429.500000 0.000238
430.500000 0.000281
431.500000 0.000130
432.500000 0.000238
433.500000 0.000281
434.500000 0.000303
435.500000 0.000195
436.500000 0.000238
437.500000 0.000195
438.500000 0.000346
439.500000 0.000346
440.500000 0.000216
441.500000 0.000368
442.500000 0.000238
443.500000 0.000303
444.500000 0.000368
445.500000 0.000173
446.500000 0.000411
447.500000 0.000433
448.500000 0.000281
449.500000 0.000411
450.500000 0.000476
451.500000 0.000411
452.500000 0.000498
453.500000 0.000454
454.500000 0.000303
455.500000 0.000541
456.500000 0.000541
457.500000 0.000433
458.500000 0.000368
459.500000 0.000584
460.500000 0.000692
461.500000 0.000324
462.500000 0.000519
463.500000 0.000627
464.500000 0.000562
465.500000 0.000541
466.500000 0.000649
467.500000 0.000671
468.500000 0.000887
469.500000 0.000844
470.500000 0.000865
471.500000 0.000692
472.500000 0.000822
473.500000 0.000887
474.500000 0.000779
475.500000 0.001233
476.500000 0.001384
477.500000 0.001211
478.500000 0.001298
479.500000 0.001514
480.500000 0.001493
481.500000 0.001860
482.500000 0.001795
483.500000 0.002574
484.500000 0.003137
485.500000 0.003526
486.500000 0.004305
487.500000 0.005408
488.500000 0.006749
489.500000 0.009150
490.500000 0.011487
491.500000 0.014645
492.500000 0.014039
493.500000 0.012438
494.500000 0.010989
495.500000 0.008047
496.500000 0.006576
497.500000 0.005776
498.500000 0.005127
499.500000 0.003807
500.500000 0.002704
501.500000 0.002315
502.500000 0.001428
503.500000 0.000800
504.500000 0.000973
505.500000 0.000627
506.500000 0.000541
507.500000 0.000476
508.500000 0.000606
509.500000 0.000476
510.500000 0.000519
511.500000 0.000671
512.500000 0.000454
513.500000 0.000389
514.500000 0.000433
515.500000 0.000281
516.500000 0.000411
517.500000 0.000216
518.500000 0.000238
519.500000 0.000195
520.500000 0.000281
521.500000 0.000151
522.500000 0.000108
523.500000 0.000173
524.500000 0.000173
525.500000 0.000130
526.500000 0.000151
527.500000 0.000195
528.500000 0.000173
529.500000 0.000043
530.500000 0.000130
531.500000 0.000108
532.500000 0.000173
533.500000 0.000151
534.500000 0.000087
535.500000 0.000195
536.500000 0.000108
537.500000 0.000108
538.500000 0.000130
539.500000 0.000108
540.500000 0.000130
541.500000 0.000195
542.500000 0.000151
543.500000 0.000151
544.500000 0.000216
545.500000 0.000108
546.500000 0.000108
547.500000 0.000173
548.500000 0.000173
549.500000 0.000108
550.500000 0.000043
551.500000 0.000022
552.500000 0.000022
553.500000 0.000108
554.500000 0.000151
555.500000 0.000108
556.500000 0.000130
557.500000 0.000043
558.500000 0.000043
559.500000 0.000130
560.500000 0.000087
561.500000 0.000043
562.500000 0.000151
563.500000 0.000065
564.500000 0.000108
565.500000 0.000108
566.500000 0.000043
567.500000 0.000022
568.500000 0.000087
569.500000 0.000000
570.500000 0.000216
571.500000 0.000043
572.500000 0.000022
573.500000 0.000043
574.500000 0.000108
575.500000 0.000000
576.500000 0.000022
577.500000 0.000173
578.500000 0.000043
579.500000 0.000065
580.500000 0.000043
581.500000 0.000043
582.500000 0.000108
583.500000 0.000065
584.500000 0.000043
585.500000 0.000043
586.500000 0.000022
587.500000 0.000087
588.500000 0.000065
589.500000 0.000043
590.500000 0.000043
591.500000 0.000022
592.500000 0.000087
593.500000 0.000043
594.500000 0.000022
595.500000 0.000043
596.500000 0.000022
597.500000 0.000065
598.500000 0.000065
599.500000 0.000065
600.500000 0.000022
601.500000 0.000022
602.500000 0.000022
603.500000 0.000108
604.500000 0.000022
605.500000 0.000000
606.500000 0.000043
607.500000 0.000065
608.500000 0.000108
609.500000 0.000087
610.500000 0.000000
611.500000 0.000022
612.500000 0.000043
613.500000 0.000087
614.500000 0.000043
615.500000 0.000065
616.500000 0.000022
617.500000 0.000043
618.500000 0.000087
619.500000 0.000043
620.500000 0.000065
621.500000 0.000022
622.500000 0.000000
623.500000 0.000022
624.500000 0.000043
625.500000 0.000043
626.500000 0.000022
627.500000 0.000000
628.500000 0.000087
629.500000 0.000065
630.500000 0.000065
631.500000 0.000022
632.500000 0.000043
633.500000 0.000087
634.500000 0.000000
635.500000 0.000000
636.500000 0.000043
637.500000 0.000022
638.500000 0.000043
639.500000 0.000043
640.500000 0.000130
641.500000 0.000065
642.500000 0.000000
643.500000 0.000087
644.500000 0.000022
645.500000 0.000022
646.500000 0.000022
647.500000 0.000043
648.500000 0.000065
649.500000 0.000043
650.500000 0.000087
651.500000 0.000000
652.500000 0.000000
653.500000 0.000022
654.500000 0.000043
655.500000 0.000065
656.500000 0.000022
657.500000 0.000022
658.500000 0.000087
659.500000 0.000087
660.500000 0.000108
661.500000 0.000065
662.500000 0.000065
663.500000 0.000043
664.500000 0.000065
665.500000 0.000065
666.500000 0.000087
667.500000 0.000087
668.500000 0.000087
669.500000 0.000130
670.500000 0.000065
671.500000 0.000151
672.500000 0.000087
673.500000 0.000087
674.500000 0.000346
675.500000 0.000346
676.500000 0.000195
677.500000 0.000108
678.500000 0.000151
679.500000 0.000195
680.500000 0.000368
681.500000 0.000476
682.500000 0.000519
683.500000 0.000692
684.500000 0.000779
685.500000 0.000584
686.500000 0.000692
687.500000 0.000735
688.500000 0.000930
689.500000 0.000822
690.500000 0.001276
691.500000 0.001017
692.500000 0.001990
693.500000 0.002163
694.500000 0.002531
695.500000 0.003266
696.500000 0.005386
697.500000 0.007550
698.500000 0.011984
699.500000 0.015748
700.500000 0.019144
701.500000 0.020983
702.500000 0.022173
703.500000 0.013455
704.500000 0.008328
705.500000 0.006122
706.500000 0.004326
707.500000 0.003483
708.500000 0.002120
709.500000 0.001449
710.500000 0.001904
711.500000 0.001666
712.500000 0.001947
713.500000 0.001731
714.500000 0.001557
715.500000 0.001557
716.500000 0.001341
717.500000 0.001536
718.500000 0.001211
719.500000 0.000887
720.500000 0.000865
721.500000 0.000735
722.500000 0.000844
723.500000 0.000714
724.500000 0.000909
725.500000 0.000909
726.500000 0.001017
727.500000 0.000865
728.500000 0.000757
729.500000 0.000952
730.500000 0.000584
731.500000 0.001017
732.500000 0.000757
733.500000 0.000757
734.500000 0.000541
735.500000 0.000476
736.500000 0.000649
737.500000 0.000433
738.500000 0.000757
739.500000 0.000584
740.500000 0.000671
741.500000 0.000606
742.500000 0.000627
743.500000 0.000454
744.500000 0.000649
745.500000 0.000541
746.500000 0.000584
747.500000 0.000433
748.500000 0.000671
749.500000 0.000498
750.500000 0.000735
751.500000 0.000714
752.500000 0.000649
753.500000 0.000735
754.500000 0.000649
755.500000 0.000606
756.500000 0.000433
757.500000 0.000887
758.500000 0.000454
759.500000 0.000714
760.500000 0.000735
761.500000 0.000865
762.500000 0.000930
763.500000 0.000865
764.500000 0.000519
765.500000 0.000822
766.500000 0.000649
767.500000 0.000995
768.500000 0.000909
769.500000 0.001017
770.500000 0.001060
771.500000 0.000692
772.500000 0.000865
773.500000 0.001255
774.500000 0.000973
775.500000 0.001017
776.500000 0.001298
777.500000 0.001146
778.500000 0.001795
779.500000 0.001817
780.500000 0.001947
781.500000 0.001731
782.500000 0.002142
783.500000 0.002466
784.500000 0.003050
785.500000 0.002423
786.500000 0.002509
787.500000 0.002336
788.500000 0.002401
789.500000 0.002185
790.500000 0.002747
791.500000 0.002726
792.500000 0.003418
793.500000 0.002747
794.500000 0.002617
795.500000 0.002661
796.500000 0.002942
797.500000 0.002401
798.500000 0.002120
799.500000 0.002488
800.500000 0.002596
801.500000 0.002098
802.500000 0.001406
803.500000 0.001579
804.500000 0.001363
805.500000 0.001211
806.500000 0.000844
807.500000 0.000541
808.500000 0.000627
809.500000 0.000649
810.500000 0.000627
811.500000 0.000454
812.500000 0.000433
813.500000 0.000346
814.500000 0.000606
815.500000 0.000324
816.500000 0.000346
817.500000 0.000346
818.500000 0.000303
819.500000 0.000368
820.500000 0.000411
821.500000 0.000324
822.500000 0.000281
823.500000 0.000260
824.500000 0.000324
825.500000 0.000324
826.500000 0.000303
827.500000 0.000281
828.500000 0.000324
829.500000 0.000303
830.500000 0.000173
831.500000 0.000108
832.500000 0.000216
833.500000 0.000216
834.500000 0.000216
835.500000 0.000238
836.500000 0.000216
837.500000 0.000195
838.500000 0.000260
839.500000 0.000238
840.500000 0.000173
841.500000 0.000173
842.500000 0.000324
843.500000 0.000195
844.500000 0.000087
845.500000 0.000324
846.500000 0.000087
847.500000 0.000216
848.500000 0.000195
849.500000 0.000173
850.500000 0.000195
851.500000 0.000195
852.500000 0.000216
853.500000 0.000130
854.500000 0.000216
855.500000 0.000216
856.500000 0.000238
857.500000 0.000130
858.500000 0.000151
859.500000 0.000195
860.500000 0.000130
861.500000 0.000130
862.500000 0.000151
863.500000 0.000173
864.500000 0.000173
865.500000 0.000173
866.500000 0.000260
867.500000 0.000238
868.500000 0.000087
869.500000 0.000151
870.500000 0.000000
871.500000 0.000151
872.500000 0.000087
873.500000 0.000151
874.500000 0.000108
875.500000 0.000195
876.500000 0.000260
877.500000 0.000195
878.500000 0.000260
879.500000 0.000216
880.500000 0.000195
881.500000 0.000130
882.500000 0.000195
883.500000 0.000043
884.500000 0.000216
885.500000 0.000108
886.500000 0.000216
887.500000 0.000130
888.500000 0.000195
889.500000 0.000151
890.500000 0.000108
891.500000 0.000151
892.500000 0.000216
893.500000 0.000195
894.500000 0.000151
895.500000 0.000108
896.500000 0.000151
897.500000 0.000173
898.500000 0.000260
899.500000 0.000238
900.500000 0.000195
901.500000 0.000281
902.500000 0.000260
903.500000 0.000173
904.500000 0.000130
905.500000 0.000173
906.500000 0.000195
907.500000 0.000195
908.500000 0.000303
909.500000 0.000216
910.500000 0.000260
911.500000 0.000151
912.500000 0.000216
913.500000 0.000151
914.500000 0.000346
915.500000 0.000389
916.500000 0.000433
917.500000 0.000411
918.500000 0.000476
919.500000 0.000411
920.500000 0.000303
921.500000 0.000260
922.500000 0.000433
923.500000 0.000216
924.500000 0.000281
925.500000 0.000433
926.500000 0.000389
927.500000 0.000346
928.500000 0.000346
929.500000 0.000346
930.500000 0.000584
931.500000 0.000303
932.500000 0.000433
933.500000 0.000584
934.500000 0.000498
935.500000 0.000281
936.500000 0.000476
937.500000 0.000389
938.500000 0.000324
939.500000 0.000476
940.500000 0.000498
941.500000 0.000433
942.500000 0.000389
943.500000 0.000476
944.500000 0.000476
945.500000 0.000303
946.500000 0.000476
947.500000 0.000389
948.500000 0.000346
949.500000 0.000151
950.500000 0.000411
951.500000 0.000389
952.500000 0.000346
953.500000 0.000324
954.500000 0.000281
955.500000 0.000454
956.500000 0.000281
957.500000 0.000584
958.500000 0.000303
959.500000 0.000368
960.500000 0.000368
961.500000 0.000238
962.500000 0.000346
963.500000 0.000324
964.500000 0.000389
965.500000 0.000346
966.500000 0.000260
967.500000 0.000368
968.500000 0.000368
969.500000 0.000454
970.500000 0.000454
971.500000 0.000584
972.500000 0.000411
973.500000 0.000498
974.500000 0.000476
975.500000 0.000411
976.500000 0.000346
977.500000 0.000562
978.500000 0.000562
979.500000 0.000649
980.500000 0.000562
981.500000 0.000411
982.500000 0.000433
983.500000 0.000671
984.500000 0.000692
985.500000 0.000735
986.500000 0.000800
987.500000 0.000909
988.500000 0.000779
989.500000 0.000627
990.500000 0.000606
991.500000 0.000800
992.500000 0.000952
993.500000 0.000973
994.500000 0.001017
995.500000 0.000822
996.500000 0.000476
997.500000 0.000238
998.500000 0.000389
999.500000 0.000368
1000.500000 0.000389
1001.500000 0.000454
1002.500000 0.000389
1003.500000 0.000476
1004.500000 0.000627
1005.500000 0.000433
1006.500000 0.000562
1007.500000 0.000562
1008.500000 0.000779
1009.500000 0.000714
1010.500000 0.000433
1011.500000 0.000757
1012.500000 0.000519
1013.500000 0.000433
1014.500000 0.000281
1015.500000 0.000454
1016.500000 0.000454
1017.500000 0.000346
1018.500000 0.000584
1019.500000 0.000606
1020.500000 0.000454
1021.500000 0.000519
1022.500000 0.000281
1023.500000 0.000238
1024.500000 0.000368
1025.500000 0.000303
1026.500000 0.000476
1027.500000 0.000411
1028.500000 0.000389
1029.500000 0.000324
1030.500000 0.000216
1031.500000 0.000281
1032.500000 0.000216
1033.500000 0.000238
1034.500000 0.000151
1035.500000 0.000260
1036.500000 0.000151
1037.500000 0.000195
1038.500000 0.000173
1039.500000 0.000087
1040.500000 0.000195
1041.500000 0.000195
1042.500000 0.000087
1043.500000 0.000151
1044.500000 0.000108
1045.500000 0.000130
1046.500000 0.000130
1047.500000 0.000238
1048.500000 0.000087
1049.500000 0.000216
1050.500000 0.000260
1051.500000 0.000108
1052.500000 0.000173
1053.500000 0.000151
1054.500000 0.000195
1055.500000 0.000173
1056.500000 0.000130
1057.500000 0.000151
1058.500000 0.000087
1059.500000 0.000151
1060.500000 0.000065
1061.500000 0.000151
1062.500000 0.000238
1063.500000 0.000087
1064.500000 0.000195
1065.500000 0.000173
1066.500000 0.000130
1067.500000 0.000130
1068.500000 0.000216
1069.500000 0.000108
1070.500000 0.000151
1071.500000 0.000130
1072.500000 0.000087
1073.500000 0.000173
1074.500000 0.000151
1075.500000 0.000151
1076.500000 0.000151
1077.500000 0.000087
1078.500000 0.000130
1079.500000 0.000108
1080.500000 0.000108
1081.500000 0.000087
1082.500000 0.000216
1083.500000 0.000173
1084.500000 0.000087
1085.500000 0.000087
1086.500000 0.000108
1087.500000 0.000173
1088.500000 0.000087
1089.500000 0.000173
1090.500000 0.000065
1091.500000 0.000108
1092.500000 0.000130
1093.500000 0.000065
1094.500000 0.000173
1095.500000 0.000130
1096.500000 0.000151
1097.500000 0.000087
1098.500000 0.000087
1099.500000 0.000130
1100.500000 0.000130
1101.500000 0.000173
1102.500000 0.000151
1103.500000 0.000130
1104.500000 0.000043
1105.500000 0.000130
1106.500000 0.000087
1107.500000 0.000087
1108.500000 0.000151
1109.500000 0.000173
1110.500000 0.000238
1111.500000 0.000173
1112.500000 0.000065
1113.500000 0.000130
1114.500000 0.000108
1115.500000 0.000087
1116.500000 0.000065
1117.500000 0.000087
1118.500000 0.000108
1119.500000 0.000087
1120.500000 0.000238
1121.500000 0.000108
1122.500000 0.000173
1123.500000 0.000022
1124.500000 0.000108
1125.500000 0.000173
1126.500000 0.000130
1127.500000 0.000216
1128.500000 0.000108
1129.500000 0.000130
1130.500000 0.000087
1131.500000 0.000087
1132.500000 0.000087
1133.500000 0.000195
1134.500000 0.000108
1135.500000 0.000195
1136.500000 0.000151
1137.500000 0.000022
1138.500000 0.000108
1139.500000 0.000173
1140.500000 0.000108
1141.500000 0.000130
1142.500000 0.000130
1143.500000 0.000130
1144.500000 0.000216
1145.500000 0.000173
1146.500000 0.000108
1147.500000 0.000173
1148.500000 0.000130
1149.500000 0.000173
1150.500000 0.000108
1151.500000 0.000303
1152.500000 0.000195
1153.500000 0.000238
1154.500000 0.000130
1155.500000 0.000303
1156.500000 0.000195
1157.500000 0.000130
1158.500000 0.000324
1159.500000 0.000281
1160.500000 0.000281
1161.500000 0.000216
1162.500000 0.000238
1163.500000 0.000260
1164.500000 0.000368
1165.500000 0.000368
1166.500000 0.000368
1167.500000 0.000454
1168.500000 0.000346
1169.500000 0.000281
1170.500000 0.000281
1171.500000 0.000260
1172.500000 0.000346
1173.500000 0.000324
1174.500000 0.000389
1175.500000 0.000433
1176.500000 0.000368
1177.500000 0.000476
1178.500000 0.000411
1179.500000 0.000692
1180.500000 0.000757
1181.500000 0.000714
1182.500000 0.000779
1183.500000 0.000909
1184.500000 0.000800
1185.500000 0.000865
1186.500000 0.001146
1187.500000 0.001125
1188.500000 0.001817
1189.500000 0.002639
1190.500000 0.004846
1191.500000 0.005083
1192.500000 0.005819
1193.500000 0.007441
1194.500000 0.009561
1195.500000 0.010643
1196.500000 0.013412
1197.500000 0.012871
1198.500000 0.013044
1199.500000 0.017370
