0.500000 0.004919
1.500000 0.004447
2.500000 0.004365
3.500000 0.004284
4.500000 0.004463
5.500000 0.004121
6.500000 0.003942
7.500000 0.003763
8.500000 0.003600
9.500000 0.003355
10.500000 0.003209
11.500000 0.002850
12.500000 0.002362
13.500000 0.002508
14.500000 0.002378
15.500000 0.002459
16.500000 0.002492
17.500000 0.002525
18.500000 0.002899
19.500000 0.002345
20.500000 0.001987
21.500000 0.002101
22.500000 0.001873
23.500000 0.001613
24.500000 0.001547
25.500000 0.001498
26.500000 0.001466
27.500000 0.001417
28.500000 0.001156
29.500000 0.001108
30.500000 0.001026
31.500000 0.001336
32.500000 0.001140
33.500000 0.000994
34.500000 0.001059
35.500000 0.001140
36.500000 0.001303
37.500000 0.000994
38.500000 0.001010
39.500000 0.000912
40.500000 0.000928
41.500000 0.000961
42.500000 0.001010
43.500000 0.000749
44.500000 0.001042
45.500000 0.000994
46.500000 0.000994
47.500000 0.000928
48.500000 0.000831
49.500000 0.000928
50.500000 0.001042
51.500000 0.001156
52.500000 0.001319
53.500000 0.001156
54.500000 0.001010
55.500000 0.001254
56.500000 0.001091
57.500000 0.001238
58.500000 0.001156
59.500000 0.001026
60.500000 0.000814
61.500000 0.000994
62.500000 0.000912
63.500000 0.001238
64.500000 0.000863
65.500000 0.000977
66.500000 0.001026
67.500000 0.001140
68.500000 0.001010
69.500000 0.001042
70.500000 0.001108
71.500000 0.001270
72.500000 0.001010
73.500000 0.001254
74.500000 0.001352
75.500000 0.001075
76.500000 0.001140
77.500000 0.001075
78.500000 0.001091
79.500000 0.001075
80.500000 0.001059
81.500000 0.001189
82.500000 0.001433
83.500000 0.001042
84.500000 0.001254
85.500000 0.001140
86.500000 0.001091
87.500000 0.001075
88.500000 0.001384
89.500000 0.001319
90.500000 0.001140
91.500000 0.001303
92.500000 0.001270
93.500000 0.001254
94.500000 0.001417
95.500000 0.001010
96.500000 0.000961
97.500000 0.001254
98.500000 0.001515
99.500000 0.001205
100.500000 0.001303
101.500000 0.001124
102.500000 0.001010
103.500000 0.001075
104.500000 0.001091
105.500000 0.001156
106.500000 0.001010
107.500000 0.001384
108.500000 0.000863
109.500000 0.001091
110.500000 0.000733
111.500000 0.000766
112.500000 0.000896
113.500000 0.000798
114.500000 0.000880
115.500000 0.000896
116.500000 0.000863
117.500000 0.000733
118.500000 0.000847
119.500000 0.000798
120.500000 0.000619
121.500000 0.000717
122.500000 0.000782
123.500000 0.000668
124.500000 0.000652
125.500000 0.000863
126.500000 0.000880
127.500000 0.001026
128.500000 0.000994
129.500000 0.000814
130.500000 0.000977
131.500000 0.000928
132.500000 0.000814
133.500000 0.000896
134.500000 0.000928
135.500000 0.000831
136.500000 0.000928
137.500000 0.000880
138.500000 0.000733
139.500000 0.000603
140.500000 0.000554
141.500000 0.000880
142.500000 0.000766
143.500000 0.000749
144.500000 0.000700
145.500000 0.000684
146.500000 0.000782
147.500000 0.000977
148.500000 0.000684
149.500000 0.000977
150.500000 0.000977
151.500000 0.000814
152.500000 0.000831
153.500000 0.000798
154.500000 0.000798
155.500000 0.000945
156.500000 0.000896
157.500000 0.000668
158.500000 0.000798
159.500000 0.000717
160.500000 0.000863
161.500000 0.000505
162.500000 0.000766
163.500000 0.000798
164.500000 0.000749
165.500000 0.000554
166.500000 0.000538
167.500000 0.000798
168.500000 0.000668
169.500000 0.000766
170.500000 0.000749
171.500000 0.000684
172.500000 0.000700
173.500000 0.000684
174.500000 0.000391
175.500000 0.000635
176.500000 0.000782
177.500000 0.000586
178.500000 0.000603
179.500000 0.000782
180.500000 0.000554
181.500000 0.000489
182.500000 0.000505
183.500000 0.000570
184.500000 0.000570
185.500000 0.000521
186.500000 0.000456
187.500000 0.000700
188.500000 0.000440
189.500000 0.000586
190.500000 0.000521
191.500000 0.000521
192.500000 0.000554
193.500000 0.000521
194.500000 0.000489
195.500000 0.000554
196.500000 0.000472
197.500000 0.000391
198.500000 0.000505
199.500000 0.000456
200.500000 0.000358
201.500000 0.000554
202.500000 0.000538
203.500000 0.000358
204.500000 0.000489
205.500000 0.000521
206.500000 0.000375
207.500000 0.000375
208.500000 0.000244
209.500000 0.000342
210.500000 0.000472
211.500000 0.000456
212.500000 0.000440
213.500000 0.000407
214.500000 0.000391
215.500000 0.000472
216.500000 0.000375
217.500000 0.000326
218.500000 0.000489
219.500000 0.000570
220.500000 0.000407
221.500000 0.000342
222.500000 0.000538
223.500000 0.000456
224.500000 0.000554
225.500000 0.000391
226.500000 0.000375
227.500000 0.000293
228.500000 0.000505
229.500000 0.000375
230.500000 0.000423
231.500000 0.000261
232.500000 0.000375
233.500000 0.000342
234.500000 0.000244
235.500000 0.000342
236.500000 0.000375
237.500000 0.000309
238.500000 0.000489
239.500000 0.000521
240.500000 0.000293
241.500000 0.000326
242.500000 0.000423
243.500000 0.000293
244.500000 0.000440
245.500000 0.000358
246.500000 0.000489
247.500000 0.000244
248.500000 0.000375
249.500000 0.000326
250.500000 0.000358
251.500000 0.000440
252.500000 0.000407
253.500000 0.000407
254.500000 0.000342
255.500000 0.000489
256.500000 0.000423
257.500000 0.000407
258.500000 0.000293
259.500000 0.000277
260.500000 0.000391
261.500000 0.000489
262.500000 0.000440
263.500000 0.000342
264.500000 0.000326
265.500000 0.000342
266.500000 0.000293
267.500000 0.000342
268.500000 0.000391
269.500000 0.000277
270.500000 0.000293
271.500000 0.000375
272.500000 0.000326
273.500000 0.000375
274.500000 0.000342
275.500000 0.000342
276.500000 0.000521
277.500000 0.000423
278.500000 0.000472
279.500000 0.000277
280.500000 0.000261
281.500000 0.000342
282.500000 0.000228
283.500000 0.000293
284.500000 0.000358
285.500000 0.000407
286.500000 0.000440
287.500000 0.000505
288.500000 0.000309
289.500000 0.000391
290.500000 0.000277
291.500000 0.000261
292.500000 0.000342
293.500000 0.000277
294.500000 0.000277
295.500000 0.000505
296.500000 0.000309
297.500000 0.000163
298.500000 0.000391
299.500000 0.000228
300.500000 0.000375
301.500000 0.000358
302.500000 0.000456
303.500000 0.000342
304.500000 0.000440
305.500000 0.000407
306.500000 0.000179
307.500000 0.000179
308.500000 0.000391
309.500000 0.000375
310.500000 0.000326
311.500000 0.000277
312.500000 0.000440
313.500000 0.000456
314.500000 0.000358
315.500000 0.000326
316.500000 0.000228
317.500000 0.000342
318.500000 0.000440
319.500000 0.000326
320.500000 0.000326
321.500000 0.000326
322.500000 0.000342
323.500000 0.000407
324.500000 0.000358
325.500000 0.000147
326.500000 0.000228
327.500000 0.000293
328.500000 0.000277
329.500000 0.000293
330.500000 0.000195
331.500000 0.000391
332.500000 0.000309
333.500000 0.000261
334.500000 0.000244
335.500000 0.000342
336.500000 0.000195
337.500000 0.000375
338.500000 0.000358
339.500000 0.000358
340.500000 0.000244
341.500000 0.000293
342.500000 0.000228
343.500000 0.000407
344.500000 0.000228
345.500000 0.000309
346.500000 0.000391
347.500000 0.000228
348.500000 0.000326
349.500000 0.000228
350.500000 0.000261
351.500000 0.000326
352.500000 0.000309
353.500000 0.000261
354.500000 0.000212
355.500000 0.000244
356.500000 0.000261
357.500000 0.000244
358.500000 0.000277
359.500000 0.000212
360.500000 0.000261
361.500000 0.000228
362.500000 0.000375
363.500000 0.000309
364.500000 0.000342
365.500000 0.000309
366.500000 0.000358
367.500000 0.000375
368.500000 0.000375
369.500000 0.000375
370.500000 0.000212
371.500000 0.000228
372.500000 0.000261
373.500000 0.000375
374.500000 0.000244
375.500000 0.000342
376.500000 0.000309
377.500000 0.000293
378.500000 0.000261
379.500000 0.000277
380.500000 0.000244
381.500000 0.000423
382.500000 0.000212
383.500000 0.000358
384.500000 0.000293
385.500000 0.000309
386.500000 0.000293
387.500000 0.000375
388.500000 0.000212
389.500000 0.000375
390.500000 0.000309
391.500000 0.000261
392.500000 0.000293
393.500000 0.000293
394.500000 0.000358
395.500000 0.000293
396.500000 0.000195
397.500000 0.000489
398.500000 0.000277
399.500000 0.000293
400.500000 0.000326
401.500000 0.000309
402.500000 0.000521
403.500000 0.000423
404.500000 0.000309
405.500000 0.000358
406.500000 0.000358
407.500000 0.000244
408.500000 0.000342
409.500000 0.000293
410.500000 0.000326
411.500000 0.000472
412.500000 0.000228
413.500000 0.000521
414.500000 0.000358
415.500000 0.000456
416.500000 0.000472
417.500000 0.000472
418.500000 0.000391
419.500000 0.000505
420.500000 0.000375
421.500000 0.000375
422.500000 0.000228
423.500000 0.000423
424.500000 0.000472
425.500000 0.000489
426.500000 0.000521
427.500000 0.000472
428.500000 0.000472
429.500000 0.000375
430.500000 0.000635
431.500000 0.000652
432.500000 0.000375
433.500000 0.000668
434.500000 0.000407
435.500000 0.000570
436.500000 0.000391
437.500000 0.000570
438.500000 0.000375
439.500000 0.000668
440.500000 0.000684
441.500000 0.000586
442.500000 0.000603
443.500000 0.000635
444.500000 0.000505
445.500000 0.000570
446.500000 0.000717
447.500000 0.000538
448.500000 0.000554
449.500000 0.000749
450.500000 0.000717
451.500000 0.000766
452.500000 0.000586
453.500000 0.000505
454.500000 0.000782
455.500000 0.000766
456.500000 0.000831
457.500000 0.000814
458.500000 0.000928
459.500000 0.000766
460.500000 0.000928
461.500000 0.000570
462.500000 0.000863
463.500000 0.000782
464.500000 0.000912
465.500000 0.000880
466.500000 0.001108
467.500000 0.000994
468.500000 0.001173
469.500000 0.001059
470.500000 0.001173
471.500000 0.001596
472.500000 0.001482
473.500000 0.001238
474.500000 0.001140
475.500000 0.001368
476.500000 0.001547
477.500000 0.001645
478.500000 0.001661
479.500000 0.001694
480.500000 0.001922
481.500000 0.001922
482.500000 0.001906
483.500000 0.001727
484.500000 0.001971
485.500000 0.002003
486.500000 0.001922
487.500000 0.001889
488.500000 0.001759
489.500000 0.001873
490.500000 0.002117
491.500000 0.002020
492.500000 0.002101
493.500000 0.002541
494.500000 0.002932
495.500000 0.002492
496.500000 0.002492
497.500000 0.002345
498.500000 0.002541
499.500000 0.002459
500.500000 0.002052
501.500000 0.001873
502.500000 0.002052
503.500000 0.001824
504.500000 0.001759
505.500000 0.001678
506.500000 0.001841
507.500000 0.001678
508.500000 0.001694
509.500000 0.001727
510.500000 0.002150
511.500000 0.001971
512.500000 0.001661
513.500000 0.001792
514.500000 0.001841
515.500000 0.001401
516.500000 0.001531
517.500000 0.001515
518.500000 0.001547
519.500000 0.001205
520.500000 0.001710
521.500000 0.001580
522.500000 0.001498
523.500000 0.001482
524.500000 0.001189
525.500000 0.001303
526.500000 0.001287
527.500000 0.001303
528.500000 0.001091
529.500000 0.001124
530.500000 0.001075
531.500000 0.000912
532.500000 0.000961
533.500000 0.000928
534.500000 0.001010
535.500000 0.000880
536.500000 0.000798
537.500000 0.000798
538.500000 0.000586
539.500000 0.000538
540.500000 0.000717
541.500000 0.000798
542.500000 0.000538
543.500000 0.000456
544.500000 0.000456
545.500000 0.000538
546.500000 0.000472
547.500000 0.000489
548.500000 0.000440
549.500000 0.000505
550.500000 0.000293
551.500000 0.000440
552.500000 0.000456
553.500000 0.000489
554.500000 0.000456
555.500000 0.000440
556.500000 0.000440
557.500000 0.000505
558.500000 0.000407
559.500000 0.000456
560.500000 0.000342
561.500000 0.000489
562.500000 0.000440
563.500000 0.000358
564.500000 0.000309
565.500000 0.000309
566.500000 0.000309
567.500000 0.000277
568.500000 0.000277
569.500000 0.000309
570.500000 0.000244
571.500000 0.000179
572.500000 0.000472
573.500000 0.000277
574.500000 0.000309
575.500000 0.000195
576.500000 0.000212
577.500000 0.000423
578.500000 0.000407
579.500000 0.000342
580.500000 0.000179
581.500000 0.000212
582.500000 0.000212
583.500000 0.000195
584.500000 0.000147
585.500000 0.000212
586.500000 0.000228
587.500000 0.000228
588.500000 0.000195
589.500000 0.000212
590.500000 0.000244
591.500000 0.000179
592.500000 0.000228
593.500000 0.000130
594.500000 0.000130
595.500000 0.000114
596.500000 0.000309
597.500000 0.000391
598.500000 0.000179
599.500000 0.000244
600.500000 0.000179
601.500000 0.000244
602.500000 0.000179
603.500000 0.000098
604.500000 0.000228
605.500000 0.000098
606.500000 0.000195
607.500000 0.000147
608.500000 0.000179
609.500000 0.000179
610.500000 0.000195
611.500000 0.000358
612.500000 0.000179
613.500000 0.000195
614.500000 0.000163
615.500000 0.000179
616.500000 0.000212
617.500000 0.000212
618.500000 0.000261
619.500000 0.000195
620.500000 0.000163
621.500000 0.000228
622.500000 0.000293
623.500000 0.000326
624.500000 0.000423
625.500000 0.000407
626.500000 0.000244
627.500000 0.000228
628.500000 0.000212
629.500000 0.000358
630.500000 0.000228
631.500000 0.000261
632.500000 0.000228
633.500000 0.000228
634.500000 0.000261
635.500000 0.000309
636.500000 0.000195
637.500000 0.000326
638.500000 0.000212
639.500000 0.000326
640.500000 0.000293
641.500000 0.000293
642.500000 0.000326
643.500000 0.000293
644.500000 0.000375
645.500000 0.000358
646.500000 0.000489
647.500000 0.000375
648.500000 0.000423
649.500000 0.000391
650.500000 0.000342
651.500000 0.000586
652.500000 0.000440
653.500000 0.000521
654.500000 0.000586
655.500000 0.000423
656.500000 0.000456
657.500000 0.000538
658.500000 0.000456
659.500000 0.000358
660.500000 0.000440
661.500000 0.000440
662.500000 0.000326
663.500000 0.000554
664.500000 0.000570
665.500000 0.000505
666.500000 0.000586
667.500000 0.000521
668.500000 0.000586
669.500000 0.000652
670.500000 0.000358
671.500000 0.000619
672.500000 0.000521
673.500000 0.000554
674.500000 0.000782
675.500000 0.000684
676.500000 0.000766
677.500000 0.000863
678.500000 0.000782
679.500000 0.001042
680.500000 0.001124
681.500000 0.001173
682.500000 0.001108
683.500000 0.001270
684.500000 0.001368
685.500000 0.001694
686.500000 0.001319
687.500000 0.001824
688.500000 0.001498
689.500000 0.001547
690.500000 0.001482
691.500000 0.001531
692.500000 0.002248
693.500000 0.002052
694.500000 0.002362
695.500000 0.002117
696.500000 0.002117
697.500000 0.002329
698.500000 0.002590
699.500000 0.002280
700.500000 0.002492
701.500000 0.002362
702.500000 0.003095
703.500000 0.002606
704.500000 0.002704
705.500000 0.002443
706.500000 0.002166
707.500000 0.002427
708.500000 0.002134
709.500000 0.002802
710.500000 0.002134
711.500000 0.002264
712.500000 0.002476
713.500000 0.002476
714.500000 0.002427
715.500000 0.002003
716.500000 0.002020
717.500000 0.002036
718.500000 0.001531
719.500000 0.001710
720.500000 0.001759
721.500000 0.001596
722.500000 0.001564
723.500000 0.001938
724.500000 0.001515
725.500000 0.001303
726.500000 0.001368
727.500000 0.001222
728.500000 0.001205
729.500000 0.001026
730.500000 0.001173
731.500000 0.001059
732.500000 0.001156
733.500000 0.000994
734.500000 0.001124
735.500000 0.000977
736.500000 0.001156
737.500000 0.000912
738.500000 0.001091
739.500000 0.000945
740.500000 0.001075
741.500000 0.001205
742.500000 0.001140
743.500000 0.001124
744.500000 0.001222
745.500000 0.000928
746.500000 0.000912
747.500000 0.001108
748.500000 0.001042
749.500000 0.001270
750.500000 0.001108
751.500000 0.001026
752.500000 0.001091
753.500000 0.001091
754.500000 0.000977
755.500000 0.001124
756.500000 0.001108
757.500000 0.000928
758.500000 0.000928
759.500000 0.000880
760.500000 0.001091
761.500000 0.000994
762.500000 0.000994
763.500000 0.001156
764.500000 0.000847
765.500000 0.001205
766.500000 0.001075
767.500000 0.001075
768.500000 0.001042
769.500000 0.001238
770.500000 0.000961
771.500000 0.001368
772.500000 0.001173
773.500000 0.000928
774.500000 0.001254
775.500000 0.001156
776.500000 0.001059
777.500000 0.000863
778.500000 0.001319
779.500000 0.001303
780.500000 0.001254
781.500000 0.001222
782.500000 0.001189
783.500000 0.001238
784.500000 0.001075
785.500000 0.000977
786.500000 0.000814
787.500000 0.001108
788.500000 0.001124
789.500000 0.001156
790.500000 0.000782
791.500000 0.001319
792.500000 0.001238
793.500000 0.001124
794.500000 0.001173
795.500000 0.001026
796.500000 0.001075
797.500000 0.001124
798.500000 0.001173
799.500000 0.001368
800.500000 0.001482
801.500000 0.001238
802.500000 0.001189
803.500000 0.001222
804.500000 0.001270
805.500000 0.001352
806.500000 0.001010
807.500000 0.001173
808.500000 0.001303
809.500000 0.001042
810.500000 0.000814
811.500000 0.001124
812.500000 0.000994
813.500000 0.001010
814.500000 0.001173
815.500000 0.000961
816.500000 0.000863
817.500000 0.001205
818.500000 0.001042
819.500000 0.001059
820.500000 0.000896
821.500000 0.001140
822.500000 0.001075
823.500000 0.000994
824.500000 0.000928
825.500000 0.001140
826.500000 0.000961
827.500000 0.000847
828.500000 0.000814
829.500000 0.000766
830.500000 0.000977
831.500000 0.000684
832.500000 0.000928
833.500000 0.000847
834.500000 0.000749
835.500000 0.000994
836.500000 0.001222
837.500000 0.000880
838.500000 0.000994
839.500000 0.000831
840.500000 0.000782
841.500000 0.000798
842.500000 0.000733
843.500000 0.000472
844.500000 0.000717
845.500000 0.000717
846.500000 0.000847
847.500000 0.000798
848.500000 0.000700
849.500000 0.000505
850.500000 0.000635
851.500000 0.000668
852.500000 0.000652
853.500000 0.000619
854.500000 0.000505
855.500000 0.000423
856.500000 0.000407
857.500000 0.000505
858.500000 0.000603
859.500000 0.000407
860.500000 0.000423
861.500000 0.000440
862.500000 0.000472
863.500000 0.000440
864.500000 0.000440
865.500000 0.000456
866.500000 0.000358
867.500000 0.000342
868.500000 0.000505
869.500000 0.000391
870.500000 0.000489
871.500000 0.000228
872.500000 0.000358
873.500000 0.000261
874.500000 0.000309
875.500000 0.000489
876.500000 0.000456
877.500000 0.000358
878.500000 0.000326
879.500000 0.000375
880.500000 0.000309
881.500000 0.000489
882.500000 0.000293
883.500000 0.000472
884.500000 0.000244
885.500000 0.000358
886.500000 0.000342
887.500000 0.000538
888.500000 0.000423
889.500000 0.000358
890.500000 0.000391
891.500000 0.000342
892.500000 0.000358
893.500000 0.000277
894.500000 0.000440
895.500000 0.000407
896.500000 0.000358
897.500000 0.000358
898.500000 0.000179
899.500000 0.000261
900.500000 0.000261
901.500000 0.000358
902.500000 0.000375
903.500000 0.000326
904.500000 0.000342
905.500000 0.000391
906.500000 0.000423
907.500000 0.000375
908.500000 0.000407
909.500000 0.000277
910.500000 0.000407
911.500000 0.000375
912.500000 0.000391
913.500000 0.000309
914.500000 0.000375
915.500000 0.000423
916.500000 0.000358
917.500000 0.000326
918.500000 0.000293
919.500000 0.000309
920.500000 0.000440
921.500000 0.000228
922.500000 0.000326
923.500000 0.000358
924.500000 0.000358
925.500000 0.000342
926.500000 0.000423
927.500000 0.000212
928.500000 0.000489
929.500000 0.000407
930.500000 0.000456
931.500000 0.000489
932.500000 0.000423
933.500000 0.000440
934.500000 0.000489
935.500000 0.000342
936.500000 0.000521
937.500000 0.000440
938.500000 0.000472
939.500000 0.000472
940.500000 0.000293
941.500000 0.000489
942.500000 0.000407
943.500000 0.000391
944.500000 0.000391
945.500000 0.000375
946.500000 0.000440
947.500000 0.000375
948.500000 0.000456
949.500000 0.000521
950.500000 0.000391
951.500000 0.000423
952.500000 0.000358
953.500000 0.000375
954.500000 0.000456
955.500000 0.000456
956.500000 0.000375
957.500000 0.000440
958.500000 0.000440
959.500000 0.000472
960.500000 0.000423
961.500000 0.000456
962.500000 0.000489
963.500000 0.000570
964.500000 0.000635
965.500000 0.000538
966.500000 0.000489
967.500000 0.000635
968.500000 0.000554
969.500000 0.000456
970.500000 0.000456
971.500000 0.000733
972.500000 0.000521
973.500000 0.000700
974.500000 0.000456
975.500000 0.000603
976.500000 0.000652
977.500000 0.000505
978.500000 0.000505
979.500000 0.000635
980.500000 0.000538
981.500000 0.000554
982.500000 0.000652
983.500000 0.000880
984.500000 0.000570
985.500000 0.000635
986.500000 0.000733
987.500000 0.000831
988.500000 0.000766
989.500000 0.000831
990.500000 0.000635
991.500000 0.000603
992.500000 0.000896
993.500000 0.000945
994.500000 0.000603
995.500000 0.001075
996.500000 0.000847
997.500000 0.000831
998.500000 0.000814
999.500000 0.000994
1000.500000 0.000863
1001.500000 0.000684
1002.500000 0.001059
1003.500000 0.000700
1004.500000 0.000619
1005.500000 0.000766
1006.500000 0.000831
1007.500000 0.000684
1008.500000 0.000782
1009.500000 0.000668
1010.500000 0.000994
1011.500000 0.000652
1012.500000 0.000766
1013.500000 0.000766
1014.500000 0.000554
1015.500000 0.000847
1016.500000 0.000945
1017.500000 0.000749
1018.500000 0.000928
1019.500000 0.000961
1020.500000 0.000668
1021.500000 0.000586
1022.500000 0.000847
1023.500000 0.000831
1024.500000 0.000798
1025.500000 0.000912
1026.500000 0.000863
1027.500000 0.000717
1028.500000 0.000880
1029.500000 0.000961
1030.500000 0.000700
1031.500000 0.000831
1032.500000 0.000896
1033.500000 0.000863
1034.500000 0.000652
1035.500000 0.000684
1036.500000 0.000717
1037.500000 0.000912
1038.500000 0.000928
1039.500000 0.000749
1040.500000 0.000798
1041.500000 0.000717
1042.500000 0.000700
1043.500000 0.000814
1044.500000 0.000733
1045.500000 0.000423
1046.500000 0.000668
1047.500000 0.000570
1048.500000 0.000684
1049.500000 0.000586
1050.500000 0.000472
1051.500000 0.000456
1052.500000 0.000375
1053.500000 0.000635
1054.500000 0.000309
1055.500000 0.000505
1056.500000 0.000586
1057.500000 0.000505
1058.500000 0.000603
1059.500000 0.000570
1060.500000 0.000538
1061.500000 0.000358
1062.500000 0.000375
1063.500000 0.000472
1064.500000 0.000521
1065.500000 0.000293
1066.500000 0.000391
1067.500000 0.000570
1068.500000 0.000554
1069.500000 0.000505
1070.500000 0.000358
1071.500000 0.000440
1072.500000 0.000619
1073.500000 0.000489
1074.500000 0.000505
1075.500000 0.000521
1076.500000 0.000603
1077.500000 0.000375
1078.500000 0.000472
1079.500000 0.000489
1080.500000 0.000521
1081.500000 0.000472
1082.500000 0.000391
1083.500000 0.000423
1084.500000 0.000244
1085.500000 0.000277
1086.500000 0.000277
1087.500000 0.000407
1088.500000 0.000179
1089.500000 0.000342
1090.500000 0.000342
1091.500000 0.000619
1092.500000 0.000293
1093.500000 0.000212
1094.500000 0.000440
1095.500000 0.000342
1096.500000 0.000293
1097.500000 0.000293
1098.500000 0.000244
1099.500000 0.000375
1100.500000 0.000423
1101.500000 0.000358
1102.500000 0.000407
1103.500000 0.000244
1104.500000 0.000391
1105.500000 0.000423
1106.500000 0.000358
1107.500000 0.000195
1108.500000 0.000261
1109.500000 0.000375
1110.500000 0.000440
1111.500000 0.000228
1112.500000 0.000440
1113.500000 0.000358
1114.500000 0.000407
1115.500000 0.000293
1116.500000 0.000570
1117.500000 0.000326
1118.500000 0.000375
1119.500000 0.000342
1120.500000 0.000407
1121.500000 0.000375
1122.500000 0.000326
1123.500000 0.000358
1124.500000 0.000277
1125.500000 0.000391
1126.500000 0.000391
1127.500000 0.000261
1128.500000 0.000375
1129.500000 0.000375
1130.500000 0.000456
1131.500000 0.000423
1132.500000 0.000375
1133.500000 0.000326
1134.500000 0.000391
1135.500000 0.000407
1136.500000 0.000472
1137.500000 0.000505
1138.500000 0.000375
1139.500000 0.000440
1140.500000 0.000456
1141.500000 0.000505
1142.500000 0.000423
1143.500000 0.000505
1144.500000 0.000635
1145.500000 0.000440
1146.500000 0.000489
1147.500000 0.000440
1148.500000 0.000538
1149.500000 0.000472
1150.500000 0.000505
1151.500000 0.000619
1152.500000 0.000684
1153.500000 0.000668
1154.500000 0.000749
1155.500000 0.000831
1156.500000 0.000896
1157.500000 0.000766
1158.500000 0.000782
1159.500000 0.000847
1160.500000 0.000928
1161.500000 0.000749
1162.500000 0.000766
1163.500000 0.000977
1164.500000 0.001189
1165.500000 0.000863
1166.500000 0.001042
1167.500000 0.001059
1168.500000 0.000912
1169.500000 0.001384
1170.500000 0.001205
1171.500000 0.001678
1172.500000 0.001417
1173.500000 0.001613
1174.500000 0.001564
1175.500000 0.001482
1176.500000 0.001580
1177.500000 0.001727
1178.500000 0.002003
1179.500000 0.002117
1180.500000 0.002459
1181.500000 0.002899
1182.500000 0.002688
1183.500000 0.003355
1184.500000 0.003860
1185.500000 0.004072
1186.500000 0.004381
1187.500000 0.003486
1188.500000 0.004561
1189.500000 0.004593
1190.500000 0.004072
1191.500000 0.004202
1192.500000 0.004333
1193.500000 0.004984
1194.500000 0.005180
1195.500000 0.005538
1196.500000 0.005489
1197.500000 0.006043
1198.500000 0.005212
1199.500000 0.004593
