0.000000 0.001630
1.000834 0.001728
2.001668 0.001821
3.002502 0.001906
4.003336 0.001984
5.004170 0.002052
6.005004 0.002111
7.005838 0.002159
8.006672 0.002197
9.007506 0.002225
10.008340 0.002242
11.009174 0.002249
12.010008 0.002246
13.010842 0.002234
14.011676 0.002214
15.012510 0.002187
16.013344 0.002153
17.014178 0.002113
18.015013 0.002068
19.015847 0.002019
20.016681 0.001968
21.017515 0.001914
22.018349 0.001859
23.019183 0.001803
24.020017 0.001747
25.020851 0.001693
26.021685 0.001640
27.022519 0.001588
28.023353 0.001539
29.024187 0.001492
30.025021 0.001449
31.025855 0.001408
32.026689 0.001371
33.027523 0.001336
34.028357 0.001305
35.029191 0.001277
36.030025 0.001252
37.030859 0.001229
38.031693 0.001209
39.032527 0.001192
40.033361 0.001176
41.034195 0.001163
42.035029 0.001151
43.035863 0.001140
44.036697 0.001131
45.037531 0.001123
46.038365 0.001116
47.039199 0.001109
48.040033 0.001102
49.040867 0.001097
50.041701 0.001091
51.042535 0.001085
52.043369 0.001080
53.044204 0.001074
54.045038 0.001069
55.045872 0.001063
56.046706 0.001057
57.047540 0.001051
58.048374 0.001044
59.049208 0.001037
60.050042 0.001030
61.050876 0.001023
62.051710 0.001016
63.052544 0.001008
64.053378 0.001000
65.054212 0.000991
66.055046 0.000983
67.055880 0.000974
68.056714 0.000966
69.057548 0.000957
70.058382 0.000948
71.059216 0.000940
72.060050 0.000932
73.060884 0.000924
74.061718 0.000916
75.062552 0.000909
76.063386 0.000903
77.064220 0.000896
78.065054 0.000891
79.065888 0.000885
80.066722 0.000880
81.067556 0.000876
82.068390 0.000872
83.069224 0.000868
84.070058 0.000864
85.070892 0.000861
86.071726 0.000857
87.072560 0.000854
88.073394 0.000850
89.074229 0.000846
90.075063 0.000842
91.075897 0.000837
92.076731 0.000832
93.077565 0.000826
94.078399 0.000820
95.079233 0.000813
96.080067 0.000805
97.080901 0.000797
98.081735 0.000788
99.082569 0.000778
100.083403 0.000769
101.084237 0.000758
102.085071 0.000747
103.085905 0.000736
104.086739 0.000725
105.087573 0.000713
106.088407 0.000702
107.089241 0.000691
108.090075 0.000680
109.090909 0.000669
110.091743 0.000658
111.092577 0.000648
112.093411 0.000638
113.094245 0.000628
114.095079 0.000619
115.095913 0.000610
116.096747 0.000601
117.097581 0.000593
118.098415 0.000585
119.099249 0.000578
120.100083 0.000571
121.100917 0.000564
122.101751 0.000558
123.102585 0.000552
124.103420 0.000546
125.104254 0.000541
126.105088 0.000536
127.105922 0.000531
128.106756 0.000527
129.107590 0.000523
130.108424 0.000519
131.109258 0.000516
132.110092 0.000513
133.110926 0.000511
134.111760 0.000509
135.112594 0.000508
136.113428 0.000507
137.114262 0.000506
138.115096 0.000506
139.115930 0.000505
140.116764 0.000506
141.117598 0.000506
142.118432 0.000507
143.119266 0.000509
144.120100 0.000510
145.120934 0.000512
146.121768 0.000514
147.122602 0.000517
148.123436 0.000520
149.124270 0.000524
150.125104 0.000528
151.125938 0.000532
152.126772 0.000537
153.127606 0.000542
154.128440 0.000548
155.129274 0.000553
156.130108 0.000559
157.130942 0.000565
158.131776 0.000570
159.132611 0.000576
160.133445 0.000581
161.134279 0.000585
162.135113 0.000589
163.135947 0.000591
164.136781 0.000593
165.137615 0.000594
166.138449 0.000594
167.139283 0.000593
168.140117 0.000591
169.140951 0.000587
170.141785 0.000582
171.142619 0.000576
172.143453 0.000569
173.144287 0.000561
174.145121 0.000552
175.145955 0.000543
176.146789 0.000532
177.147623 0.000521
178.148457 0.000510
179.149291 0.000499
180.150125 0.000487
181.150959 0.000476
182.151793 0.000464
183.152627 0.000453
184.153461 0.000442
185.154295 0.000432
186.155129 0.000422
187.155963 0.000413
188.156797 0.000404
189.157631 0.000396
190.158465 0.000389
191.159299 0.000382
192.160133 0.000376
193.160967 0.000371
194.161802 0.000366
195.162636 0.000362
196.163470 0.000358
197.164304 0.000355
198.165138 0.000352
199.165972 0.000349
200.166806 0.000347
201.167640 0.000345
202.168474 0.000344
203.169308 0.000342
204.170142 0.000341
205.170976 0.000341
206.171810 0.000340
207.172644 0.000340
208.173478 0.000340
209.174312 0.000340
210.175146 0.000340
211.175980 0.000341
212.176814 0.000341
213.177648 0.000342
214.178482 0.000343
215.179316 0.000345
216.180150 0.000346
217.180984 0.000348
218.181818 0.000349
219.182652 0.000351
220.183486 0.000353
221.184320 0.000354
222.185154 0.000356
223.185988 0.000357
224.186822 0.000358
225.187656 0.000359
226.188490 0.000360
227.189324 0.000361
228.190158 0.000361
229.190992 0.000361
230.191827 0.000361
231.192661 0.000360
232.193495 0.000359
233.194329 0.000358
234.195163 0.000356
235.195997 0.000354
236.196831 0.000352
237.197665 0.000349
238.198499 0.000347
239.199333 0.000343
240.200167 0.000340
241.201001 0.000336
242.201835 0.000333
243.202669 0.000329
244.203503 0.000325
245.204337 0.000320
246.205171 0.000316
247.206005 0.000312
248.206839 0.000307
249.207673 0.000303
250.208507 0.000299
251.209341 0.000295
252.210175 0.000291
253.211009 0.000288
254.211843 0.000284
255.212677 0.000282
256.213511 0.000279
257.214345 0.000277
258.215179 0.000275
259.216013 0.000274
260.216847 0.000274
261.217681 0.000273
262.218515 0.000273
263.219349 0.000274
264.220183 0.000274
265.221018 0.000275
266.221852 0.000276
267.222686 0.000277
268.223520 0.000278
269.224354 0.000279
270.225188 0.000280
271.226022 0.000280
272.226856 0.000281
273.227690 0.000281
274.228524 0.000280
275.229358 0.000280
276.230192 0.000279
277.231026 0.000278
278.231860 0.000276
279.232694 0.000274
280.233528 0.000272
281.234362 0.000269
282.235196 0.000266
283.236030 0.000263
284.236864 0.000260
285.237698 0.000256
286.238532 0.000252
287.239366 0.000248
288.240200 0.000244
289.241034 0.000240
290.241868 0.000236
291.242702 0.000232
292.243536 0.000229
293.244370 0.000225
294.245204 0.000222
295.246038 0.000219
296.246872 0.000217
297.247706 0.000215
298.248540 0.000214
299.249374 0.000213
300.250209 0.000213
301.251043 0.000214
302.251877 0.000216
303.252711 0.000219
304.253545 0.000222
305.254379 0.000227
306.255213 0.000232
307.256047 0.000238
308.256881 0.000245
309.257715 0.000252
310.258549 0.000260
311.259383 0.000268
312.260217 0.000276
313.261051 0.000285
314.261885 0.000293
315.262719 0.000301
316.263553 0.000309
317.264387 0.000317
318.265221 0.000323
319.266055 0.000329
320.266889 0.000335
321.267723 0.000339
322.268557 0.000342
323.269391 0.000345
324.270225 0.000347
325.271059 0.000348
326.271893 0.000348
327.272727 0.000347
328.273561 0.000346
329.274395 0.000344
330.275229 0.000342
331.276063 0.000340
332.276897 0.000337
333.277731 0.000335
334.278565 0.000332
335.279399 0.000330
336.280234 0.000328
337.281068 0.000326
338.281902 0.000324
339.282736 0.000323
340.283570 0.000322
341.284404 0.000322
342.285238 0.000322
343.286072 0.000322
344.286906 0.000323
345.287740 0.000324
346.288574 0.000326
347.289408 0.000328
348.290242 0.000329
349.291076 0.000331
350.291910 0.000333
351.292744 0.000335
352.293578 0.000337
353.294412 0.000339
354.295246 0.000341
355.296080 0.000343
356.296914 0.000344
357.297748 0.000345
358.298582 0.000346
359.299416 0.000347
360.300250 0.000348
361.301084 0.000349
362.301918 0.000350
363.302752 0.000351
364.303586 0.000352
365.304420 0.000353
366.305254 0.000355
367.306088 0.000357
368.306922 0.000359
369.307756 0.000361
370.308590 0.000364
371.309425 0.000367
372.310259 0.000370
373.311093 0.000374
374.311927 0.000379
375.312761 0.000383
376.313595 0.000388
377.314429 0.000393
378.315263 0.000399
379.316097 0.000405
380.316931 0.000411
381.317765 0.000417
382.318599 0.000423
383.319433 0.000429
384.320267 0.000436
385.321101 0.000442
386.321935 0.000449
387.322769 0.000455
388.323603 0.000461
389.324437 0.000467
390.325271 0.000473
391.326105 0.000478
392.326939 0.000483
393.327773 0.000488
394.328607 0.000493
395.329441 0.000497
396.330275 0.000501
397.331109 0.000504
398.331943 0.000508
399.332777 0.000510
400.333611 0.000513
401.334445 0.000515
402.335279 0.000517
403.336113 0.000518
404.336947 0.000520
405.337781 0.000521
406.338616 0.000522
407.339450 0.000522
408.340284 0.000523
409.341118 0.000524
410.341952 0.000525
411.342786 0.000526
412.343620 0.000527
413.344454 0.000528
414.345288 0.000529
415.346122 0.000531
416.346956 0.000534
417.347790 0.000536
418.348624 0.000540
419.349458 0.000544
420.350292 0.000548
421.351126 0.000553
422.351960 0.000559
423.352794 0.000566
424.353628 0.000573
425.354462 0.000581
426.355296 0.000590
427.356130 0.000600
428.356964 0.000611
429.357798 0.000622
430.358632 0.000634
431.359466 0.000646
432.360300 0.000660
433.361134 0.000673
434.361968 0.000687
435.362802 0.000702
436.363636 0.000717
437.364470 0.000732
438.365304 0.000747
439.366138 0.000763
440.366972 0.000779
441.367807 0.000795
442.368641 0.000811
443.369475 0.000828
444.370309 0.000844
445.371143 0.000860
446.371977 0.000877
447.372811 0.000893
448.373645 0.000910
449.374479 0.000926
450.375313 0.000941
451.376147 0.000957
452.376981 0.000972
453.377815 0.000986
454.378649 0.000999
455.379483 0.001012
456.380317 0.001024
457.381151 0.001034
458.381985 0.001044
459.382819 0.001052
460.383653 0.001059
461.384487 0.001066
462.385321 0.001070
463.386155 0.001074
464.386989 0.001077
465.387823 0.001079
466.388657 0.001080
467.389491 0.001081
468.390325 0.001081
469.391159 0.001080
470.391993 0.001079
471.392827 0.001078
472.393661 0.001076
473.394495 0.001075
474.395329 0.001073
475.396163 0.001071
476.396997 0.001068
477.397832 0.001066
478.398666 0.001063
479.399500 0.001059
480.400334 0.001056
481.401168 0.001051
482.402002 0.001047
483.402836 0.001042
484.403670 0.001036
485.404504 0.001029
486.405338 0.001023
487.406172 0.001015
488.407006 0.001007
489.407840 0.000999
490.408674 0.000990
491.409508 0.000981
492.410342 0.000971
493.411176 0.000961
494.412010 0.000951
495.412844 0.000940
496.413678 0.000929
497.414512 0.000917
498.415346 0.000905
499.416180 0.000893
500.417014 0.000880
501.417848 0.000867
502.418682 0.000854
503.419516 0.000840
504.420350 0.000825
505.421184 0.000810
506.422018 0.000795
507.422852 0.000780
508.423686 0.000764
509.424520 0.000748
510.425354 0.000732
511.426188 0.000716
512.427023 0.000700
513.427857 0.000684
514.428691 0.000669
515.429525 0.000653
516.430359 0.000639
517.431193 0.000624
518.432027 0.000610
519.432861 0.000597
520.433695 0.000584
521.434529 0.000571
522.435363 0.000559
523.436197 0.000547
524.437031 0.000535
525.437865 0.000524
526.438699 0.000513
527.439533 0.000502
528.440367 0.000492
529.441201 0.000481
530.442035 0.000471
531.442869 0.000461
532.443703 0.000451
533.444537 0.000441
534.445371 0.000432
535.446205 0.000423
536.447039 0.000415
537.447873 0.000407
538.448707 0.000400
539.449541 0.000393
540.450375 0.000387
541.451209 0.000381
542.452043 0.000377
543.452877 0.000373
544.453711 0.000370
545.454545 0.000368
546.455379 0.000366
547.456214 0.000365
548.457048 0.000364
549.457882 0.000364
550.458716 0.000364
551.459550 0.000365
552.460384 0.000366
553.461218 0.000367
554.462052 0.000368
555.462886 0.000369
556.463720 0.000370
557.464554 0.000372
558.465388 0.000373
559.466222 0.000374
560.467056 0.000375
561.467890 0.000376
562.468724 0.000376
563.469558 0.000377
564.470392 0.000378
565.471226 0.000379
566.472060 0.000380
567.472894 0.000382
568.473728 0.000384
569.474562 0.000386
570.475396 0.000388
571.476230 0.000391
572.477064 0.000394
573.477898 0.000398
574.478732 0.000402
575.479566 0.000407
576.480400 0.000412
577.481234 0.000417
578.482068 0.000423
579.482902 0.000429
580.483736 0.000435
581.484570 0.000441
582.485405 0.000447
583.486239 0.000454
584.487073 0.000460
585.487907 0.000466
586.488741 0.000472
587.489575 0.000478
588.490409 0.000484
589.491243 0.000489
590.492077 0.000494
591.492911 0.000499
592.493745 0.000504
593.494579 0.000508
594.495413 0.000513
595.496247 0.000517
596.497081 0.000522
597.497915 0.000526
598.498749 0.000531
599.499583 0.000535
600.500417 0.000540
601.501251 0.000545
602.502085 0.000550
603.502919 0.000556
604.503753 0.000561
605.504587 0.000567
606.505421 0.000572
607.506255 0.000578
608.507089 0.000584
609.507923 0.000589
610.508757 0.000594
611.509591 0.000599
612.510425 0.000604
613.511259 0.000608
614.512093 0.000612
615.512927 0.000616
616.513761 0.000619
617.514595 0.000621
618.515430 0.000623
619.516264 0.000625
620.517098 0.000627
621.517932 0.000628
622.518766 0.000629
623.519600 0.000631
624.520434 0.000632
625.521268 0.000633
626.522102 0.000634
627.522936 0.000636
628.523770 0.000638
629.524604 0.000641
630.525438 0.000644
631.526272 0.000648
632.527106 0.000653
633.527940 0.000658
634.528774 0.000664
635.529608 0.000670
636.530442 0.000677
637.531276 0.000684
638.532110 0.000692
639.532944 0.000701
640.533778 0.000709
641.534612 0.000718
642.535446 0.000727
643.536280 0.000736
644.537114 0.000745
645.537948 0.000754
646.538782 0.000763
647.539616 0.000772
648.540450 0.000780
649.541284 0.000788
650.542118 0.000795
651.542952 0.000803
652.543786 0.000810
653.544621 0.000817
654.545455 0.000824
655.546289 0.000831
656.547123 0.000839
657.547957 0.000847
658.548791 0.000855
659.549625 0.000865
660.550459 0.000876
661.551293 0.000888
662.552127 0.000902
663.552961 0.000918
664.553795 0.000935
665.554629 0.000956
666.555463 0.000979
667.556297 0.001004
668.557131 0.001033
669.557965 0.001065
670.558799 0.001100
671.559633 0.001139
672.560467 0.001180
673.561301 0.001225
674.562135 0.001274
675.562969 0.001325
676.563803 0.001379
677.564637 0.001435
678.565471 0.001493
679.566305 0.001553
680.567139 0.001613
681.567973 0.001674
682.568807 0.001734
683.569641 0.001792
684.570475 0.001849
685.571309 0.001902
686.572143 0.001952
687.572977 0.001996
688.573812 0.002036
689.574646 0.002070
690.575480 0.002097
691.576314 0.002117
692.577148 0.002129
693.577982 0.002135
694.578816 0.002132
695.579650 0.002122
696.580484 0.002104
697.581318 0.002079
698.582152 0.002048
699.582986 0.002010
700.583820 0.001967
701.584654 0.001919
702.585488 0.001866
703.586322 0.001810
704.587156 0.001752
705.587990 0.001692
706.588824 0.001630
707.589658 0.001568
708.590492 0.001506
709.591326 0.001445
710.592160 0.001385
711.592994 0.001327
712.593828 0.001270
713.594662 0.001216
714.595496 0.001164
715.596330 0.001114
716.597164 0.001067
717.597998 0.001023
718.598832 0.000981
719.599666 0.000941
720.600500 0.000904
721.601334 0.000869
722.602168 0.000835
723.603003 0.000804
724.603837 0.000774
725.604671 0.000746
726.605505 0.000719
727.606339 0.000693
728.607173 0.000668
729.608007 0.000644
730.608841 0.000621
731.609675 0.000599
732.610509 0.000578
733.611343 0.000557
734.612177 0.000537
735.613011 0.000518
736.613845 0.000499
737.614679 0.000482
738.615513 0.000465
739.616347 0.000449
740.617181 0.000433
741.618015 0.000418
742.618849 0.000404
743.619683 0.000391
744.620517 0.000379
745.621351 0.000367
746.622185 0.000356
747.623019 0.000346
748.623853 0.000337
749.624687 0.000328
750.625521 0.000320
751.626355 0.000312
752.627189 0.000305
753.628023 0.000299
754.628857 0.000293
755.629691 0.000288
756.630525 0.000284
757.631359 0.000280
758.632193 0.000276
759.633028 0.000273
760.633862 0.000271
761.634696 0.000269
762.635530 0.000268
763.636364 0.000267
764.637198 0.000266
765.638032 0.000266
766.638866 0.000266
767.639700 0.000267
768.640534 0.000267
769.641368 0.000268
770.642202 0.000269
771.643036 0.000270
772.643870 0.000271
773.644704 0.000272
774.645538 0.000272
775.646372 0.000273
776.647206 0.000273
777.648040 0.000273
778.648874 0.000272
779.649708 0.000272
780.650542 0.000270
781.651376 0.000269
782.652210 0.000267
783.653044 0.000265
784.653878 0.000262
785.654712 0.000259
786.655546 0.000256
787.656380 0.000253
788.657214 0.000250
789.658048 0.000246
790.658882 0.000243
791.659716 0.000239
792.660550 0.000236
793.661384 0.000232
794.662219 0.000229
795.663053 0.000226
796.663887 0.000223
797.664721 0.000221
798.665555 0.000219
799.666389 0.000217
800.667223 0.000215
801.668057 0.000214
802.668891 0.000214
803.669725 0.000214
804.670559 0.000215
805.671393 0.000216
806.672227 0.000218
807.673061 0.000220
808.673895 0.000223
809.674729 0.000227
810.675563 0.000231
811.676397 0.000236
812.677231 0.000241
813.678065 0.000247
814.678899 0.000253
815.679733 0.000259
816.680567 0.000265
817.681401 0.000271
818.682235 0.000277
819.683069 0.000283
820.683903 0.000289
821.684737 0.000294
822.685571 0.000298
823.686405 0.000303
824.687239 0.000307
825.688073 0.000310
826.688907 0.000312
827.689741 0.000315
828.690575 0.000316
829.691410 0.000318
830.692244 0.000319
831.693078 0.000319
832.693912 0.000320
833.694746 0.000320
834.695580 0.000321
835.696414 0.000321
836.697248 0.000322
837.698082 0.000324
838.698916 0.000325
839.699750 0.000327
840.700584 0.000330
841.701418 0.000333
842.702252 0.000337
843.703086 0.000341
844.703920 0.000346
845.704754 0.000352
846.705588 0.000358
847.706422 0.000365
848.707256 0.000373
849.708090 0.000380
850.708924 0.000389
851.709758 0.000397
852.710592 0.000406
853.711426 0.000416
854.712260 0.000425
855.713094 0.000435
856.713928 0.000445
857.714762 0.000455
858.715596 0.000466
859.716430 0.000476
860.717264 0.000487
861.718098 0.000498
862.718932 0.000509
863.719766 0.000521
864.720601 0.000534
865.721435 0.000547
866.722269 0.000561
867.723103 0.000575
868.723937 0.000590
869.724771 0.000606
870.725605 0.000623
871.726439 0.000641
872.727273 0.000659
873.728107 0.000678
874.728941 0.000697
875.729775 0.000717
876.730609 0.000737
877.731443 0.000757
878.732277 0.000777
879.733111 0.000796
880.733945 0.000815
881.734779 0.000833
882.735613 0.000849
883.736447 0.000865
884.737281 0.000879
885.738115 0.000892
886.738949 0.000903
887.739783 0.000913
888.740617 0.000921
889.741451 0.000927
890.742285 0.000932
891.743119 0.000935
892.743953 0.000936
893.744787 0.000936
894.745621 0.000935
895.746455 0.000932
896.747289 0.000928
897.748123 0.000923
898.748957 0.000917
899.749791 0.000910
900.750626 0.000902
901.751460 0.000894
902.752294 0.000885
903.753128 0.000875
904.753962 0.000865
905.754796 0.000855
906.755630 0.000844
907.756464 0.000834
908.757298 0.000823
909.758132 0.000813
910.758966 0.000803
911.759800 0.000793
912.760634 0.000784
913.761468 0.000775
914.762302 0.000767
915.763136 0.000759
916.763970 0.000753
917.764804 0.000746
918.765638 0.000741
919.766472 0.000736
920.767306 0.000732
921.768140 0.000728
922.768974 0.000725
923.769808 0.000722
924.770642 0.000720
925.771476 0.000718
926.772310 0.000716
927.773144 0.000714
928.773978 0.000712
929.774812 0.000710
930.775646 0.000708
931.776480 0.000706
932.777314 0.000703
933.778148 0.000701
934.778982 0.000697
935.779817 0.000694
936.780651 0.000690
937.781485 0.000686
938.782319 0.000681
939.783153 0.000676
940.783987 0.000670
941.784821 0.000664
942.785655 0.000657
943.786489 0.000650
944.787323 0.000643
945.788157 0.000635
946.788991 0.000627
947.789825 0.000618
948.790659 0.000609
949.791493 0.000600
950.792327 0.000591
951.793161 0.000582
952.793995 0.000573
953.794829 0.000563
954.795663 0.000554
955.796497 0.000545
956.797331 0.000535
957.798165 0.000526
958.798999 0.000517
959.799833 0.000508
960.800667 0.000499
961.801501 0.000491
962.802335 0.000482
963.803169 0.000474
964.804003 0.000466
965.804837 0.000459
966.805671 0.000452
967.806505 0.000445
968.807339 0.000439
969.808173 0.000433
970.809008 0.000428
971.809842 0.000423
972.810676 0.000419
973.811510 0.000415
974.812344 0.000411
975.813178 0.000408
976.814012 0.000406
977.814846 0.000403
978.815680 0.000401
979.816514 0.000399
980.817348 0.000397
981.818182 0.000395
982.819016 0.000393
983.819850 0.000392
984.820684 0.000390
985.821518 0.000388
986.822352 0.000386
987.823186 0.000383
988.824020 0.000381
989.824854 0.000378
990.825688 0.000375
991.826522 0.000372
992.827356 0.000369
993.828190 0.000366
994.829024 0.000363
995.829858 0.000360
996.830692 0.000357
997.831526 0.000354
998.832360 0.000352
999.833194 0.000349
1000.834028 0.000347
1001.834862 0.000346
1002.835696 0.000344
1003.836530 0.000344
1004.837364 0.000343
1005.838198 0.000343
1006.839033 0.000343
1007.839867 0.000344
1008.840701 0.000346
1009.841535 0.000347
1010.842369 0.000350
1011.843203 0.000352
1012.844037 0.000356
1013.844871 0.000359
1014.845705 0.000363
1015.846539 0.000368
1016.847373 0.000373
1017.848207 0.000379
1018.849041 0.000385
1019.849875 0.000391
1020.850709 0.000398
1021.851543 0.000405
1022.852377 0.000413
1023.853211 0.000421
1024.854045 0.000429
1025.854879 0.000438
1026.855713 0.000447
1027.856547 0.000457
1028.857381 0.000467
1029.858215 0.000477
1030.859049 0.000488
1031.859883 0.000499
1032.860717 0.000510
1033.861551 0.000521
1034.862385 0.000533
1035.863219 0.000544
1036.864053 0.000556
1037.864887 0.000567
1038.865721 0.000579
1039.866555 0.000589
1040.867389 0.000600
1041.868224 0.000609
1042.869058 0.000618
1043.869892 0.000626
1044.870726 0.000633
1045.871560 0.000639
1046.872394 0.000644
1047.873228 0.000647
1048.874062 0.000649
1049.874896 0.000650
1050.875730 0.000649
1051.876564 0.000647
1052.877398 0.000643
1053.878232 0.000639
1054.879066 0.000633
1055.879900 0.000627
1056.880734 0.000620
1057.881568 0.000612
1058.882402 0.000605
1059.883236 0.000597
1060.884070 0.000590
1061.884904 0.000583
1062.885738 0.000577
1063.886572 0.000572
1064.887406 0.000568
1065.888240 0.000566
1066.889074 0.000565
1067.889908 0.000566
1068.890742 0.000569
1069.891576 0.000573
1070.892410 0.000579
1071.893244 0.000587
1072.894078 0.000596
1073.894912 0.000607
1074.895746 0.000619
1075.896580 0.000632
1076.897415 0.000647
1077.898249 0.000662
1078.899083 0.000677
1079.899917 0.000693
1080.900751 0.000709
1081.901585 0.000725
1082.902419 0.000740
1083.903253 0.000756
1084.904087 0.000771
1085.904921 0.000785
1086.905755 0.000799
1087.906589 0.000813
1088.907423 0.000826
1089.908257 0.000838
1090.909091 0.000851
1091.909925 0.000862
1092.910759 0.000874
1093.911593 0.000885
1094.912427 0.000896
1095.913261 0.000906
1096.914095 0.000917
1097.914929 0.000927
1098.915763 0.000938
1099.916597 0.000948
1100.917431 0.000958
1101.918265 0.000968
1102.919099 0.000977
1103.919933 0.000987
1104.920767 0.000996
1105.921601 0.001004
1106.922435 0.001012
1107.923269 0.001020
1108.924103 0.001027
1109.924937 0.001034
1110.925771 0.001041
1111.926606 0.001048
1112.927440 0.001054
1113.928274 0.001061
1114.929108 0.001068
1115.929942 0.001075
1116.930776 0.001083
1117.931610 0.001091
1118.932444 0.001101
1119.933278 0.001112
1120.934112 0.001124
1121.934946 0.001138
1122.935780 0.001154
1123.936614 0.001171
1124.937448 0.001190
1125.938282 0.001212
1126.939116 0.001235
1127.939950 0.001260
1128.940784 0.001288
1129.941618 0.001317
1130.942452 0.001348
1131.943286 0.001381
1132.944120 0.001415
1133.944954 0.001451
1134.945788 0.001488
1135.946622 0.001526
1136.947456 0.001565
1137.948290 0.001605
1138.949124 0.001646
1139.949958 0.001687
1140.950792 0.001730
1141.951626 0.001773
1142.952460 0.001817
1143.953294 0.001862
1144.954128 0.001908
1145.954962 0.001955
1146.955796 0.002004
1147.956631 0.002054
1148.957465 0.002106
1149.958299 0.002161
1150.959133 0.002218
1151.959967 0.002277
1152.960801 0.002339
1153.961635 0.002404
1154.962469 0.002472
1155.963303 0.002544
1156.964137 0.002618
1157.964971 0.002696
1158.965805 0.002777
1159.966639 0.002862
1160.967473 0.002949
1161.968307 0.003039
1162.969141 0.003133
1163.969975 0.003228
1164.970809 0.003326
1165.971643 0.003426
1166.972477 0.003528
1167.973311 0.003631
1168.974145 0.003735
1169.974979 0.003839
1170.975813 0.003943
1171.976647 0.004046
1172.977481 0.004147
1173.978315 0.004245
1174.979149 0.004340
1175.979983 0.004430
1176.980817 0.004514
1177.981651 0.004592
1178.982485 0.004661
1179.983319 0.004722
1180.984153 0.004772
1181.984987 0.004810
1182.985822 0.004834
1183.986656 0.004845
1184.987490 0.004840
1185.988324 0.004819
1186.989158 0.004781
1187.989992 0.004725
1188.990826 0.004651
1189.991660 0.004559
1190.992494 0.004448
1191.993328 0.004320
1192.994162 0.004175
1193.994996 0.004014
1194.995830 0.003839
1195.996664 0.003651
1196.997498 0.003453
1197.998332 0.003246
1198.999166 0.003033
1200.000000 0.002816
