0.000000 0.004152
1.000834 0.004459
2.001668 0.004695
3.002502 0.004850
4.003336 0.004919
5.004170 0.004900
6.005004 0.004799
7.005838 0.004624
8.006672 0.004388
9.007506 0.004106
10.008340 0.003793
11.009174 0.003465
12.010008 0.003135
13.010842 0.002815
14.011676 0.002513
15.012510 0.002237
16.013344 0.001989
17.014178 0.001772
18.015013 0.001584
19.015847 0.001424
20.016681 0.001290
21.017515 0.001178
22.018349 0.001086
23.019183 0.001009
24.020017 0.000945
25.020851 0.000891
26.021685 0.000845
27.022519 0.000805
28.023353 0.000770
29.024187 0.000739
30.025021 0.000710
31.025855 0.000683
32.026689 0.000657
33.027523 0.000632
34.028357 0.000608
35.029191 0.000585
36.030025 0.000562
37.030859 0.000540
38.031693 0.000519
39.032527 0.000499
40.033361 0.000480
41.034195 0.000462
42.035029 0.000446
43.035863 0.000432
44.036697 0.000419
45.037531 0.000408
46.038365 0.000399
47.039199 0.000391
48.040033 0.000384
49.040867 0.000377
50.041701 0.000372
51.042535 0.000367
52.043369 0.000362
53.044204 0.000357
54.045038 0.000352
55.045872 0.000347
56.046706 0.000342
57.047540 0.000338
58.048374 0.000333
59.049208 0.000329
60.050042 0.000325
61.050876 0.000322
62.051710 0.000320
63.052544 0.000319
64.053378 0.000320
65.054212 0.000323
66.055046 0.000329
67.055880 0.000338
68.056714 0.000350
69.057548 0.000366
70.058382 0.000387
71.059216 0.000413
72.060050 0.000445
73.060884 0.000484
74.061718 0.000531
75.062552 0.000585
76.063386 0.000648
77.064220 0.000718
78.065054 0.000796
79.065888 0.000881
80.066722 0.000971
81.067556 0.001064
82.068390 0.001158
83.069224 0.001250
84.070058 0.001335
85.070892 0.001412
86.071726 0.001476
87.072560 0.001524
88.073394 0.001554
89.074229 0.001565
90.075063 0.001554
91.075897 0.001524
92.076731 0.001475
93.077565 0.001409
94.078399 0.001329
95.079233 0.001240
96.080067 0.001144
97.080901 0.001045
98.081735 0.000948
99.082569 0.000853
100.083403 0.000765
101.084237 0.000684
102.085071 0.000611
103.085905 0.000547
104.086739 0.000490
105.087573 0.000442
106.088407 0.000401
107.089241 0.000367
108.090075 0.000338
109.090909 0.000313
110.091743 0.000293
111.092577 0.000276
112.093411 0.000262
113.094245 0.000250
114.095079 0.000240
115.095913 0.000231
116.096747 0.000224
117.097581 0.000217
118.098415 0.000210
119.099249 0.000204
120.100083 0.000199
121.100917 0.000193
122.101751 0.000187
123.102585 0.000182
124.103420 0.000176
125.104254 0.000171
126.105088 0.000165
127.105922 0.000160
128.106756 0.000155
129.107590 0.000150
130.108424 0.000144
131.109258 0.000140
132.110092 0.000135
133.110926 0.000130
134.111760 0.000126
135.112594 0.000121
136.113428 0.000117
137.114262 0.000113
138.115096 0.000110
139.115930 0.000106
140.116764 0.000103
141.117598 0.000099
142.118432 0.000096
143.119266 0.000094
144.120100 0.000091
145.120934 0.000088
146.121768 0.000086
147.122602 0.000084
148.123436 0.000082
149.124270 0.000080
150.125104 0.000078
151.125938 0.000077
152.126772 0.000076
153.127606 0.000075
154.128440 0.000074
155.129274 0.000073
156.130108 0.000072
157.130942 0.000072
158.131776 0.000071
159.132611 0.000071
160.133445 0.000070
161.134279 0.000070
162.135113 0.000069
163.135947 0.000068
164.136781 0.000068
165.137615 0.000067
166.138449 0.000066
167.139283 0.000066
168.140117 0.000065
169.140951 0.000065
170.141785 0.000065
171.142619 0.000065
172.143453 0.000065
173.144287 0.000065
174.145121 0.000065
175.145955 0.000066
176.146789 0.000066
177.147623 0.000066
178.148457 0.000066
179.149291 0.000066
180.150125 0.000066
181.150959 0.000066
182.151793 0.000065
183.152627 0.000065
184.153461 0.000064
185.154295 0.000064
186.155129 0.000063
187.155963 0.000063
188.156797 0.000062
189.157631 0.000062
190.158465 0.000062
191.159299 0.000063
192.160133 0.000063
193.160967 0.000063
194.161802 0.000063
195.162636 0.000064
196.163470 0.000064
197.164304 0.000064
198.165138 0.000064
199.165972 0.000064
200.166806 0.000063
201.167640 0.000063
202.168474 0.000063
203.169308 0.000062
204.170142 0.000062
205.170976 0.000062
206.171810 0.000062
207.172644 0.000061
208.173478 0.000061
209.174312 0.000061
210.175146 0.000061
211.175980 0.000061
212.176814 0.000061
213.177648 0.000061
214.178482 0.000061
215.179316 0.000061
216.180150 0.000061
217.180984 0.000062
218.181818 0.000063
219.182652 0.000064
220.183486 0.000065
221.184320 0.000067
222.185154 0.000069
223.185988 0.000070
224.186822 0.000072
225.187656 0.000074
226.188490 0.000077
227.189324 0.000079
228.190158 0.000081
229.190992 0.000083
230.191827 0.000085
231.192661 0.000087
232.193495 0.000088
233.194329 0.000089
234.195163 0.000089
235.195997 0.000089
236.196831 0.000088
237.197665 0.000087
238.198499 0.000086
239.199333 0.000084
240.200167 0.000083
241.201001 0.000082
242.201835 0.000081
243.202669 0.000080
244.203503 0.000079
245.204337 0.000079
246.205171 0.000080
247.206005 0.000080
248.206839 0.000081
249.207673 0.000081
250.208507 0.000082
251.209341 0.000082
252.210175 0.000083
253.211009 0.000083
254.211843 0.000083
255.212677 0.000084
256.213511 0.000084
257.214345 0.000085
258.215179 0.000086
259.216013 0.000088
260.216847 0.000090
261.217681 0.000092
262.218515 0.000094
263.219349 0.000097
264.220183 0.000099
265.221018 0.000102
266.221852 0.000104
267.222686 0.000106
268.223520 0.000108
269.224354 0.000110
270.225188 0.000111
271.226022 0.000112
272.226856 0.000113
273.227690 0.000114
274.228524 0.000114
275.229358 0.000115
276.230192 0.000115
277.231026 0.000115
278.231860 0.000115
279.232694 0.000115
280.233528 0.000114
281.234362 0.000112
282.235196 0.000110
283.236030 0.000108
284.236864 0.000105
285.237698 0.000101
286.238532 0.000097
287.239366 0.000094
288.240200 0.000090
289.241034 0.000086
290.241868 0.000083
291.242702 0.000080
292.243536 0.000077
293.244370 0.000075
294.245204 0.000073
295.246038 0.000072
296.246872 0.000071
297.247706 0.000071
298.248540 0.000071
299.249374 0.000072
300.250209 0.000074
301.251043 0.000075
302.251877 0.000078
303.252711 0.000080
304.253545 0.000083
305.254379 0.000085
306.255213 0.000088
307.256047 0.000090
308.256881 0.000091
309.257715 0.000092
310.258549 0.000092
311.259383 0.000091
312.260217 0.000089
313.261051 0.000087
314.261885 0.000083
315.262719 0.000078
316.263553 0.000074
317.264387 0.000068
318.265221 0.000063
319.266055 0.000058
320.266889 0.000054
321.267723 0.000050
322.268557 0.000047
323.269391 0.000044
324.270225 0.000042
325.271059 0.000041
326.271893 0.000040
327.272727 0.000040
328.273561 0.000041
329.274395 0.000042
330.275229 0.000043
331.276063 0.000045
332.276897 0.000047
333.277731 0.000049
334.278565 0.000051
335.279399 0.000053
336.280234 0.000056
337.281068 0.000058
338.281902 0.000060
339.282736 0.000062
340.283570 0.000064
341.284404 0.000066
342.285238 0.000068
343.286072 0.000069
344.286906 0.000071
345.287740 0.000072
346.288574 0.000073
347.289408 0.000073
348.290242 0.000074
349.291076 0.000075
350.291910 0.000076
351.292744 0.000076
352.293578 0.000077
353.294412 0.000078
354.295246 0.000079
355.296080 0.000080
356.296914 0.000081
357.297748 0.000082
358.298582 0.000083
359.299416 0.000085
360.300250 0.000087
361.301084 0.000089
362.301918 0.000092
363.302752 0.000094
364.303586 0.000097
365.304420 0.000100
366.305254 0.000103
367.306088 0.000106
368.306922 0.000109
369.307756 0.000112
370.308590 0.000115
371.309425 0.000118
372.310259 0.000121
373.311093 0.000124
374.311927 0.000127
375.312761 0.000130
376.313595 0.000132
377.314429 0.000135
378.315263 0.000138
379.316097 0.000141
380.316931 0.000144
381.317765 0.000147
382.318599 0.000150
383.319433 0.000154
384.320267 0.000159
385.321101 0.000164
386.321935 0.000170
387.322769 0.000176
388.323603 0.000183
389.324437 0.000190
390.325271 0.000198
391.326105 0.000207
392.326939 0.000216
393.327773 0.000224
394.328607 0.000233
395.329441 0.000242
396.330275 0.000251
397.331109 0.000260
398.331943 0.000267
399.332777 0.000275
400.333611 0.000281
401.334445 0.000287
402.335279 0.000292
403.336113 0.000297
404.336947 0.000300
405.337781 0.000303
406.338616 0.000305
407.339450 0.000307
408.340284 0.000308
409.341118 0.000310
410.341952 0.000311
411.342786 0.000312
412.343620 0.000313
413.344454 0.000315
414.345288 0.000318
415.346122 0.000321
416.346956 0.000325
417.347790 0.000329
418.348624 0.000334
419.349458 0.000339
420.350292 0.000344
421.351126 0.000349
422.351960 0.000354
423.352794 0.000359
424.353628 0.000363
425.354462 0.000367
426.355296 0.000370
427.356130 0.000373
428.356964 0.000375
429.357798 0.000377
430.358632 0.000379
431.359466 0.000381
432.360300 0.000384
433.361134 0.000387
434.361968 0.000390
435.362802 0.000394
436.363636 0.000398
437.364470 0.000404
438.365304 0.000410
439.366138 0.000416
440.366972 0.000423
441.367807 0.000431
442.368641 0.000439
443.369475 0.000447
444.370309 0.000455
445.371143 0.000463
446.371977 0.000471
447.372811 0.000479
448.373645 0.000486
449.374479 0.000493
450.375313 0.000499
451.376147 0.000506
452.376981 0.000512
453.377815 0.000518
454.378649 0.000525
455.379483 0.000532
456.380317 0.000541
457.381151 0.000553
458.381985 0.000566
459.382819 0.000583
460.383653 0.000603
461.384487 0.000627
462.385321 0.000656
463.386155 0.000688
464.386989 0.000726
465.387823 0.000768
466.388657 0.000816
467.389491 0.000870
468.390325 0.000929
469.391159 0.000995
470.391993 0.001067
471.392827 0.001148
472.393661 0.001237
473.394495 0.001335
474.395329 0.001444
475.396163 0.001565
476.396997 0.001698
477.397832 0.001845
478.398666 0.002007
479.399500 0.002185
480.400334 0.002378
481.401168 0.002587
482.402002 0.002811
483.402836 0.003049
484.403670 0.003299
485.404504 0.003559
486.405338 0.003825
487.406172 0.004095
488.407006 0.004364
489.407840 0.004629
490.408674 0.004884
491.409508 0.005126
492.410342 0.005350
493.411176 0.005551
494.412010 0.005725
495.412844 0.005868
496.413678 0.005975
497.414512 0.006042
498.415346 0.006066
499.416180 0.006045
500.417014 0.005977
501.417848 0.005862
502.418682 0.005702
503.419516 0.005498
504.420350 0.005257
505.421184 0.004982
506.422018 0.004682
507.422852 0.004363
508.423686 0.004033
509.424520 0.003700
510.425354 0.003369
511.426188 0.003047
512.427023 0.002738
513.427857 0.002445
514.428691 0.002172
515.429525 0.001919
516.430359 0.001687
517.431193 0.001475
518.432027 0.001284
519.432861 0.001113
520.433695 0.000960
521.434529 0.000826
522.435363 0.000708
523.436197 0.000606
524.437031 0.000519
525.437865 0.000445
526.438699 0.000385
527.439533 0.000335
528.440367 0.000296
529.441201 0.000266
530.442035 0.000243
531.442869 0.000226
532.443703 0.000214
533.444537 0.000206
534.445371 0.000201
535.446205 0.000199
536.447039 0.000197
537.447873 0.000197
538.448707 0.000196
539.449541 0.000195
540.450375 0.000193
541.451209 0.000190
542.452043 0.000186
543.452877 0.000180
544.453711 0.000173
545.454545 0.000164
546.455379 0.000154
547.456214 0.000143
548.457048 0.000131
549.457882 0.000119
550.458716 0.000107
551.459550 0.000095
552.460384 0.000084
553.461218 0.000074
554.462052 0.000064
555.462886 0.000056
556.463720 0.000049
557.464554 0.000042
558.465388 0.000037
559.466222 0.000032
560.467056 0.000029
561.467890 0.000025
562.468724 0.000023
563.469558 0.000020
564.470392 0.000018
565.471226 0.000016
566.472060 0.000014
567.472894 0.000013
568.473728 0.000012
569.474562 0.000011
570.475396 0.000010
571.476230 0.000009
572.477064 0.000008
573.477898 0.000008
574.478732 0.000008
575.479566 0.000008
576.480400 0.000008
577.481234 0.000008
578.482068 0.000009
579.482902 0.000009
580.483736 0.000010
581.484570 0.000010
582.485405 0.000011
583.486239 0.000012
584.487073 0.000013
585.487907 0.000014
586.488741 0.000015
587.489575 0.000016
588.490409 0.000017
589.491243 0.000018
590.492077 0.000019
591.492911 0.000020
592.493745 0.000020
593.494579 0.000021
594.495413 0.000021
595.496247 0.000021
596.497081 0.000022
597.497915 0.000021
598.498749 0.000021
599.499583 0.000021
600.500417 0.000021
601.501251 0.000020
602.502085 0.000019
603.502919 0.000018
604.503753 0.000017
605.504587 0.000016
606.505421 0.000015
607.506255 0.000014
608.507089 0.000013
609.507923 0.000011
610.508757 0.000010
611.509591 0.000009
612.510425 0.000009
613.511259 0.000008
614.512093 0.000008
615.512927 0.000008
616.513761 0.000009
617.514595 0.000009
618.515430 0.000010
619.516264 0.000012
620.517098 0.000013
621.517932 0.000014
622.518766 0.000016
623.519600 0.000018
624.520434 0.000019
625.521268 0.000021
626.522102 0.000022
627.522936 0.000024
628.523770 0.000025
629.524604 0.000026
630.525438 0.000028
631.526272 0.000029
632.527106 0.000031
633.527940 0.000032
634.528774 0.000034
635.529608 0.000035
636.530442 0.000037
637.531276 0.000038
638.532110 0.000040
639.532944 0.000041
640.533778 0.000042
641.534612 0.000044
642.535446 0.000045
643.536280 0.000046
644.537114 0.000047
645.537948 0.000048
646.538782 0.000049
647.539616 0.000050
648.540450 0.000051
649.541284 0.000052
650.542118 0.000053
651.542952 0.000054
652.543786 0.000054
653.544621 0.000055
654.545455 0.000056
655.546289 0.000056
656.547123 0.000057
657.547957 0.000057
658.548791 0.000057
659.549625 0.000057
660.550459 0.000057
661.551293 0.000056
662.552127 0.000056
663.552961 0.000055
664.553795 0.000055
665.554629 0.000054
666.555463 0.000053
667.556297 0.000052
668.557131 0.000052
669.557965 0.000052
670.558799 0.000051
671.559633 0.000051
672.560467 0.000051
673.561301 0.000052
674.562135 0.000052
675.562969 0.000052
676.563803 0.000052
677.564637 0.000052
678.565471 0.000051
679.566305 0.000051
680.567139 0.000050
681.567973 0.000049
682.568807 0.000049
683.569641 0.000048
684.570475 0.000047
685.571309 0.000046
686.572143 0.000045
687.572977 0.000045
688.573812 0.000044
689.574646 0.000044
690.575480 0.000043
691.576314 0.000043
692.577148 0.000042
693.577982 0.000042
694.578816 0.000042
695.579650 0.000042
696.580484 0.000042
697.581318 0.000042
698.582152 0.000042
699.582986 0.000043
700.583820 0.000043
701.584654 0.000044
702.585488 0.000046
703.586322 0.000047
704.587156 0.000049
705.587990 0.000051
706.588824 0.000053
707.589658 0.000056
708.590492 0.000059
709.591326 0.000062
710.592160 0.000066
711.592994 0.000070
712.593828 0.000074
713.594662 0.000078
714.595496 0.000083
715.596330 0.000089
716.597164 0.000094
717.597998 0.000100
718.598832 0.000107
719.599666 0.000114
720.600500 0.000121
721.601334 0.000129
722.602168 0.000138
723.603003 0.000146
724.603837 0.000155
725.604671 0.000163
726.605505 0.000171
727.606339 0.000178
728.607173 0.000183
729.608007 0.000187
730.608841 0.000189
731.609675 0.000189
732.610509 0.000187
733.611343 0.000183
734.612177 0.000177
735.613011 0.000169
736.613845 0.000160
737.614679 0.000150
738.615513 0.000139
739.616347 0.000128
740.617181 0.000118
741.618015 0.000108
742.618849 0.000098
743.619683 0.000090
744.620517 0.000082
745.621351 0.000075
746.622185 0.000069
747.623019 0.000064
748.623853 0.000060
749.624687 0.000056
750.625521 0.000053
751.626355 0.000050
752.627189 0.000048
753.628023 0.000045
754.628857 0.000043
755.629691 0.000041
756.630525 0.000039
757.631359 0.000038
758.632193 0.000036
759.633028 0.000035
760.633862 0.000034
761.634696 0.000034
762.635530 0.000033
763.636364 0.000033
764.637198 0.000033
765.638032 0.000033
766.638866 0.000033
767.639700 0.000033
768.640534 0.000033
769.641368 0.000033
770.642202 0.000033
771.643036 0.000033
772.643870 0.000033
773.644704 0.000032
774.645538 0.000032
775.646372 0.000031
776.647206 0.000031
777.648040 0.000030
778.648874 0.000030
779.649708 0.000029
780.650542 0.000029
781.651376 0.000028
782.652210 0.000028
783.653044 0.000028
784.653878 0.000028
785.654712 0.000029
786.655546 0.000029
787.656380 0.000030
788.657214 0.000030
789.658048 0.000031
790.658882 0.000031
791.659716 0.000031
792.660550 0.000031
793.661384 0.000031
794.662219 0.000030
795.663053 0.000029
796.663887 0.000027
797.664721 0.000026
798.665555 0.000024
799.666389 0.000022
800.667223 0.000021
801.668057 0.000019
802.668891 0.000018
803.669725 0.000017
804.670559 0.000016
805.671393 0.000016
806.672227 0.000016
807.673061 0.000016
808.673895 0.000016
809.674729 0.000017
810.675563 0.000018
811.676397 0.000019
812.677231 0.000021
813.678065 0.000022
814.678899 0.000024
815.679733 0.000025
816.680567 0.000027
817.681401 0.000028
818.682235 0.000030
819.683069 0.000031
820.683903 0.000031
821.684737 0.000032
822.685571 0.000032
823.686405 0.000032
824.687239 0.000032
825.688073 0.000032
826.688907 0.000032
827.689741 0.000032
828.690575 0.000032
829.691410 0.000033
830.692244 0.000033
831.693078 0.000034
832.693912 0.000036
833.694746 0.000038
834.695580 0.000041
835.696414 0.000045
836.697248 0.000049
837.698082 0.000055
838.698916 0.000061
839.699750 0.000069
840.700584 0.000078
841.701418 0.000089
842.702252 0.000101
843.703086 0.000114
844.703920 0.000130
845.704754 0.000147
846.705588 0.000166
847.706422 0.000187
848.707256 0.000209
849.708090 0.000233
850.708924 0.000259
851.709758 0.000285
852.710592 0.000313
853.711426 0.000341
854.712260 0.000369
855.713094 0.000397
856.713928 0.000425
857.714762 0.000453
858.715596 0.000481
859.716430 0.000509
860.717264 0.000538
861.718098 0.000568
862.718932 0.000599
863.719766 0.000633
864.720601 0.000670
865.721435 0.000711
866.722269 0.000757
867.723103 0.000808
868.723937 0.000864
869.724771 0.000927
870.725605 0.000997
871.726439 0.001073
872.727273 0.001156
873.728107 0.001246
874.728941 0.001341
875.729775 0.001443
876.730609 0.001550
877.731443 0.001662
878.732277 0.001778
879.733111 0.001897
880.733945 0.002017
881.734779 0.002137
882.735613 0.002256
883.736447 0.002372
884.737281 0.002481
885.738115 0.002583
886.738949 0.002673
887.739783 0.002752
888.740617 0.002816
889.741451 0.002865
890.742285 0.002897
891.743119 0.002914
892.743953 0.002915
893.744787 0.002903
894.745621 0.002880
895.746455 0.002847
896.747289 0.002808
897.748123 0.002765
898.748957 0.002720
899.749791 0.002674
900.750626 0.002629
901.751460 0.002584
902.752294 0.002539
903.753128 0.002493
904.753962 0.002446
905.754796 0.002395
906.755630 0.002340
907.756464 0.002280
908.757298 0.002214
909.758132 0.002142
910.758966 0.002064
911.759800 0.001982
912.760634 0.001896
913.761468 0.001808
914.762302 0.001719
915.763136 0.001630
916.763970 0.001544
917.764804 0.001460
918.765638 0.001381
919.766472 0.001307
920.767306 0.001238
921.768140 0.001174
922.768974 0.001116
923.769808 0.001064
924.770642 0.001016
925.771476 0.000974
926.772310 0.000936
927.773144 0.000902
928.773978 0.000871
929.774812 0.000844
930.775646 0.000819
931.776480 0.000796
932.777314 0.000775
933.778148 0.000754
934.778982 0.000735
935.779817 0.000715
936.780651 0.000696
937.781485 0.000677
938.782319 0.000658
939.783153 0.000639
940.783987 0.000621
941.784821 0.000603
942.785655 0.000586
943.786489 0.000569
944.787323 0.000554
945.788157 0.000540
946.788991 0.000527
947.789825 0.000515
948.790659 0.000504
949.791493 0.000495
950.792327 0.000487
951.793161 0.000480
952.793995 0.000475
953.794829 0.000470
954.795663 0.000465
955.796497 0.000461
956.797331 0.000457
957.798165 0.000453
958.798999 0.000448
959.799833 0.000443
960.800667 0.000437
961.801501 0.000431
962.802335 0.000423
963.803169 0.000415
964.804003 0.000407
965.804837 0.000398
966.805671 0.000390
967.806505 0.000382
968.807339 0.000374
969.808173 0.000366
970.809008 0.000360
971.809842 0.000354
972.810676 0.000348
973.811510 0.000343
974.812344 0.000339
975.813178 0.000334
976.814012 0.000330
977.814846 0.000326
978.815680 0.000323
979.816514 0.000319
980.817348 0.000316
981.818182 0.000313
982.819016 0.000310
983.819850 0.000308
984.820684 0.000306
985.821518 0.000304
986.822352 0.000303
987.823186 0.000302
988.824020 0.000302
989.824854 0.000302
990.825688 0.000301
991.826522 0.000300
992.827356 0.000300
993.828190 0.000298
994.829024 0.000297
995.829858 0.000295
996.830692 0.000292
997.831526 0.000289
998.832360 0.000286
999.833194 0.000283
1000.834028 0.000280
1001.834862 0.000276
1002.835696 0.000273
1003.836530 0.000270
1004.837364 0.000266
1005.838198 0.000263
1006.839033 0.000260
1007.839867 0.000256
1008.840701 0.000252
1009.841535 0.000248
1010.842369 0.000244
1011.843203 0.000239
1012.844037 0.000234
1013.844871 0.000229
1014.845705 0.000224
1015.846539 0.000219
1016.847373 0.000215
1017.848207 0.000210
1018.849041 0.000206
1019.849875 0.000203
1020.850709 0.000201
1021.851543 0.000199
1022.852377 0.000198
1023.853211 0.000198
1024.854045 0.000199
1025.854879 0.000200
1026.855713 0.000202
1027.856547 0.000204
1028.857381 0.000207
1029.858215 0.000209
1030.859049 0.000212
1031.859883 0.000214
1032.860717 0.000216
1033.861551 0.000217
1034.862385 0.000217
1035.863219 0.000217
1036.864053 0.000217
1037.864887 0.000216
1038.865721 0.000214
1039.866555 0.000212
1040.867389 0.000210
1041.868224 0.000208
1042.869058 0.000207
1043.869892 0.000205
1044.870726 0.000203
1045.871560 0.000202
1046.872394 0.000202
1047.873228 0.000201
1048.874062 0.000201
1049.874896 0.000202
1050.875730 0.000202
1051.876564 0.000203
1052.877398 0.000204
1053.878232 0.000206
1054.879066 0.000207
1055.879900 0.000209
1056.880734 0.000211
1057.881568 0.000213
1058.882402 0.000215
1059.883236 0.000217
1060.884070 0.000220
1061.884904 0.000223
1062.885738 0.000226
1063.886572 0.000230
1064.887406 0.000234
1065.888240 0.000238
1066.889074 0.000243
1067.889908 0.000249
1068.890742 0.000255
1069.891576 0.000262
1070.892410 0.000270
1071.893244 0.000278
1072.894078 0.000287
1073.894912 0.000296
1074.895746 0.000306
1075.896580 0.000317
1076.897415 0.000327
1077.898249 0.000338
1078.899083 0.000348
1079.899917 0.000357
1080.900751 0.000366
1081.901585 0.000373
1082.902419 0.000380
1083.903253 0.000385
1084.904087 0.000389
1085.904921 0.000393
1086.905755 0.000396
1087.906589 0.000399
1088.907423 0.000402
1089.908257 0.000406
1090.909091 0.000411
1091.909925 0.000417
1092.910759 0.000424
1093.911593 0.000433
1094.912427 0.000443
1095.913261 0.000455
1096.914095 0.000469
1097.914929 0.000485
1098.915763 0.000503
1099.916597 0.000522
1100.917431 0.000544
1101.918265 0.000567
1102.919099 0.000592
1103.919933 0.000618
1104.920767 0.000645
1105.921601 0.000673
1106.922435 0.000700
1107.923269 0.000727
1108.924103 0.000754
1109.924937 0.000778
1110.925771 0.000802
1111.926606 0.000823
1112.927440 0.000843
1113.928274 0.000861
1114.929108 0.000877
1115.929942 0.000892
1116.930776 0.000906
1117.931610 0.000918
1118.932444 0.000929
1119.933278 0.000940
1120.934112 0.000949
1121.934946 0.000958
1122.935780 0.000966
1123.936614 0.000973
1124.937448 0.000981
1125.938282 0.000988
1126.939116 0.000995
1127.939950 0.001002
1128.940784 0.001011
1129.941618 0.001020
1130.942452 0.001031
1131.943286 0.001044
1132.944120 0.001058
1133.944954 0.001075
1134.945788 0.001093
1135.946622 0.001113
1136.947456 0.001135
1137.948290 0.001158
1138.949124 0.001182
1139.949958 0.001207
1140.950792 0.001233
1141.951626 0.001259
1142.952460 0.001286
1143.953294 0.001314
1144.954128 0.001342
1145.954962 0.001372
1146.955796 0.001404
1147.956631 0.001438
1148.957465 0.001475
1149.958299 0.001516
1150.959133 0.001561
1151.959967 0.001610
1152.960801 0.001666
1153.961635 0.001727
1154.962469 0.001796
1155.963303 0.001872
1156.964137 0.001956
1157.964971 0.002048
1158.965805 0.002149
1159.966639 0.002259
1160.967473 0.002377
1161.968307 0.002503
1162.969141 0.002639
1163.969975 0.002782
1164.970809 0.002934
1165.971643 0.003095
1166.972477 0.003264
1167.973311 0.003443
1168.974145 0.003631
1169.974979 0.003831
1170.975813 0.004041
1171.976647 0.004265
1172.977481 0.004504
1173.978315 0.004760
1174.979149 0.005034
1175.979983 0.005330
1176.980817 0.005651
1177.981651 0.006000
1178.982485 0.006379
1179.983319 0.006791
1180.984153 0.007237
1181.984987 0.007717
1182.985822 0.008227
1183.986656 0.008762
1184.987490 0.009314
1185.988324 0.009867
1186.989158 0.010408
1187.989992 0.010914
1188.990826 0.011363
1189.991660 0.011732
1190.992494 0.011997
1191.993328 0.012136
1192.994162 0.012132
1193.994996 0.011974
1194.995830 0.011657
1195.996664 0.011184
1196.997498 0.010569
1197.998332 0.009830
1198.999166 0.008993
1200.000000 0.008088
