0.500000 0.004593
1.500000 0.004593
2.500000 0.004394
3.500000 0.004260
4.500000 0.003195
5.500000 0.003462
6.500000 0.003595
7.500000 0.003462
8.500000 0.002197
9.500000 0.002729
10.500000 0.001598
11.500000 0.002463
12.500000 0.002530
13.500000 0.002130
14.500000 0.002596
15.500000 0.002596
16.500000 0.002596
17.500000 0.003462
18.500000 0.001797
19.500000 0.002729
20.500000 0.001931
21.500000 0.001398
22.500000 0.002064
23.500000 0.001331
24.500000 0.001331
25.500000 0.001065
26.500000 0.001398
27.500000 0.001731
28.500000 0.001132
29.500000 0.001398
30.500000 0.000799
31.500000 0.000865
32.500000 0.001132
33.500000 0.001132
34.500000 0.001265
35.500000 0.000865
36.500000 0.001331
37.500000 0.001065
38.500000 0.000666
39.500000 0.001398
40.500000 0.000932
41.500000 0.001331
42.500000 0.001398
43.500000 0.000932
44.500000 0.001198
45.500000 0.000999
46.500000 0.001198
47.500000 0.000999
48.500000 0.001331
49.500000 0.001265
50.500000 0.000932
51.500000 0.001398
52.500000 0.000865
53.500000 0.000732
54.500000 0.001132
55.500000 0.000999
56.500000 0.000732
57.500000 0.001331
58.500000 0.000999
59.500000 0.001198
60.500000 0.001198
61.500000 0.000865
62.500000 0.000999
63.500000 0.001198
64.500000 0.001465
65.500000 0.000865
66.500000 0.001331
67.500000 0.000932
68.500000 0.000599
69.500000 0.000599
70.500000 0.001198
71.500000 0.000799
72.500000 0.001132
73.500000 0.000732
74.500000 0.000799
75.500000 0.000732
76.500000 0.001132
77.500000 0.000799
78.500000 0.001065
79.500000 0.000533
80.500000 0.001132
81.500000 0.000466
82.500000 0.000799
83.500000 0.000732
84.500000 0.000932
85.500000 0.000599
86.500000 0.001198
87.500000 0.001065
88.500000 0.000799
89.500000 0.000865
90.500000 0.000799
91.500000 0.000865
92.500000 0.000865
93.500000 0.001398
94.500000 0.000799
95.500000 0.000732
96.500000 0.000466
97.500000 0.000333
98.500000 0.001465
99.500000 0.000865
100.500000 0.000865
101.500000 0.000732
102.500000 0.000999
103.500000 0.000865
104.500000 0.000799
105.500000 0.000799
106.500000 0.000666
107.500000 0.000599
108.500000 0.000399
109.500000 0.000266
110.500000 0.000399
111.500000 0.000399
112.500000 0.000732
113.500000 0.000599
114.500000 0.001065
115.500000 0.000466
116.500000 0.000599
117.500000 0.000599
118.500000 0.000599
119.500000 0.000732
120.500000 0.000466
121.500000 0.000466
122.500000 0.000466
123.500000 0.000799
124.500000 0.000466
125.500000 0.000799
126.500000 0.000399
127.500000 0.000799
128.500000 0.000067
129.500000 0.000200
130.500000 0.000533
131.500000 0.000533
132.500000 0.000865
133.500000 0.000266
134.500000 0.000266
135.500000 0.000399
136.500000 0.000466
137.500000 0.000466
138.500000 0.000533
139.500000 0.000466
140.500000 0.000266
141.500000 0.000865
142.500000 0.000865
143.500000 0.000599
144.500000 0.000666
145.500000 0.000599
146.500000 0.000333
147.500000 0.000399
148.500000 0.000333
149.500000 0.000333
150.500000 0.000266
151.500000 0.000599
152.500000 0.000533
153.500000 0.000266
154.500000 0.000599
155.500000 0.000666
156.500000 0.000266
157.500000 0.000799
158.500000 0.000466
159.500000 0.000799
160.500000 0.000399
161.500000 0.000599
162.500000 0.000599
163.500000 0.000666
164.500000 0.000799
165.500000 0.000732
166.500000 0.000666
167.500000 0.000865
168.500000 0.000799
169.500000 0.000932
170.500000 0.000533
171.500000 0.000599
172.500000 0.000732
173.500000 0.000399
174.500000 0.000732
175.500000 0.000266
176.500000 0.000732
177.500000 0.000533
178.500000 0.000466
179.500000 0.000466
180.500000 0.000466
181.500000 0.000666
182.500000 0.000599
183.500000 0.000200
184.500000 0.000266
185.500000 0.000200
186.500000 0.000533
187.500000 0.000466
188.500000 0.000399
189.500000 0.000133
190.500000 0.000133
191.500000 0.000399
192.500000 0.000533
193.500000 0.000399
194.500000 0.000333
195.500000 0.000200
196.500000 0.000266
197.500000 0.000266
198.500000 0.000266
199.500000 0.000599
200.500000 0.000533
201.500000 0.000133
202.500000 0.000200
203.500000 0.000599
204.500000 0.000466
205.500000 0.000399
206.500000 0.000133
207.500000 0.000333
208.500000 0.000466
209.500000 0.000200
210.500000 0.000200
211.500000 0.000333
212.500000 0.000200
213.500000 0.000399
214.500000 0.000533
215.500000 0.000133
216.500000 0.000266
217.500000 0.000466
218.500000 0.000133
219.500000 0.000333
220.500000 0.000399
221.500000 0.000533
222.500000 0.000466
223.500000 0.000533
224.500000 0.000266
225.500000 0.000266
226.500000 0.000067
227.500000 0.000533
228.500000 0.000399
229.500000 0.000466
230.500000 0.000599
231.500000 0.000200
232.500000 0.000200
233.500000 0.000399
234.500000 0.000666
235.500000 0.000200
236.500000 0.000466
237.500000 0.000399
238.500000 0.000399
239.500000 0.000200
240.500000 0.000533
241.500000 0.000333
242.500000 0.000200
243.500000 0.000133
244.500000 0.000333
245.500000 0.000266
246.500000 0.000666
247.500000 0.000200
248.500000 0.000266
249.500000 0.000399
250.500000 0.000200
251.500000 0.000599
252.500000 0.000599
253.500000 0.000133
254.500000 0.000266
255.500000 0.000000
256.500000 0.000067
257.500000 0.000133
258.500000 0.000000
259.500000 0.000466
260.500000 0.000266
261.500000 0.000200
262.500000 0.000200
263.500000 0.000200
264.500000 0.000266
265.500000 0.000067
266.500000 0.000533
267.500000 0.000333
268.500000 0.000399
269.500000 0.000399
270.500000 0.000399
271.500000 0.000333
272.500000 0.000067
273.500000 0.000200
274.500000 0.000399
275.500000 0.000067
276.500000 0.000533
277.500000 0.000399
278.500000 0.000399
279.500000 0.000333
280.500000 0.000200
281.500000 0.000133
282.500000 0.000266
283.500000 0.000200
284.500000 0.000266
285.500000 0.000399
286.500000 0.000333
287.500000 0.000133
288.500000 0.000266
289.500000 0.000266
290.500000 0.000266
291.500000 0.000200
292.500000 0.000266
293.500000 0.000200
294.500000 0.000200
295.500000 0.000133
296.500000 0.000333
297.500000 0.000133
298.500000 0.000266
299.500000 0.000133
300.500000 0.000266
301.500000 0.000133
302.500000 0.000200
303.500000 0.000133
304.500000 0.000000
305.500000 0.000000
306.500000 0.000200
307.500000 0.000133
308.500000 0.000200
309.500000 0.000133
310.500000 0.000200
311.500000 0.000067
312.500000 0.000133
313.500000 0.000266
314.500000 0.000333
315.500000 0.000266
316.500000 0.000599
317.500000 0.000533
318.500000 0.000533
319.500000 0.000399
320.500000 0.000599
321.500000 0.000533
322.500000 0.000399
323.500000 0.000399
324.500000 0.000399
325.500000 0.000333
326.500000 0.000333
327.500000 0.000399
328.500000 0.000466
329.500000 0.000333
330.500000 0.000200
331.500000 0.000466
332.500000 0.000333
333.500000 0.000200
334.500000 0.000333
335.500000 0.000333
336.500000 0.000200
337.500000 0.000266
338.500000 0.000466
339.500000 0.000200
340.500000 0.000333
341.500000 0.000333
342.500000 0.000266
343.500000 0.000067
344.500000 0.000333
345.500000 0.000333
346.500000 0.000266
347.500000 0.000266
348.500000 0.000200
349.500000 0.000399
350.500000 0.000466
351.500000 0.000266
352.500000 0.000266
353.500000 0.000599
354.500000 0.000200
355.500000 0.000599
356.500000 0.000666
357.500000 0.000266
358.500000 0.000466
359.500000 0.000266
360.500000 0.000133
361.500000 0.000466
362.500000 0.000200
363.500000 0.000533
364.500000 0.000200
365.500000 0.000333
366.500000 0.000200
367.500000 0.000133
368.500000 0.000399
369.500000 0.000466
370.500000 0.000533
371.500000 0.000533
372.500000 0.000200
373.500000 0.000067
374.500000 0.000333
375.500000 0.000200
376.500000 0.000333
377.500000 0.000533
378.500000 0.000599
379.500000 0.000333
380.500000 0.000666
381.500000 0.000333
382.500000 0.000333
383.500000 0.000133
384.500000 0.000799
385.500000 0.000200
386.500000 0.000533
387.500000 0.000333
388.500000 0.000533
389.500000 0.000333
390.500000 0.000732
391.500000 0.000266
392.500000 0.000599
393.500000 0.000599
394.500000 0.000533
395.500000 0.000466
396.500000 0.000732
397.500000 0.000799
398.500000 0.000399
399.500000 0.000133
400.500000 0.000599
401.500000 0.000466
402.500000 0.000732
403.500000 0.000732
404.500000 0.000533
405.500000 0.000399
406.500000 0.000732
407.500000 0.000399
408.500000 0.000067
409.500000 0.000599
410.500000 0.000799
411.500000 0.000599
412.500000 0.000533
413.500000 0.000266
414.500000 0.000399
415.500000 0.000599
416.500000 0.000732
417.500000 0.000466
418.500000 0.000466
419.500000 0.000666
420.500000 0.000399
421.500000 0.000533
422.500000 0.000599
423.500000 0.000200
424.500000 0.000865
425.500000 0.000466
426.500000 0.000399
427.500000 0.000333
428.500000 0.000533
429.500000 0.000599
430.500000 0.000732
431.500000 0.000599
432.500000 0.000666
433.500000 0.000599
434.500000 0.000399
435.500000 0.000533
436.500000 0.000466
437.500000 0.000999
438.500000 0.001598
439.500000 0.000865
440.500000 0.000533
441.500000 0.000732
442.500000 0.000799
443.500000 0.001065
444.500000 0.001065
445.500000 0.000666
446.500000 0.000666
447.500000 0.000599
448.500000 0.000533
449.500000 0.001132
450.500000 0.000732
451.500000 0.000999
452.500000 0.000932
453.500000 0.000865
454.500000 0.001331
455.500000 0.000999
456.500000 0.001132
457.500000 0.001265
458.500000 0.001065
459.500000 0.001331
460.500000 0.001531
461.500000 0.001265
462.500000 0.001198
463.500000 0.000932
464.500000 0.001531
465.500000 0.001331
466.500000 0.000932
467.500000 0.000999
468.500000 0.000865
469.500000 0.000865
470.500000 0.001198
471.500000 0.000732
472.500000 0.000799
473.500000 0.001198
474.500000 0.001132
475.500000 0.000999
476.500000 0.000799
477.500000 0.000865
478.500000 0.001531
479.500000 0.001132
480.500000 0.001398
481.500000 0.001265
482.500000 0.000865
483.500000 0.001198
484.500000 0.001331
485.500000 0.000999
486.500000 0.001132
487.500000 0.001198
488.500000 0.000599
489.500000 0.001132
490.500000 0.000732
491.500000 0.001265
492.500000 0.000932
493.500000 0.000999
494.500000 0.001065
495.500000 0.000799
496.500000 0.000799
497.500000 0.000666
498.500000 0.000865
499.500000 0.000732
500.500000 0.000932
501.500000 0.000732
502.500000 0.001132
503.500000 0.001598
504.500000 0.000865
505.500000 0.001132
506.500000 0.000466
507.500000 0.000999
508.500000 0.000533
509.500000 0.000732
510.500000 0.000399
511.500000 0.001065
512.500000 0.001132
513.500000 0.000533
514.500000 0.000666
515.500000 0.000399
516.500000 0.000333
517.500000 0.000266
518.500000 0.000666
519.500000 0.000399
520.500000 0.000466
521.500000 0.000732
522.500000 0.000599
523.500000 0.000333
524.500000 0.000533
525.500000 0.000399
526.500000 0.000799
527.500000 0.000732
528.500000 0.000799
529.500000 0.000399
530.500000 0.000333
531.500000 0.000466
532.500000 0.000533
533.500000 0.000666
534.500000 0.000333
535.500000 0.000399
536.500000 0.000200
537.500000 0.000200
538.500000 0.000399
539.500000 0.000399
540.500000 0.000466
541.500000 0.000200
542.500000 0.000200
543.500000 0.000333
544.500000 0.000200
545.500000 0.000399
546.500000 0.000266
547.500000 0.000133
548.500000 0.000533
549.500000 0.000333
550.500000 0.000200
551.500000 0.000333
552.500000 0.000533
553.500000 0.000466
554.500000 0.000466
555.500000 0.000666
556.500000 0.000200
557.500000 0.000266
558.500000 0.000133
559.500000 0.000333
560.500000 0.000666
561.500000 0.000399
562.500000 0.000399
563.500000 0.000466
564.500000 0.000466
565.500000 0.000466
566.500000 0.000466
567.500000 0.000200
568.500000 0.000466
569.500000 0.000200
570.500000 0.000266
571.500000 0.000200
572.500000 0.000200
573.500000 0.000533
574.500000 0.000333
575.500000 0.000333
576.500000 0.000533
577.500000 0.000533
578.500000 0.000399
579.500000 0.000266
580.500000 0.000133
581.500000 0.000466
582.500000 0.000466
583.500000 0.000399
584.500000 0.000466
585.500000 0.000599
586.500000 0.000599
587.500000 0.000732
588.500000 0.000533
589.500000 0.000466
590.500000 0.000599
591.500000 0.000533
592.500000 0.000599
593.500000 0.000399
594.500000 0.000200
595.500000 0.000666
596.500000 0.000599
597.500000 0.000466
598.500000 0.000799
599.500000 0.000333
600.500000 0.000266
601.500000 0.000533
602.500000 0.000533
603.500000 0.000599
604.500000 0.000666
605.500000 0.000533
606.500000 0.000533
607.500000 0.000133
608.500000 0.000799
609.500000 0.000399
610.500000 0.000533
611.500000 0.000666
612.500000 0.000932
613.500000 0.000466
614.500000 0.000999
615.500000 0.000999
616.500000 0.000732
617.500000 0.000399
618.500000 0.000466
619.500000 0.000799
620.500000 0.000932
621.500000 0.000333
622.500000 0.000599
623.500000 0.000666
624.500000 0.000533
625.500000 0.000732
626.500000 0.000466
627.500000 0.000533
628.500000 0.000533
629.500000 0.000732
630.500000 0.000799
631.500000 0.000533
632.500000 0.000799
633.500000 0.000666
634.500000 0.000333
635.500000 0.000599
636.500000 0.000333
637.500000 0.000533
638.500000 0.000666
639.500000 0.000666
640.500000 0.000732
641.500000 0.000799
642.500000 0.000533
643.500000 0.000799
644.500000 0.000865
645.500000 0.001198
646.500000 0.000799
647.500000 0.000666
648.500000 0.001132
649.500000 0.000466
650.500000 0.000732
651.500000 0.000799
652.500000 0.000932
653.500000 0.000666
654.500000 0.000799
655.500000 0.000999
656.500000 0.001065
657.500000 0.001465
658.500000 0.000599
659.500000 0.000599
660.500000 0.000865
661.500000 0.000533
662.500000 0.001198
663.500000 0.000533
664.500000 0.000666
665.500000 0.000666
666.500000 0.000732
667.500000 0.000799
668.500000 0.000599
669.500000 0.001132
670.500000 0.000999
671.500000 0.001132
672.500000 0.001265
673.500000 0.000799
674.500000 0.001132
675.500000 0.000732
676.500000 0.001132
677.500000 0.001398
678.500000 0.001065
679.500000 0.001265
680.500000 0.000799
681.500000 0.001331
682.500000 0.001265
683.500000 0.001864
684.500000 0.001997
685.500000 0.002263
686.500000 0.002330
687.500000 0.002197
688.500000 0.002596
689.500000 0.002929
690.500000 0.003395
691.500000 0.002330
692.500000 0.002796
693.500000 0.003728
694.500000 0.002729
695.500000 0.002330
696.500000 0.002530
697.500000 0.002396
698.500000 0.002729
699.500000 0.003528
700.500000 0.002596
701.500000 0.002064
702.500000 0.001731
703.500000 0.001198
704.500000 0.001598
705.500000 0.001864
706.500000 0.000932
707.500000 0.001398
708.500000 0.001065
709.500000 0.001065
710.500000 0.001664
711.500000 0.001531
712.500000 0.001198
713.500000 0.000599
714.500000 0.001398
715.500000 0.000932
716.500000 0.000799
717.500000 0.000666
718.500000 0.000399
719.500000 0.000799
720.500000 0.000599
721.500000 0.001065
722.500000 0.000466
723.500000 0.001198
724.500000 0.000533
725.500000 0.001065
726.500000 0.000732
727.500000 0.000932
728.500000 0.000999
729.500000 0.000466
730.500000 0.000333
731.500000 0.000533
732.500000 0.000399
733.500000 0.000399
734.500000 0.000399
735.500000 0.000799
736.500000 0.000466
737.500000 0.000399
738.500000 0.000799
739.500000 0.000200
740.500000 0.000399
741.500000 0.000266
742.500000 0.000266
743.500000 0.000266
744.500000 0.000333
745.500000 0.000200
746.500000 0.000333
747.500000 0.000266
748.500000 0.000399
749.500000 0.000599
750.500000 0.000333
751.500000 0.000266
752.500000 0.000200
753.500000 0.000266
754.500000 0.000200
755.500000 0.000333
756.500000 0.000133
757.500000 0.000133
758.500000 0.000466
759.500000 0.000266
760.500000 0.000266
761.500000 0.000266
762.500000 0.000266
763.500000 0.000200
764.500000 0.000133
765.500000 0.000200
766.500000 0.000067
767.500000 0.000333
768.500000 0.000333
769.500000 0.000200
770.500000 0.000333
771.500000 0.000200
772.500000 0.000133
773.500000 0.000333
774.500000 0.000266
775.500000 0.000266
776.500000 0.000599
777.500000 0.000399
778.500000 0.000399
779.500000 0.000200
780.500000 0.000200
781.500000 0.000266
782.500000 0.000333
783.500000 0.000333
784.500000 0.000266
785.500000 0.000533
786.500000 0.000133
787.500000 0.000266
788.500000 0.000133
789.500000 0.000200
790.500000 0.000266
791.500000 0.000200
792.500000 0.000133
793.500000 0.000333
794.500000 0.000200
795.500000 0.000200
796.500000 0.000067
797.500000 0.000200
798.500000 0.000333
799.500000 0.000466
800.500000 0.000133
801.500000 0.000200
802.500000 0.000200
803.500000 0.000200
804.500000 0.000067
805.500000 0.000133
806.500000 0.000200
807.500000 0.000200
808.500000 0.000200
809.500000 0.000200
810.500000 0.000000
811.500000 0.000133
812.500000 0.000133
813.500000 0.000133
814.500000 0.000399
815.500000 0.000200
816.500000 0.000067
817.500000 0.000133
818.500000 0.000333
819.500000 0.000533
820.500000 0.000399
821.500000 0.000599
822.500000 0.000266
823.500000 0.000266
824.500000 0.000333
825.500000 0.000133
826.500000 0.000666
827.500000 0.000466
828.500000 0.000399
829.500000 0.000399
830.500000 0.000333
831.500000 0.000333
832.500000 0.000266
833.500000 0.000200
834.500000 0.000466
835.500000 0.000266
836.500000 0.000333
837.500000 0.000000
838.500000 0.000133
839.500000 0.000466
840.500000 0.000266
841.500000 0.000200
842.500000 0.000333
843.500000 0.000466
844.500000 0.000266
845.500000 0.000266
846.500000 0.000399
847.500000 0.000266
848.500000 0.000333
849.500000 0.000266
850.500000 0.000200
851.500000 0.000466
852.500000 0.000333
853.500000 0.000399
854.500000 0.000533
855.500000 0.000466
856.500000 0.000266
857.500000 0.000666
858.500000 0.000399
859.500000 0.000599
860.500000 0.000333
861.500000 0.000533
862.500000 0.000599
863.500000 0.001065
864.500000 0.000333
865.500000 0.000533
866.500000 0.000466
867.500000 0.000466
868.500000 0.000266
869.500000 0.000533
870.500000 0.000533
871.500000 0.000533
872.500000 0.000666
873.500000 0.000399
874.500000 0.000666
875.500000 0.000333
876.500000 0.000200
877.500000 0.000999
878.500000 0.000799
879.500000 0.000932
880.500000 0.000865
881.500000 0.000865
882.500000 0.000865
883.500000 0.001132
884.500000 0.001198
885.500000 0.001265
886.500000 0.001465
887.500000 0.001198
888.500000 0.001132
889.500000 0.000932
890.500000 0.000865
891.500000 0.000865
892.500000 0.000865
893.500000 0.000999
894.500000 0.000666
895.500000 0.000999
896.500000 0.000932
897.500000 0.001132
898.500000 0.000999
899.500000 0.000932
900.500000 0.000932
901.500000 0.001065
902.500000 0.000666
903.500000 0.000732
904.500000 0.001331
905.500000 0.000932
906.500000 0.001265
907.500000 0.000799
908.500000 0.000865
909.500000 0.000732
910.500000 0.000865
911.500000 0.000666
912.500000 0.000533
913.500000 0.000333
914.500000 0.000666
915.500000 0.000666
916.500000 0.000666
917.500000 0.000732
918.500000 0.000799
919.500000 0.000865
920.500000 0.000599
921.500000 0.000732
922.500000 0.000466
923.500000 0.000732
924.500000 0.000799
925.500000 0.000666
926.500000 0.001065
927.500000 0.000799
928.500000 0.000666
929.500000 0.000533
930.500000 0.000466
931.500000 0.000932
932.500000 0.000999
933.500000 0.000599
934.500000 0.000533
935.500000 0.000666
936.500000 0.000666
937.500000 0.000732
938.500000 0.000932
939.500000 0.000666
940.500000 0.000799
941.500000 0.000466
942.500000 0.000932
943.500000 0.000799
944.500000 0.000466
945.500000 0.000533
946.500000 0.000865
947.500000 0.000666
948.500000 0.000666
949.500000 0.000599
950.500000 0.000599
951.500000 0.000732
952.500000 0.000599
953.500000 0.000266
954.500000 0.000533
955.500000 0.000333
956.500000 0.000599
957.500000 0.000399
958.500000 0.000399
959.500000 0.000732
960.500000 0.000533
961.500000 0.000999
962.500000 0.000466
963.500000 0.000266
964.500000 0.000266
965.500000 0.000865
966.500000 0.000200
967.500000 0.000333
968.500000 0.000333
969.500000 0.000200
970.500000 0.000399
971.500000 0.000333
972.500000 0.000666
973.500000 0.000466
974.500000 0.000399
975.500000 0.000333
976.500000 0.000200
977.500000 0.000266
978.500000 0.000666
979.500000 0.000466
980.500000 0.000333
981.500000 0.000200
982.500000 0.000200
983.500000 0.000599
984.500000 0.000399
985.500000 0.000399
986.500000 0.000266
987.500000 0.000466
988.500000 0.000732
989.500000 0.000466
990.500000 0.000466
991.500000 0.000666
992.500000 0.000266
993.500000 0.000200
994.500000 0.000266
995.500000 0.000266
996.500000 0.000399
997.500000 0.000200
998.500000 0.000333
999.500000 0.000266
1000.500000 0.000266
1001.500000 0.000466
1002.500000 0.000399
1003.500000 0.000399
1004.500000 0.000133
1005.500000 0.000333
1006.500000 0.000266
1007.500000 0.000133
1008.500000 0.000200
1009.500000 0.000599
1010.500000 0.000399
1011.500000 0.000533
1012.500000 0.000266
1013.500000 0.000333
1014.500000 0.000533
1015.500000 0.000133
1016.500000 0.000533
1017.500000 0.000133
1018.500000 0.000133
1019.500000 0.000200
1020.500000 0.000333
1021.500000 0.000533
1022.500000 0.000333
1023.500000 0.000333
1024.500000 0.000533
1025.500000 0.000932
1026.500000 0.000466
1027.500000 0.000200
1028.500000 0.000333
1029.500000 0.000599
1030.500000 0.000533
1031.500000 0.000466
1032.500000 0.000266
1033.500000 0.000466
1034.500000 0.000599
1035.500000 0.000399
1036.500000 0.000533
1037.500000 0.000466
1038.500000 0.000466
1039.500000 0.000666
1040.500000 0.000533
1041.500000 0.000732
1042.500000 0.000533
1043.500000 0.000799
1044.500000 0.000333
1045.500000 0.001065
1046.500000 0.000599
1047.500000 0.000999
1048.500000 0.000932
1049.500000 0.000399
1050.500000 0.000932
1051.500000 0.000932
1052.500000 0.000932
1053.500000 0.000399
1054.500000 0.000799
1055.500000 0.001065
1056.500000 0.000599
1057.500000 0.000666
1058.500000 0.000732
1059.500000 0.000666
1060.500000 0.000466
1061.500000 0.000399
1062.500000 0.000466
1063.500000 0.000533
1064.500000 0.000266
1065.500000 0.000666
1066.500000 0.000266
1067.500000 0.000333
1068.500000 0.000399
1069.500000 0.000266
1070.500000 0.000333
1071.500000 0.000466
1072.500000 0.000666
1073.500000 0.000533
1074.500000 0.000732
1075.500000 0.000133
1076.500000 0.000466
1077.500000 0.000732
1078.500000 0.000333
1079.500000 0.000399
1080.500000 0.000599
1081.500000 0.001198
1082.500000 0.001198
1083.500000 0.000932
1084.500000 0.001132
1085.500000 0.001198
1086.500000 0.000932
1087.500000 0.000666
1088.500000 0.000466
1089.500000 0.001065
1090.500000 0.000399
1091.500000 0.001398
1092.500000 0.000799
1093.500000 0.000732
1094.500000 0.000666
1095.500000 0.000999
1096.500000 0.000799
1097.500000 0.001065
1098.500000 0.000932
1099.500000 0.000799
1100.500000 0.000865
1101.500000 0.000799
1102.500000 0.000865
1103.500000 0.000732
1104.500000 0.000533
1105.500000 0.001265
1106.500000 0.001997
1107.500000 0.001265
1108.500000 0.001132
1109.500000 0.000932
1110.500000 0.001598
1111.500000 0.001265
1112.500000 0.000799
1113.500000 0.001065
1114.500000 0.000732
1115.500000 0.000865
1116.500000 0.000466
1117.500000 0.001531
1118.500000 0.001065
1119.500000 0.001331
1120.500000 0.000932
1121.500000 0.001531
1122.500000 0.000999
1123.500000 0.000599
1124.500000 0.000666
1125.500000 0.001132
1126.500000 0.001398
1127.500000 0.001065
1128.500000 0.000666
1129.500000 0.000865
1130.500000 0.001065
1131.500000 0.001398
1132.500000 0.001531
1133.500000 0.001198
1134.500000 0.001531
1135.500000 0.001465
1136.500000 0.001997
1137.500000 0.001398
1138.500000 0.001598
1139.500000 0.001531
1140.500000 0.001398
1141.500000 0.001931
1142.500000 0.001931
1143.500000 0.002130
1144.500000 0.001997
1145.500000 0.001931
1146.500000 0.002596
1147.500000 0.002263
1148.500000 0.001598
1149.500000 0.001797
1150.500000 0.002130
1151.500000 0.001664
1152.500000 0.001931
1153.500000 0.001664
1154.500000 0.002064
1155.500000 0.002663
1156.500000 0.001797
1157.500000 0.002330
1158.500000 0.002862
1159.500000 0.002463
1160.500000 0.002663
1161.500000 0.003062
1162.500000 0.002929
1163.500000 0.003928
1164.500000 0.003528
1165.500000 0.003129
1166.500000 0.002862
1167.500000 0.003928
1168.500000 0.003062
1169.500000 0.003595
1170.500000 0.003528
1171.500000 0.002929
1172.500000 0.004726
1173.500000 0.003661
1174.500000 0.003928
1175.500000 0.004860
1176.500000 0.004260
1177.500000 0.005658
1178.500000 0.005792
1179.500000 0.005392
1180.500000 0.005725
1181.500000 0.005592
1182.500000 0.004926
1183.500000 0.004993
1184.500000 0.005858
1185.500000 0.004993
1186.500000 0.005392
1187.500000 0.005525
1188.500000 0.005925
1189.500000 0.005725
1190.500000 0.005925
1191.500000 0.006723
1192.500000 0.007056
1193.500000 0.005326
1194.500000 0.006923
1195.500000 0.006257
1196.500000 0.005925
1197.500000 0.005192
1198.500000 0.004460
1199.500000 0.004793
