0.500000 0.014519
1.500000 0.012460
2.500000 0.012127
3.500000 0.008789
4.500000 0.009178
5.500000 0.007120
6.500000 0.005285
7.500000 0.004172
8.500000 0.003115
9.500000 0.003171
10.500000 0.003115
11.500000 0.002225
12.500000 0.001780
13.500000 0.001335
14.500000 0.001613
15.500000 0.001057
16.500000 0.001279
17.500000 0.000834
18.500000 0.001279
19.500000 0.000556
20.500000 0.000389
21.500000 0.001279
22.500000 0.001113
23.500000 0.001224
24.500000 0.000501
25.500000 0.001168
26.500000 0.000834
27.500000 0.000334
28.500000 0.000556
29.500000 0.000668
30.500000 0.000723
31.500000 0.000779
32.500000 0.000723
33.500000 0.000612
34.500000 0.000612
35.500000 0.000501
36.500000 0.000612
37.500000 0.000668
38.500000 0.000445
39.500000 0.000389
40.500000 0.000334
41.500000 0.000501
42.500000 0.000334
43.500000 0.000223
44.500000 0.000445
45.500000 0.000334
46.500000 0.000223
47.500000 0.000612
48.500000 0.000501
49.500000 0.000278
50.500000 0.000389
51.500000 0.000223
52.500000 0.000389
53.500000 0.000612
54.500000 0.000111
55.500000 0.000445
56.500000 0.000223
57.500000 0.000501
58.500000 0.000223
59.500000 0.000445
60.500000 0.000223
61.500000 0.000389
62.500000 0.000334
63.500000 0.000111
64.500000 0.000278
65.500000 0.000389
66.500000 0.000223
67.500000 0.000334
68.500000 0.000167
69.500000 0.000278
70.500000 0.000389
71.500000 0.000334
72.500000 0.000278
73.500000 0.000501
74.500000 0.000445
75.500000 0.000278
76.500000 0.000334
77.500000 0.000334
78.500000 0.000612
79.500000 0.000668
80.500000 0.000890
81.500000 0.000946
82.500000 0.001502
83.500000 0.001391
84.500000 0.000890
85.500000 0.001279
86.500000 0.001558
87.500000 0.002837
88.500000 0.003894
89.500000 0.001947
90.500000 0.001836
91.500000 0.002670
92.500000 0.001891
93.500000 0.001891
94.500000 0.001724
95.500000 0.000612
96.500000 0.000445
97.500000 0.000556
98.500000 0.000556
99.500000 0.000445
100.500000 0.000445
101.500000 0.000223
102.500000 0.000278
103.500000 0.000501
104.500000 0.000501
105.500000 0.000556
106.500000 0.000334
107.500000 0.000223
108.500000 0.000278
109.500000 0.000056
110.500000 0.000223
111.500000 0.000111
112.500000 0.000223
113.500000 0.000223
114.500000 0.000389
115.500000 0.000223
116.500000 0.000167
117.500000 0.000334
118.500000 0.000167
119.500000 0.000111
120.500000 0.000445
121.500000 0.000000
122.500000 0.000223
123.500000 0.000111
124.500000 0.000167
125.500000 0.000000
126.500000 0.000223
127.500000 0.000278
128.500000 0.000167
129.500000 0.000223
130.500000 0.000111
131.500000 0.000111
132.500000 0.000056
133.500000 0.000167
134.500000 0.000111
135.500000 0.000111
136.500000 0.000111
137.500000 0.000167
138.500000 0.000056
139.500000 0.000056
140.500000 0.000167
141.500000 0.000056
142.500000 0.000056
143.500000 0.000111
144.500000 0.000056
145.500000 0.000167
146.500000 0.000056
147.500000 0.000167
148.500000 0.000056
149.500000 0.000000
150.500000 0.000000
151.500000 0.000111
152.500000 0.000111
153.500000 0.000000
154.500000 0.000223
155.500000 0.000000
156.500000 0.000056
157.500000 0.000056
158.500000 0.000056
159.500000 0.000111
160.500000 0.000056
161.500000 0.000056
162.500000 0.000056
163.500000 0.000111
164.500000 0.000056
165.500000 0.000167
166.500000 0.000000
167.500000 0.000000
168.500000 0.000111
169.500000 0.000111
170.500000 0.000000
171.500000 0.000000
172.500000 0.000056
173.500000 0.000056
174.500000 0.000111
175.500000 0.000111
176.500000 0.000056
177.500000 0.000111
178.500000 0.000000
179.500000 0.000056
180.500000 0.000167
181.500000 0.000056
182.500000 0.000056
183.500000 0.000111
184.500000 0.000000
185.500000 0.000056
186.500000 0.000111
187.500000 0.000000
188.500000 0.000056
189.500000 0.000056
190.500000 0.000056
191.500000 0.000000
192.500000 0.000111
193.500000 0.000056
194.500000 0.000111
195.500000 0.000056
196.500000 0.000111
197.500000 0.000111
198.500000 0.000000
199.500000 0.000056
200.500000 0.000000
201.500000 0.000111
202.500000 0.000056
203.500000 0.000056
204.500000 0.000111
205.500000 0.000000
206.500000 0.000000
207.500000 0.000056
208.500000 0.000056
209.500000 0.000167
210.500000 0.000111
211.500000 0.000111
212.500000 0.000000
213.500000 0.000000
214.500000 0.000111
215.500000 0.000000
216.500000 0.000000
217.500000 0.000000
218.500000 0.000111
219.500000 0.000056
220.500000 0.000223
221.500000 0.000000
222.500000 0.000000
223.500000 0.000167
224.500000 0.000000
225.500000 0.000167
226.500000 0.000000
227.500000 0.000000
228.500000 0.000167
229.500000 0.000056
230.500000 0.000056
231.500000 0.000111
232.500000 0.000056
233.500000 0.000111
234.500000 0.000167
235.500000 0.000111
236.500000 0.000167
237.500000 0.000167
238.500000 0.000111
239.500000 0.000000
240.500000 0.000000
241.500000 0.000056
242.500000 0.000056
243.500000 0.000000
244.500000 0.000111
245.500000 0.000056
246.500000 0.000111
247.500000 0.000056
248.500000 0.000111
249.500000 0.000111
250.500000 0.000167
251.500000 0.000000
252.500000 0.000111
253.500000 0.000056
254.500000 0.000167
255.500000 0.000056
256.500000 0.000111
257.500000 0.000056
258.500000 0.000056
259.500000 0.000000
260.500000 0.000000
261.500000 0.000167
262.500000 0.000111
263.500000 0.000000
264.500000 0.000167
265.500000 0.000167
266.500000 0.000056
267.500000 0.000111
268.500000 0.000223
269.500000 0.000111
270.500000 0.000167
271.500000 0.000167
272.500000 0.000056
273.500000 0.000056
274.500000 0.000056
275.500000 0.000111
276.500000 0.000056
277.500000 0.000000
278.500000 0.000334
279.500000 0.000111
280.500000 0.000000
281.500000 0.000278
282.500000 0.000223
283.500000 0.000167
284.500000 0.000111
285.500000 0.000000
286.500000 0.000111
287.500000 0.000000
288.500000 0.000056
289.500000 0.000167
290.500000 0.000000
291.500000 0.000000
292.500000 0.000223
293.500000 0.000056
294.500000 0.000056
295.500000 0.000056
296.500000 0.000056
297.500000 0.000056
298.500000 0.000000
299.500000 0.000056
300.500000 0.000056
301.500000 0.000223
302.500000 0.000000
303.500000 0.000056
304.500000 0.000056
305.500000 0.000000
306.500000 0.000167
307.500000 0.000056
308.500000 0.000056
309.500000 0.000167
310.500000 0.000111
311.500000 0.000167
312.500000 0.000334
313.500000 0.000111
314.500000 0.000056
315.500000 0.000000
316.500000 0.000056
317.500000 0.000056
318.500000 0.000056
319.500000 0.000056
320.500000 0.000000
321.500000 0.000000
322.500000 0.000056
323.500000 0.000000
324.500000 0.000000
325.500000 0.000000
326.500000 0.000056
327.500000 0.000056
328.500000 0.000056
329.500000 0.000111
330.500000 0.000056
331.500000 0.000000
332.500000 0.000000
333.500000 0.000056
334.500000 0.000000
335.500000 0.000000
336.500000 0.000056
337.500000 0.000167
338.500000 0.000111
339.500000 0.000056
340.500000 0.000000
341.500000 0.000056
342.500000 0.000167
343.500000 0.000111
344.500000 0.000000
345.500000 0.000111
346.500000 0.000000
347.500000 0.000056
348.500000 0.000111
349.500000 0.000111
350.500000 0.000000
351.500000 0.000111
352.500000 0.000111
353.500000 0.000167
354.500000 0.000000
355.500000 0.000056
356.500000 0.000056
357.500000 0.000056
358.500000 0.000056
359.500000 0.000111
360.500000 0.000111
361.500000 0.000111
362.500000 0.000111
363.500000 0.000000
364.500000 0.000111
365.500000 0.000056
366.500000 0.000223
367.500000 0.000056
368.500000 0.000056
369.500000 0.000056
370.500000 0.000223
371.500000 0.000167
372.500000 0.000111
373.500000 0.000111
374.500000 0.000111
375.500000 0.000056
376.500000 0.000223
377.500000 0.000167
378.500000 0.000167
379.500000 0.000056
380.500000 0.000056
381.500000 0.000223
382.500000 0.000223
383.500000 0.000167
384.500000 0.000056
385.500000 0.000278
386.500000 0.000000
387.500000 0.000111
388.500000 0.000056
389.500000 0.000223
390.500000 0.000389
391.500000 0.000167
392.500000 0.000334
393.500000 0.000111
394.500000 0.000111
395.500000 0.000389
396.500000 0.000167
397.500000 0.000223
398.500000 0.000278
399.500000 0.000389
400.500000 0.000278
401.500000 0.000501
402.500000 0.000278
403.500000 0.000167
404.500000 0.000278
405.500000 0.000389
406.500000 0.000167
407.500000 0.000556
408.500000 0.000389
409.500000 0.000278
410.500000 0.000167
411.500000 0.000223
412.500000 0.000167
413.500000 0.000556
414.500000 0.000445
415.500000 0.000278
416.500000 0.000223
417.500000 0.000334
418.500000 0.000167
419.500000 0.000111
420.500000 0.000223
421.500000 0.000501
422.500000 0.000723
423.500000 0.000445
424.500000 0.000334
425.500000 0.000556
426.500000 0.000278
427.500000 0.000167
428.500000 0.000445
429.500000 0.000278
430.500000 0.000389
431.500000 0.000445
432.500000 0.000389
433.500000 0.000334
434.500000 0.000389
435.500000 0.000389
436.500000 0.000612
437.500000 0.000223
438.500000 0.000334
439.500000 0.000278
440.500000 0.000334
441.500000 0.000389
442.500000 0.000501
443.500000 0.000556
444.500000 0.000834
445.500000 0.000334
446.500000 0.000389
447.500000 0.000334
448.500000 0.000389
449.500000 0.000445
450.500000 0.000668
451.500000 0.000779
452.500000 0.000445
453.500000 0.000612
454.500000 0.000556
455.500000 0.000167
456.500000 0.000668
457.500000 0.000779
458.500000 0.000278
459.500000 0.000445
460.500000 0.000501
461.500000 0.000445
462.500000 0.000334
463.500000 0.000723
464.500000 0.000501
465.500000 0.001057
466.500000 0.001001
467.500000 0.000668
468.500000 0.000668
469.500000 0.000668
470.500000 0.000834
471.500000 0.001391
472.500000 0.000668
473.500000 0.001780
474.500000 0.001335
475.500000 0.000946
476.500000 0.000946
477.500000 0.002169
478.500000 0.001947
479.500000 0.001558
480.500000 0.002003
481.500000 0.002392
482.500000 0.002114
483.500000 0.002281
484.500000 0.002726
485.500000 0.002893
486.500000 0.004116
487.500000 0.004228
488.500000 0.004450
489.500000 0.005618
490.500000 0.006008
491.500000 0.005173
492.500000 0.005674
493.500000 0.005952
494.500000 0.005952
495.500000 0.006953
496.500000 0.006508
497.500000 0.006675
498.500000 0.006508
499.500000 0.006786
500.500000 0.008678
501.500000 0.008177
502.500000 0.006953
503.500000 0.007343
504.500000 0.007287
505.500000 0.004283
506.500000 0.004228
507.500000 0.004228
508.500000 0.004450
509.500000 0.003004
510.500000 0.003004
511.500000 0.001335
512.500000 0.001669
513.500000 0.001502
514.500000 0.001891
515.500000 0.001669
516.500000 0.002058
517.500000 0.000779
518.500000 0.000946
519.500000 0.001001
520.500000 0.000668
521.500000 0.000111
522.500000 0.000111
523.500000 0.000167
524.500000 0.000056
525.500000 0.000223
526.500000 0.000167
527.500000 0.000223
528.500000 0.000167
529.500000 0.000167
530.500000 0.000223
531.500000 0.000111
532.500000 0.000278
533.500000 0.000167
534.500000 0.000111
535.500000 0.000167
536.500000 0.000111
537.500000 0.000223
538.500000 0.000167
539.500000 0.000111
540.500000 0.000223
541.500000 0.000556
542.500000 0.000111
543.500000 0.000278
544.500000 0.000389
545.500000 0.000111
546.500000 0.000111
547.500000 0.000111
548.500000 0.000111
549.500000 0.000223
550.500000 0.000056
551.500000 0.000056
552.500000 0.000000
553.500000 0.000056
554.500000 0.000000
555.500000 0.000000
556.500000 0.000056
557.500000 0.000000
558.500000 0.000000
559.500000 0.000000
560.500000 0.000111
561.500000 0.000056
562.500000 0.000000
563.500000 0.000000
564.500000 0.000000
565.500000 0.000000
566.500000 0.000000
567.500000 0.000056
568.500000 0.000000
569.500000 0.000000
570.500000 0.000000
571.500000 0.000000
572.500000 0.000000
573.500000 0.000000
574.500000 0.000000
575.500000 0.000000
576.500000 0.000056
577.500000 0.000000
578.500000 0.000000
579.500000 0.000000
580.500000 0.000000
581.500000 0.000000
582.500000 0.000000
583.500000 0.000000
584.500000 0.000000
585.500000 0.000056
586.500000 0.000056
587.500000 0.000000
588.500000 0.000000
589.500000 0.000000
590.500000 0.000000
591.500000 0.000000
592.500000 0.000111
593.500000 0.000000
594.500000 0.000000
595.500000 0.000056
596.500000 0.000000
597.500000 0.000056
598.500000 0.000000
599.500000 0.000056
600.500000 0.000000
601.500000 0.000000
602.500000 0.000000
603.500000 0.000000
604.500000 0.000000
605.500000 0.000167
606.500000 0.000000
607.500000 0.000000
608.500000 0.000000
609.500000 0.000000
610.500000 0.000000
611.500000 0.000000
612.500000 0.000000
613.500000 0.000000
614.500000 0.000000
615.500000 0.000000
616.500000 0.000000
617.500000 0.000000
618.500000 0.000000
619.500000 0.000000
620.500000 0.000000
621.500000 0.000000
622.500000 0.000056
623.500000 0.000000
624.500000 0.000056
625.500000 0.000056
626.500000 0.000000
627.500000 0.000000
628.500000 0.000000
629.500000 0.000111
630.500000 0.000000
631.500000 0.000000
632.500000 0.000000
633.500000 0.000000
634.500000 0.000111
635.500000 0.000000
636.500000 0.000056
637.500000 0.000056
638.500000 0.000056
639.500000 0.000056
640.500000 0.000000
641.500000 0.000056
642.500000 0.000056
643.500000 0.000056
644.500000 0.000000
645.500000 0.000000
646.500000 0.000167
647.500000 0.000000
648.500000 0.000000
649.500000 0.000111
650.500000 0.000167
651.500000 0.000000
652.500000 0.000000
653.500000 0.000056
654.500000 0.000056
655.500000 0.000056
656.500000 0.000000
657.500000 0.000111
658.500000 0.000056
659.500000 0.000111
660.500000 0.000000
661.500000 0.000056
662.500000 0.000056
663.500000 0.000111
664.500000 0.000111
665.500000 0.000056
666.500000 0.000000
667.500000 0.000000
668.500000 0.000111
669.500000 0.000000
670.500000 0.000056
671.500000 0.000000
672.500000 0.000000
673.500000 0.000056
674.500000 0.000111
675.500000 0.000056
676.500000 0.000111
677.500000 0.000000
678.500000 0.000111
679.500000 0.000167
680.500000 0.000000
681.500000 0.000000
682.500000 0.000000
683.500000 0.000056
684.500000 0.000000
685.500000 0.000111
686.500000 0.000000
687.500000 0.000000
688.500000 0.000056
689.500000 0.000167
690.500000 0.000056
691.500000 0.000000
692.500000 0.000000
693.500000 0.000000
694.500000 0.000111
695.500000 0.000000
696.500000 0.000056
697.500000 0.000056
698.500000 0.000000
699.500000 0.000056
700.500000 0.000056
701.500000 0.000000
702.500000 0.000000
703.500000 0.000111
704.500000 0.000056
705.500000 0.000111
706.500000 0.000000
707.500000 0.000000
708.500000 0.000056
709.500000 0.000000
710.500000 0.000111
711.500000 0.000056
712.500000 0.000056
713.500000 0.000056
714.500000 0.000167
715.500000 0.000111
716.500000 0.000056
717.500000 0.000056
718.500000 0.000056
719.500000 0.000111
720.500000 0.000111
721.500000 0.000223
722.500000 0.000111
723.500000 0.000167
724.500000 0.000056
725.500000 0.000000
726.500000 0.000056
727.500000 0.000334
728.500000 0.000278
729.500000 0.000167
730.500000 0.000445
731.500000 0.000223
732.500000 0.000278
733.500000 0.000445
734.500000 0.000111
735.500000 0.000223
736.500000 0.000056
737.500000 0.000223
738.500000 0.000111
739.500000 0.000223
740.500000 0.000000
741.500000 0.000000
742.500000 0.000000
743.500000 0.000111
744.500000 0.000000
745.500000 0.000111
746.500000 0.000056
747.500000 0.000056
748.500000 0.000111
749.500000 0.000000
750.500000 0.000056
751.500000 0.000056
752.500000 0.000056
753.500000 0.000056
754.500000 0.000056
755.500000 0.000000
756.500000 0.000056
757.500000 0.000000
758.500000 0.000056
759.500000 0.000056
760.500000 0.000000
761.500000 0.000000
762.500000 0.000056
763.500000 0.000000
764.500000 0.000056
765.500000 0.000000
766.500000 0.000000
767.500000 0.000056
768.500000 0.000056
769.500000 0.000111
770.500000 0.000000
771.500000 0.000000
772.500000 0.000056
773.500000 0.000000
774.500000 0.000000
775.500000 0.000056
776.500000 0.000056
777.500000 0.000111
778.500000 0.000000
779.500000 0.000000
780.500000 0.000000
781.500000 0.000000
782.500000 0.000056
783.500000 0.000056
784.500000 0.000000
785.500000 0.000000
786.500000 0.000056
787.500000 0.000000
788.500000 0.000000
789.500000 0.000000
790.500000 0.000056
791.500000 0.000056
792.500000 0.000111
793.500000 0.000000
794.500000 0.000000
795.500000 0.000167
796.500000 0.000056
797.500000 0.000000
798.500000 0.000000
799.500000 0.000000
800.500000 0.000000
801.500000 0.000000
802.500000 0.000000
803.500000 0.000000
804.500000 0.000000
805.500000 0.000000
806.500000 0.000056
807.500000 0.000056
808.500000 0.000000
809.500000 0.000000
810.500000 0.000000
811.500000 0.000000
812.500000 0.000000
813.500000 0.000056
814.500000 0.000000
815.500000 0.000000
816.500000 0.000000
817.500000 0.000056
818.500000 0.000000
819.500000 0.000111
820.500000 0.000056
821.500000 0.000000
822.500000 0.000056
823.500000 0.000111
824.500000 0.000000
825.500000 0.000000
826.500000 0.000056
827.500000 0.000000
828.500000 0.000000
829.500000 0.000000
830.500000 0.000056
831.500000 0.000056
832.500000 0.000000
833.500000 0.000111
834.500000 0.000000
835.500000 0.000000
836.500000 0.000000
837.500000 0.000056
838.500000 0.000056
839.500000 0.000000
840.500000 0.000111
841.500000 0.000000
842.500000 0.000000
843.500000 0.000111
844.500000 0.000223
845.500000 0.000111
846.500000 0.000111
847.500000 0.000111
848.500000 0.000000
849.500000 0.000223
850.500000 0.000278
851.500000 0.000223
852.500000 0.000334
853.500000 0.000167
854.500000 0.000334
855.500000 0.000334
856.500000 0.000779
857.500000 0.000612
858.500000 0.000334
859.500000 0.000556
860.500000 0.000779
861.500000 0.000334
862.500000 0.000556
863.500000 0.000389
864.500000 0.000723
865.500000 0.000612
866.500000 0.000834
867.500000 0.000556
868.500000 0.000445
869.500000 0.000890
870.500000 0.000946
871.500000 0.000556
872.500000 0.000723
873.500000 0.001613
874.500000 0.001113
875.500000 0.001391
876.500000 0.001335
877.500000 0.001391
878.500000 0.002058
879.500000 0.001669
880.500000 0.001669
881.500000 0.002114
882.500000 0.002281
883.500000 0.002225
884.500000 0.002503
885.500000 0.002837
886.500000 0.002503
887.500000 0.003282
888.500000 0.003226
889.500000 0.003393
890.500000 0.003671
891.500000 0.003504
892.500000 0.004450
893.500000 0.003338
894.500000 0.003226
895.500000 0.003115
896.500000 0.002003
897.500000 0.002336
898.500000 0.002559
899.500000 0.001558
900.500000 0.002781
901.500000 0.002336
902.500000 0.003004
903.500000 0.002058
904.500000 0.002837
905.500000 0.002837
906.500000 0.002281
907.500000 0.002948
908.500000 0.002726
909.500000 0.001780
910.500000 0.002670
911.500000 0.002392
912.500000 0.001947
913.500000 0.001669
914.500000 0.001335
915.500000 0.001669
916.500000 0.001502
917.500000 0.001502
918.500000 0.001001
919.500000 0.000946
920.500000 0.001057
921.500000 0.000890
922.500000 0.001001
923.500000 0.001335
924.500000 0.001613
925.500000 0.000723
926.500000 0.000501
927.500000 0.000612
928.500000 0.000668
929.500000 0.000834
930.500000 0.000445
931.500000 0.001224
932.500000 0.000779
933.500000 0.001057
934.500000 0.000612
935.500000 0.000612
936.500000 0.000779
937.500000 0.000668
938.500000 0.000723
939.500000 0.000612
940.500000 0.000890
941.500000 0.000334
942.500000 0.000612
943.500000 0.000223
944.500000 0.000501
945.500000 0.000612
946.500000 0.000723
947.500000 0.000389
948.500000 0.000612
949.500000 0.000612
950.500000 0.000334
951.500000 0.000278
952.500000 0.000445
953.500000 0.000278
954.500000 0.000445
955.500000 0.000612
956.500000 0.000501
957.500000 0.000668
958.500000 0.000223
959.500000 0.000334
960.500000 0.000501
961.500000 0.000612
962.500000 0.000556
963.500000 0.000723
964.500000 0.000223
965.500000 0.000389
966.500000 0.000223
967.500000 0.000501
968.500000 0.000167
969.500000 0.000445
970.500000 0.000445
971.500000 0.000111
972.500000 0.000167
973.500000 0.000445
974.500000 0.000445
975.500000 0.000501
976.500000 0.000334
977.500000 0.000334
978.500000 0.000334
979.500000 0.000278
980.500000 0.000278
981.500000 0.000167
982.500000 0.000389
983.500000 0.000334
984.500000 0.000278
985.500000 0.000278
986.500000 0.000167
987.500000 0.000334
988.500000 0.000334
989.500000 0.000278
990.500000 0.000389
991.500000 0.000334
992.500000 0.000167
993.500000 0.000167
994.500000 0.000556
995.500000 0.000334
996.500000 0.000389
997.500000 0.000278
998.500000 0.000223
999.500000 0.000334
1000.500000 0.000223
1001.500000 0.000223
1002.500000 0.000278
1003.500000 0.000334
1004.500000 0.000167
1005.500000 0.000445
1006.500000 0.000111
1007.500000 0.000223
1008.500000 0.000278
1009.500000 0.000167
1010.500000 0.000278
1011.500000 0.000278
1012.500000 0.000445
1013.500000 0.000334
1014.500000 0.000223
1015.500000 0.000111
1016.500000 0.000111
1017.500000 0.000111
1018.500000 0.000167
1019.500000 0.000334
1020.500000 0.000167
1021.500000 0.000167
1022.500000 0.000167
1023.500000 0.000056
1024.500000 0.000334
1025.500000 0.000223
1026.500000 0.000111
1027.500000 0.000223
1028.500000 0.000167
1029.500000 0.000111
1030.500000 0.000167
1031.500000 0.000223
1032.500000 0.000389
1033.500000 0.000223
1034.500000 0.000223
1035.500000 0.000389
1036.500000 0.000334
1037.500000 0.000111
1038.500000 0.000167
1039.500000 0.000111
1040.500000 0.000278
1041.500000 0.000223
1042.500000 0.000167
1043.500000 0.000223
1044.500000 0.000223
1045.500000 0.000111
1046.500000 0.000167
1047.500000 0.000167
1048.500000 0.000278
1049.500000 0.000223
1050.500000 0.000167
1051.500000 0.000278
1052.500000 0.000056
1053.500000 0.000278
1054.500000 0.000111
1055.500000 0.000223
1056.500000 0.000167
1057.500000 0.000278
1058.500000 0.000334
1059.500000 0.000334
1060.500000 0.000056
1061.500000 0.000223
1062.500000 0.000223
1063.500000 0.000278
1064.500000 0.000111
1065.500000 0.000111
1066.500000 0.000223
1067.500000 0.000334
1068.500000 0.000167
1069.500000 0.000334
1070.500000 0.000278
1071.500000 0.000501
1072.500000 0.000223
1073.500000 0.000167
1074.500000 0.000056
1075.500000 0.000334
1076.500000 0.000278
1077.500000 0.000334
1078.500000 0.000389
1079.500000 0.000389
1080.500000 0.000445
1081.500000 0.000389
1082.500000 0.000445
1083.500000 0.000389
1084.500000 0.000612
1085.500000 0.000723
1086.500000 0.000278
1087.500000 0.000278
1088.500000 0.000278
1089.500000 0.000278
1090.500000 0.000334
1091.500000 0.000278
1092.500000 0.000334
1093.500000 0.000445
1094.500000 0.000501
1095.500000 0.000556
1096.500000 0.000334
1097.500000 0.000612
1098.500000 0.000612
1099.500000 0.000389
1100.500000 0.000167
1101.500000 0.000501
1102.500000 0.000501
1103.500000 0.000556
1104.500000 0.000723
1105.500000 0.000612
1106.500000 0.000668
1107.500000 0.000612
1108.500000 0.000834
1109.500000 0.001168
1110.500000 0.000834
1111.500000 0.001113
1112.500000 0.000668
1113.500000 0.000779
1114.500000 0.000668
1115.500000 0.001113
1116.500000 0.001168
1117.500000 0.000779
1118.500000 0.001113
1119.500000 0.000723
1120.500000 0.000556
1121.500000 0.001057
1122.500000 0.001279
1123.500000 0.001001
1124.500000 0.000890
1125.500000 0.001057
1126.500000 0.001001
1127.500000 0.001168
1128.500000 0.000890
1129.500000 0.000946
1130.500000 0.000834
1131.500000 0.001168
1132.500000 0.001001
1133.500000 0.001057
1134.500000 0.000779
1135.500000 0.001113
1136.500000 0.000723
1137.500000 0.001279
1138.500000 0.001224
1139.500000 0.001391
1140.500000 0.000890
1141.500000 0.002058
1142.500000 0.001335
1143.500000 0.001113
1144.500000 0.001168
1145.500000 0.001113
1146.500000 0.001391
1147.500000 0.000946
1148.500000 0.001724
1149.500000 0.001724
1150.500000 0.001669
1151.500000 0.001168
1152.500000 0.001446
1153.500000 0.001836
1154.500000 0.001502
1155.500000 0.001780
1156.500000 0.001446
1157.500000 0.001391
1158.500000 0.002058
1159.500000 0.002169
1160.500000 0.002503
1161.500000 0.002169
1162.500000 0.002503
1163.500000 0.002225
1164.500000 0.002837
1165.500000 0.002281
1166.500000 0.003838
1167.500000 0.003504
1168.500000 0.003560
1169.500000 0.003115
1170.500000 0.003004
1171.500000 0.004561
1172.500000 0.003783
1173.500000 0.004617
1174.500000 0.004339
1175.500000 0.005118
1176.500000 0.005396
1177.500000 0.005006
1178.500000 0.006175
1179.500000 0.005730
1180.500000 0.005674
1181.500000 0.007510
1182.500000 0.006786
1183.500000 0.006898
1184.500000 0.007287
1185.500000 0.008789
1186.500000 0.009790
1187.500000 0.009290
1188.500000 0.009735
1189.500000 0.010569
1190.500000 0.014296
1191.500000 0.017967
1192.500000 0.021082
1193.500000 0.018802
1194.500000 0.017077
1195.500000 0.016076
1196.500000 0.016187
1197.500000 0.016799
1198.500000 0.016187
1199.500000 0.016243
