0.500000 0.010309
1.500000 0.009080
2.500000 0.008961
3.500000 0.008148
4.500000 0.007732
5.500000 0.006602
6.500000 0.004857
7.500000 0.004044
8.500000 0.003588
9.500000 0.002399
10.500000 0.001764
11.500000 0.001348
12.500000 0.001487
13.500000 0.001328
14.500000 0.000932
15.500000 0.001150
16.500000 0.000932
17.500000 0.001011
18.500000 0.000872
19.500000 0.000674
20.500000 0.000773
21.500000 0.000674
22.500000 0.000654
23.500000 0.000555
24.500000 0.000615
25.500000 0.000496
26.500000 0.000714
27.500000 0.000436
28.500000 0.000317
29.500000 0.000515
30.500000 0.000476
31.500000 0.000456
32.500000 0.000416
33.500000 0.000218
34.500000 0.000317
35.500000 0.000357
36.500000 0.000317
37.500000 0.000317
38.500000 0.000218
39.500000 0.000238
40.500000 0.000238
41.500000 0.000278
42.500000 0.000218
43.500000 0.000238
44.500000 0.000337
45.500000 0.000357
46.500000 0.000258
47.500000 0.000159
48.500000 0.000258
49.500000 0.000178
50.500000 0.000178
51.500000 0.000198
52.500000 0.000198
53.500000 0.000139
54.500000 0.000198
55.500000 0.000278
56.500000 0.000040
57.500000 0.000198
58.500000 0.000159
59.500000 0.000178
60.500000 0.000040
61.500000 0.000079
62.500000 0.000159
63.500000 0.000119
64.500000 0.000159
65.500000 0.000099
66.500000 0.000099
67.500000 0.000099
68.500000 0.000178
69.500000 0.000139
70.500000 0.000238
71.500000 0.000159
72.500000 0.000238
73.500000 0.000079
74.500000 0.000159
75.500000 0.000139
76.500000 0.000119
77.500000 0.000099
78.500000 0.000119
79.500000 0.000139
80.500000 0.000059
81.500000 0.000099
82.500000 0.000178
83.500000 0.000099
84.500000 0.000099
85.500000 0.000159
86.500000 0.000099
87.500000 0.000099
88.500000 0.000059
89.500000 0.000059
90.500000 0.000040
91.500000 0.000079
92.500000 0.000119
93.500000 0.000099
94.500000 0.000099
95.500000 0.000159
96.500000 0.000099
97.500000 0.000159
98.500000 0.000139
99.500000 0.000139
100.500000 0.000159
101.500000 0.000099
102.500000 0.000119
103.500000 0.000159
104.500000 0.000099
105.500000 0.000159
106.500000 0.000079
107.500000 0.000020
108.500000 0.000139
109.500000 0.000119
110.500000 0.000159
111.500000 0.000159
112.500000 0.000238
113.500000 0.000278
114.500000 0.000119
115.500000 0.000278
116.500000 0.000178
117.500000 0.000099
118.500000 0.000218
119.500000 0.000139
120.500000 0.000178
121.500000 0.000218
122.500000 0.000198
123.500000 0.000159
124.500000 0.000139
125.500000 0.000178
126.500000 0.000198
127.500000 0.000337
128.500000 0.000258
129.500000 0.000178
130.500000 0.000258
131.500000 0.000178
132.500000 0.000238
133.500000 0.000297
134.500000 0.000238
135.500000 0.000258
136.500000 0.000337
137.500000 0.000317
138.500000 0.000258
139.500000 0.000238
140.500000 0.000357
141.500000 0.000198
142.500000 0.000218
143.500000 0.000297
144.500000 0.000178
145.500000 0.000139
146.500000 0.000218
147.500000 0.000258
148.500000 0.000297
149.500000 0.000258
150.500000 0.000198
151.500000 0.000218
152.500000 0.000178
153.500000 0.000436
154.500000 0.000456
155.500000 0.000357
156.500000 0.000258
157.500000 0.000416
158.500000 0.000496
159.500000 0.000218
160.500000 0.000436
161.500000 0.000337
162.500000 0.000456
163.500000 0.000476
164.500000 0.000595
165.500000 0.000515
166.500000 0.000674
167.500000 0.000476
168.500000 0.000496
169.500000 0.000416
170.500000 0.000456
171.500000 0.000694
172.500000 0.000852
173.500000 0.001031
174.500000 0.001011
175.500000 0.001031
176.500000 0.001090
177.500000 0.001090
178.500000 0.001051
179.500000 0.000912
180.500000 0.001110
181.500000 0.001170
182.500000 0.001269
183.500000 0.001388
184.500000 0.001685
185.500000 0.001665
186.500000 0.001566
187.500000 0.001685
188.500000 0.002498
189.500000 0.003231
190.500000 0.002657
191.500000 0.002815
192.500000 0.002795
193.500000 0.002240
194.500000 0.002518
195.500000 0.002538
196.500000 0.003450
197.500000 0.003568
198.500000 0.002914
199.500000 0.002379
200.500000 0.002438
201.500000 0.002676
202.500000 0.002399
203.500000 0.001943
204.500000 0.002498
205.500000 0.002280
206.500000 0.001626
207.500000 0.001527
208.500000 0.001527
209.500000 0.001427
210.500000 0.001150
211.500000 0.001229
212.500000 0.001051
213.500000 0.001011
214.500000 0.000912
215.500000 0.000634
216.500000 0.000694
217.500000 0.000734
218.500000 0.000694
219.500000 0.000813
220.500000 0.000615
221.500000 0.000496
222.500000 0.000674
223.500000 0.000555
224.500000 0.000615
225.500000 0.000555
226.500000 0.000595
227.500000 0.000575
228.500000 0.000595
229.500000 0.000456
230.500000 0.000396
231.500000 0.000515
232.500000 0.000436
233.500000 0.000555
234.500000 0.000436
235.500000 0.000456
236.500000 0.000456
237.500000 0.000337
238.500000 0.000377
239.500000 0.000297
240.500000 0.000535
241.500000 0.000357
242.500000 0.000377
243.500000 0.000357
244.500000 0.000396
245.500000 0.000416
246.500000 0.000317
247.500000 0.000218
248.500000 0.000297
249.500000 0.000357
250.500000 0.000416
251.500000 0.000258
252.500000 0.000436
253.500000 0.000258
254.500000 0.000357
255.500000 0.000337
256.500000 0.000317
257.500000 0.000159
258.500000 0.000218
259.500000 0.000278
260.500000 0.000278
261.500000 0.000258
262.500000 0.000198
263.500000 0.000198
264.500000 0.000099
265.500000 0.000337
266.500000 0.000159
267.500000 0.000317
268.500000 0.000258
269.500000 0.000159
270.500000 0.000198
271.500000 0.000119
272.500000 0.000198
273.500000 0.000159
274.500000 0.000198
275.500000 0.000059
276.500000 0.000159
277.500000 0.000278
278.500000 0.000079
279.500000 0.000218
280.500000 0.000159
281.500000 0.000178
282.500000 0.000178
283.500000 0.000099
284.500000 0.000079
285.500000 0.000099
286.500000 0.000159
287.500000 0.000139
288.500000 0.000178
289.500000 0.000099
290.500000 0.000119
291.500000 0.000059
292.500000 0.000159
293.500000 0.000119
294.500000 0.000079
295.500000 0.000059
296.500000 0.000059
297.500000 0.000139
298.500000 0.000139
299.500000 0.000099
300.500000 0.000139
301.500000 0.000099
302.500000 0.000079
303.500000 0.000178
304.500000 0.000198
305.500000 0.000139
306.500000 0.000139
307.500000 0.000059
308.500000 0.000119
309.500000 0.000119
310.500000 0.000119
311.500000 0.000139
312.500000 0.000198
313.500000 0.000139
314.500000 0.000159
315.500000 0.000059
316.500000 0.000198
317.500000 0.000198
318.500000 0.000119
319.500000 0.000119
320.500000 0.000139
321.500000 0.000238
322.500000 0.000119
323.500000 0.000119
324.500000 0.000178
325.500000 0.000198
326.500000 0.000099
327.500000 0.000198
328.500000 0.000119
329.500000 0.000079
330.500000 0.000198
331.500000 0.000198
332.500000 0.000159
333.500000 0.000218
334.500000 0.000178
335.500000 0.000258
336.500000 0.000119
337.500000 0.000178
338.500000 0.000139
339.500000 0.000278
340.500000 0.000159
341.500000 0.000278
342.500000 0.000198
343.500000 0.000238
344.500000 0.000159
345.500000 0.000198
346.500000 0.000218
347.500000 0.000297
348.500000 0.000178
349.500000 0.000337
350.500000 0.000377
351.500000 0.000218
352.500000 0.000258
353.500000 0.000278
354.500000 0.000258
355.500000 0.000377
356.500000 0.000238
357.500000 0.000416
358.500000 0.000337
359.500000 0.000436
360.500000 0.000357
361.500000 0.000416
362.500000 0.000555
363.500000 0.000476
364.500000 0.000694
365.500000 0.000496
366.500000 0.000932
367.500000 0.000971
368.500000 0.001090
369.500000 0.001467
370.500000 0.001745
371.500000 0.001348
372.500000 0.001130
373.500000 0.001467
374.500000 0.002379
375.500000 0.002300
376.500000 0.002419
377.500000 0.002379
378.500000 0.001824
379.500000 0.002002
380.500000 0.002319
381.500000 0.003053
382.500000 0.003469
383.500000 0.002756
384.500000 0.002577
385.500000 0.002419
386.500000 0.003132
387.500000 0.003787
388.500000 0.003866
389.500000 0.003687
390.500000 0.003311
391.500000 0.002756
392.500000 0.003192
393.500000 0.002280
394.500000 0.002220
395.500000 0.001388
396.500000 0.001348
397.500000 0.001527
398.500000 0.001170
399.500000 0.001209
400.500000 0.001249
401.500000 0.000971
402.500000 0.000971
403.500000 0.001130
404.500000 0.000971
405.500000 0.000872
406.500000 0.000892
407.500000 0.000753
408.500000 0.000833
409.500000 0.000773
410.500000 0.000734
411.500000 0.000714
412.500000 0.000595
413.500000 0.000773
414.500000 0.000734
415.500000 0.000654
416.500000 0.000575
417.500000 0.000674
418.500000 0.000793
419.500000 0.000515
420.500000 0.000555
421.500000 0.000852
422.500000 0.000535
423.500000 0.000634
424.500000 0.000555
425.500000 0.000535
426.500000 0.000337
427.500000 0.000377
428.500000 0.000694
429.500000 0.000575
430.500000 0.000416
431.500000 0.000456
432.500000 0.000654
433.500000 0.000515
434.500000 0.000496
435.500000 0.000377
436.500000 0.000515
437.500000 0.000476
438.500000 0.000357
439.500000 0.000377
440.500000 0.000436
441.500000 0.000436
442.500000 0.000496
443.500000 0.000278
444.500000 0.000456
445.500000 0.000496
446.500000 0.000436
447.500000 0.000297
448.500000 0.000278
449.500000 0.000337
450.500000 0.000337
451.500000 0.000297
452.500000 0.000278
453.500000 0.000218
454.500000 0.000198
455.500000 0.000258
456.500000 0.000159
457.500000 0.000258
458.500000 0.000178
459.500000 0.000178
460.500000 0.000258
461.500000 0.000238
462.500000 0.000139
463.500000 0.000278
464.500000 0.000119
465.500000 0.000119
466.500000 0.000159
467.500000 0.000079
468.500000 0.000059
469.500000 0.000139
470.500000 0.000119
471.500000 0.000198
472.500000 0.000178
473.500000 0.000139
474.500000 0.000099
475.500000 0.000099
476.500000 0.000079
477.500000 0.000099
478.500000 0.000079
479.500000 0.000079
480.500000 0.000139
481.500000 0.000159
482.500000 0.000198
483.500000 0.000119
484.500000 0.000040
485.500000 0.000079
486.500000 0.000139
487.500000 0.000040
488.500000 0.000139
489.500000 0.000119
490.500000 0.000119
491.500000 0.000119
492.500000 0.000119
493.500000 0.000119
494.500000 0.000099
495.500000 0.000059
496.500000 0.000119
497.500000 0.000119
498.500000 0.000099
499.500000 0.000139
500.500000 0.000099
501.500000 0.000079
502.500000 0.000178
503.500000 0.000059
504.500000 0.000059
505.500000 0.000079
506.500000 0.000139
507.500000 0.000159
508.500000 0.000159
509.500000 0.000099
510.500000 0.000198
511.500000 0.000159
512.500000 0.000059
513.500000 0.000198
514.500000 0.000119
515.500000 0.000159
516.500000 0.000020
517.500000 0.000119
518.500000 0.000079
519.500000 0.000059
520.500000 0.000198
521.500000 0.000099
522.500000 0.000139
523.500000 0.000099
524.500000 0.000119
525.500000 0.000238
526.500000 0.000119
527.500000 0.000059
528.500000 0.000040
529.500000 0.000020
530.500000 0.000079
531.500000 0.000059
532.500000 0.000079
533.500000 0.000119
534.500000 0.000119
535.500000 0.000099
536.500000 0.000059
537.500000 0.000139
538.500000 0.000139
539.500000 0.000159
540.500000 0.000079
541.500000 0.000099
542.500000 0.000178
543.500000 0.000178
544.500000 0.000159
545.500000 0.000139
546.500000 0.000079
547.500000 0.000139
548.500000 0.000258
549.500000 0.000159
550.500000 0.000297
551.500000 0.000139
552.500000 0.000159
553.500000 0.000079
554.500000 0.000099
555.500000 0.000258
556.500000 0.000218
557.500000 0.000218
558.500000 0.000297
559.500000 0.000178
560.500000 0.000238
561.500000 0.000258
562.500000 0.000258
563.500000 0.000297
564.500000 0.000357
565.500000 0.000436
566.500000 0.000278
567.500000 0.000357
568.500000 0.000337
569.500000 0.000218
570.500000 0.000159
571.500000 0.000297
572.500000 0.000238
573.500000 0.000139
574.500000 0.000238
575.500000 0.000099
576.500000 0.000258
577.500000 0.000218
578.500000 0.000099
579.500000 0.000198
580.500000 0.000178
581.500000 0.000178
582.500000 0.000278
583.500000 0.000238
584.500000 0.000456
585.500000 0.000258
586.500000 0.000297
587.500000 0.000178
588.500000 0.000218
589.500000 0.000198
590.500000 0.000159
591.500000 0.000238
592.500000 0.000099
593.500000 0.000297
594.500000 0.000357
595.500000 0.000218
596.500000 0.000337
597.500000 0.000396
598.500000 0.000337
599.500000 0.000416
600.500000 0.000416
601.500000 0.000436
602.500000 0.000357
603.500000 0.000297
604.500000 0.000496
605.500000 0.000278
606.500000 0.000436
607.500000 0.000416
608.500000 0.000337
609.500000 0.000396
610.500000 0.000178
611.500000 0.000337
612.500000 0.000238
613.500000 0.000198
614.500000 0.000396
615.500000 0.000139
616.500000 0.000278
617.500000 0.000297
618.500000 0.000238
619.500000 0.000278
620.500000 0.000396
621.500000 0.000337
622.500000 0.000297
623.500000 0.000337
624.500000 0.000337
625.500000 0.000416
626.500000 0.000337
627.500000 0.000436
628.500000 0.000595
629.500000 0.000416
630.500000 0.000555
631.500000 0.000456
632.500000 0.000595
633.500000 0.000436
634.500000 0.000575
635.500000 0.000258
636.500000 0.000377
637.500000 0.000535
638.500000 0.000396
639.500000 0.000476
640.500000 0.000436
641.500000 0.000436
642.500000 0.000337
643.500000 0.000535
644.500000 0.000476
645.500000 0.000555
646.500000 0.000515
647.500000 0.000654
648.500000 0.000456
649.500000 0.000515
650.500000 0.000476
651.500000 0.000595
652.500000 0.000674
653.500000 0.000734
654.500000 0.000734
655.500000 0.000535
656.500000 0.000694
657.500000 0.000634
658.500000 0.000674
659.500000 0.000694
660.500000 0.000773
661.500000 0.000575
662.500000 0.000833
663.500000 0.000734
664.500000 0.000714
665.500000 0.000773
666.500000 0.000833
667.500000 0.001011
668.500000 0.000971
669.500000 0.000932
670.500000 0.000872
671.500000 0.001031
672.500000 0.001071
673.500000 0.001249
674.500000 0.001308
675.500000 0.001388
676.500000 0.001527
677.500000 0.001328
678.500000 0.001487
679.500000 0.001943
680.500000 0.002300
681.500000 0.002101
682.500000 0.002458
683.500000 0.002954
684.500000 0.003132
685.500000 0.003469
686.500000 0.004956
687.500000 0.006681
688.500000 0.007236
689.500000 0.007890
690.500000 0.008862
691.500000 0.008326
692.500000 0.009278
693.500000 0.008981
694.500000 0.009219
695.500000 0.008564
696.500000 0.006304
697.500000 0.005908
698.500000 0.006165
699.500000 0.005710
700.500000 0.006284
701.500000 0.005551
702.500000 0.005452
703.500000 0.006384
704.500000 0.005293
705.500000 0.004917
706.500000 0.005313
707.500000 0.003965
708.500000 0.003033
709.500000 0.002538
710.500000 0.001903
711.500000 0.001130
712.500000 0.001071
713.500000 0.000694
714.500000 0.000734
715.500000 0.000793
716.500000 0.000634
717.500000 0.000496
718.500000 0.000852
719.500000 0.000476
720.500000 0.000297
721.500000 0.000278
722.500000 0.000436
723.500000 0.000297
724.500000 0.000317
725.500000 0.000396
726.500000 0.000278
727.500000 0.000198
728.500000 0.000238
729.500000 0.000297
730.500000 0.000357
731.500000 0.000218
732.500000 0.000218
733.500000 0.000159
734.500000 0.000178
735.500000 0.000139
736.500000 0.000079
737.500000 0.000218
738.500000 0.000198
739.500000 0.000099
740.500000 0.000139
741.500000 0.000059
742.500000 0.000198
743.500000 0.000198
744.500000 0.000139
745.500000 0.000198
746.500000 0.000119
747.500000 0.000218
748.500000 0.000079
749.500000 0.000099
750.500000 0.000178
751.500000 0.000099
752.500000 0.000059
753.500000 0.000238
754.500000 0.000258
755.500000 0.000119
756.500000 0.000198
757.500000 0.000139
758.500000 0.000099
759.500000 0.000099
760.500000 0.000059
761.500000 0.000059
762.500000 0.000119
763.500000 0.000020
764.500000 0.000040
765.500000 0.000040
766.500000 0.000059
767.500000 0.000079
768.500000 0.000059
769.500000 0.000139
770.500000 0.000059
771.500000 0.000000
772.500000 0.000079
773.500000 0.000119
774.500000 0.000040
775.500000 0.000040
776.500000 0.000099
777.500000 0.000139
778.500000 0.000079
779.500000 0.000040
780.500000 0.000040
781.500000 0.000059
782.500000 0.000119
783.500000 0.000159
784.500000 0.000000
785.500000 0.000059
786.500000 0.000059
787.500000 0.000119
788.500000 0.000059
789.500000 0.000040
790.500000 0.000099
791.500000 0.000040
792.500000 0.000040
793.500000 0.000059
794.500000 0.000059
795.500000 0.000040
796.500000 0.000020
797.500000 0.000020
798.500000 0.000139
799.500000 0.000040
800.500000 0.000059
801.500000 0.000119
802.500000 0.000059
803.500000 0.000040
804.500000 0.000119
805.500000 0.000079
806.500000 0.000159
807.500000 0.000099
808.500000 0.000159
809.500000 0.000059
810.500000 0.000159
811.500000 0.000059
812.500000 0.000099
813.500000 0.000000
814.500000 0.000079
815.500000 0.000099
816.500000 0.000059
817.500000 0.000099
818.500000 0.000099
819.500000 0.000218
820.500000 0.000099
821.500000 0.000059
822.500000 0.000059
823.500000 0.000139
824.500000 0.000099
825.500000 0.000139
826.500000 0.000059
827.500000 0.000079
828.500000 0.000059
829.500000 0.000079
830.500000 0.000119
831.500000 0.000099
832.500000 0.000139
833.500000 0.000079
834.500000 0.000059
835.500000 0.000119
836.500000 0.000139
837.500000 0.000139
838.500000 0.000079
839.500000 0.000238
840.500000 0.000119
841.500000 0.000119
842.500000 0.000218
843.500000 0.000198
844.500000 0.000119
845.500000 0.000198
846.500000 0.000317
847.500000 0.000218
848.500000 0.000159
849.500000 0.000238
850.500000 0.000238
851.500000 0.000198
852.500000 0.000198
853.500000 0.000238
854.500000 0.000258
855.500000 0.000119
856.500000 0.000416
857.500000 0.000396
858.500000 0.000297
859.500000 0.000297
860.500000 0.000496
861.500000 0.000416
862.500000 0.000595
863.500000 0.000615
864.500000 0.000595
865.500000 0.000694
866.500000 0.000734
867.500000 0.000634
868.500000 0.000694
869.500000 0.000515
870.500000 0.000674
871.500000 0.000674
872.500000 0.000734
873.500000 0.000515
874.500000 0.000872
875.500000 0.000852
876.500000 0.000714
877.500000 0.000714
878.500000 0.000654
879.500000 0.000971
880.500000 0.001189
881.500000 0.000971
882.500000 0.001150
883.500000 0.001150
884.500000 0.001051
885.500000 0.000892
886.500000 0.000971
887.500000 0.001031
888.500000 0.001090
889.500000 0.001249
890.500000 0.001269
891.500000 0.001071
892.500000 0.001130
893.500000 0.000991
894.500000 0.001566
895.500000 0.001249
896.500000 0.001388
897.500000 0.001011
898.500000 0.001408
899.500000 0.001527
900.500000 0.001665
901.500000 0.001665
902.500000 0.001368
903.500000 0.001665
904.500000 0.001606
905.500000 0.001824
906.500000 0.001963
907.500000 0.001844
908.500000 0.001883
909.500000 0.001745
910.500000 0.001527
911.500000 0.001348
912.500000 0.001408
913.500000 0.000971
914.500000 0.001051
915.500000 0.001011
916.500000 0.000793
917.500000 0.000991
918.500000 0.000634
919.500000 0.000734
920.500000 0.000634
921.500000 0.001031
922.500000 0.000694
923.500000 0.000734
924.500000 0.000595
925.500000 0.000535
926.500000 0.000654
927.500000 0.000773
928.500000 0.000773
929.500000 0.000496
930.500000 0.000654
931.500000 0.000515
932.500000 0.000615
933.500000 0.000476
934.500000 0.000357
935.500000 0.000654
936.500000 0.000476
937.500000 0.000555
938.500000 0.000496
939.500000 0.000337
940.500000 0.000694
941.500000 0.000615
942.500000 0.000416
943.500000 0.000436
944.500000 0.000377
945.500000 0.000416
946.500000 0.000555
947.500000 0.000496
948.500000 0.000317
949.500000 0.000357
950.500000 0.000416
951.500000 0.000416
952.500000 0.000436
953.500000 0.000476
954.500000 0.000515
955.500000 0.000436
956.500000 0.000396
957.500000 0.000496
958.500000 0.000575
959.500000 0.000297
960.500000 0.000258
961.500000 0.000416
962.500000 0.000357
963.500000 0.000337
964.500000 0.000218
965.500000 0.000337
966.500000 0.000238
967.500000 0.000198
968.500000 0.000317
969.500000 0.000238
970.500000 0.000139
971.500000 0.000238
972.500000 0.000317
973.500000 0.000396
974.500000 0.000357
975.500000 0.000198
976.500000 0.000278
977.500000 0.000396
978.500000 0.000278
979.500000 0.000297
980.500000 0.000178
981.500000 0.000357
982.500000 0.000278
983.500000 0.000377
984.500000 0.000357
985.500000 0.000178
986.500000 0.000317
987.500000 0.000377
988.500000 0.000178
989.500000 0.000159
990.500000 0.000198
991.500000 0.000317
992.500000 0.000218
993.500000 0.000278
994.500000 0.000218
995.500000 0.000178
996.500000 0.000238
997.500000 0.000238
998.500000 0.000297
999.500000 0.000218
1000.500000 0.000238
1001.500000 0.000218
1002.500000 0.000218
1003.500000 0.000139
1004.500000 0.000258
1005.500000 0.000178
1006.500000 0.000178
1007.500000 0.000198
1008.500000 0.000178
1009.500000 0.000159
1010.500000 0.000218
1011.500000 0.000159
1012.500000 0.000198
1013.500000 0.000198
1014.500000 0.000238
1015.500000 0.000297
1016.500000 0.000218
1017.500000 0.000218
1018.500000 0.000178
1019.500000 0.000238
1020.500000 0.000139
1021.500000 0.000218
1022.500000 0.000159
1023.500000 0.000178
1024.500000 0.000119
1025.500000 0.000218
1026.500000 0.000139
1027.500000 0.000218
1028.500000 0.000159
1029.500000 0.000178
1030.500000 0.000198
1031.500000 0.000317
1032.500000 0.000297
1033.500000 0.000198
1034.500000 0.000178
1035.500000 0.000238
1036.500000 0.000258
1037.500000 0.000198
1038.500000 0.000258
1039.500000 0.000218
1040.500000 0.000297
1041.500000 0.000258
1042.500000 0.000178
1043.500000 0.000357
1044.500000 0.000198
1045.500000 0.000278
1046.500000 0.000416
1047.500000 0.000317
1048.500000 0.000317
1049.500000 0.000476
1050.500000 0.000297
1051.500000 0.000377
1052.500000 0.000317
1053.500000 0.000377
1054.500000 0.000436
1055.500000 0.000535
1056.500000 0.000476
1057.500000 0.000377
1058.500000 0.000297
1059.500000 0.000416
1060.500000 0.000496
1061.500000 0.000515
1062.500000 0.000535
1063.500000 0.000694
1064.500000 0.000694
1065.500000 0.000932
1066.500000 0.000753
1067.500000 0.000793
1068.500000 0.000773
1069.500000 0.000872
1070.500000 0.000793
1071.500000 0.001031
1072.500000 0.001209
1073.500000 0.001031
1074.500000 0.001170
1075.500000 0.000971
1076.500000 0.001328
1077.500000 0.001071
1078.500000 0.001170
1079.500000 0.001011
1080.500000 0.001507
1081.500000 0.001289
1082.500000 0.001388
1083.500000 0.001685
1084.500000 0.001626
1085.500000 0.001685
1086.500000 0.001427
1087.500000 0.001824
1088.500000 0.001784
1089.500000 0.001784
1090.500000 0.001963
1091.500000 0.002280
1092.500000 0.002161
1093.500000 0.002300
1094.500000 0.002478
1095.500000 0.002319
1096.500000 0.002280
1097.500000 0.002022
1098.500000 0.002478
1099.500000 0.002597
1100.500000 0.002994
1101.500000 0.003945
1102.500000 0.003925
1103.500000 0.003390
1104.500000 0.003588
1105.500000 0.003529
1106.500000 0.003053
1107.500000 0.002518
1108.500000 0.002201
1109.500000 0.002300
1110.500000 0.002181
1111.500000 0.001864
1112.500000 0.001507
1113.500000 0.001507
1114.500000 0.001844
1115.500000 0.001308
1116.500000 0.001289
1117.500000 0.001447
1118.500000 0.001071
1119.500000 0.001269
1120.500000 0.001308
1121.500000 0.001269
1122.500000 0.001427
1123.500000 0.001249
1124.500000 0.000952
1125.500000 0.001170
1126.500000 0.001130
1127.500000 0.000852
1128.500000 0.000694
1129.500000 0.000813
1130.500000 0.001249
1131.500000 0.001011
1132.500000 0.000872
1133.500000 0.001170
1134.500000 0.001090
1135.500000 0.001071
1136.500000 0.000952
1137.500000 0.000912
1138.500000 0.000852
1139.500000 0.000952
1140.500000 0.000932
1141.500000 0.000852
1142.500000 0.001189
1143.500000 0.000852
1144.500000 0.001150
1145.500000 0.000932
1146.500000 0.000991
1147.500000 0.000932
1148.500000 0.001071
1149.500000 0.000991
1150.500000 0.001150
1151.500000 0.000912
1152.500000 0.001071
1153.500000 0.001071
1154.500000 0.001071
1155.500000 0.000952
1156.500000 0.001110
1157.500000 0.001289
1158.500000 0.000991
1159.500000 0.000952
1160.500000 0.001110
1161.500000 0.001388
1162.500000 0.001229
1163.500000 0.000852
1164.500000 0.001031
1165.500000 0.001487
1166.500000 0.001308
1167.500000 0.001249
1168.500000 0.001249
1169.500000 0.001130
1170.500000 0.001269
1171.500000 0.001209
1172.500000 0.001229
1173.500000 0.001388
1174.500000 0.000971
1175.500000 0.001269
1176.500000 0.001586
1177.500000 0.001388
1178.500000 0.001328
1179.500000 0.000971
1180.500000 0.001665
1181.500000 0.001566
1182.500000 0.001745
1183.500000 0.001665
1184.500000 0.001923
1185.500000 0.002319
1186.500000 0.002657
1187.500000 0.002696
1188.500000 0.003509
1189.500000 0.003529
1190.500000 0.004302
1191.500000 0.004798
1192.500000 0.005928
1193.500000 0.006344
1194.500000 0.008703
1195.500000 0.010408
1196.500000 0.011161
1197.500000 0.010745
1198.500000 0.011578
1199.500000 0.011042
