0.500000 0.005742
1.500000 0.005185
2.500000 0.006042
3.500000 0.004585
4.500000 0.003385
5.500000 0.002357
6.500000 0.002357
7.500000 0.002057
8.500000 0.002143
9.500000 0.001714
10.500000 0.002357
11.500000 0.002014
12.500000 0.001757
13.500000 0.002314
14.500000 0.002100
15.500000 0.001500
16.500000 0.001457
17.500000 0.001586
18.500000 0.000986
19.500000 0.000771
20.500000 0.000771
21.500000 0.000600
22.500000 0.000728
23.500000 0.000514
24.500000 0.000686
25.500000 0.000728
26.500000 0.001157
27.500000 0.000814
28.500000 0.000429
29.500000 0.000986
30.500000 0.000728
31.500000 0.000471
32.500000 0.000514
33.500000 0.000557
34.500000 0.000300
35.500000 0.000343
36.500000 0.000386
37.500000 0.000429
38.500000 0.000471
39.500000 0.000686
40.500000 0.000300
41.500000 0.000386
42.500000 0.000557
43.500000 0.000171
44.500000 0.000386
45.500000 0.000257
46.500000 0.000300
47.500000 0.000257
48.500000 0.000343
49.500000 0.000214
50.500000 0.000257
51.500000 0.000429
52.500000 0.000429
53.500000 0.000514
54.500000 0.000214
55.500000 0.000300
56.500000 0.000386
57.500000 0.000086
58.500000 0.000171
59.500000 0.000300
60.500000 0.000129
61.500000 0.000214
62.500000 0.000171
63.500000 0.000043
64.500000 0.000171
65.500000 0.000086
66.500000 0.000129
67.500000 0.000214
68.500000 0.000129
69.500000 0.000214
70.500000 0.000214
71.500000 0.000343
72.500000 0.000386
73.500000 0.000300
74.500000 0.000257
75.500000 0.000129
76.500000 0.000171
77.500000 0.000300
78.500000 0.000214
79.500000 0.000000
80.500000 0.000129
81.500000 0.000214
82.500000 0.000171
83.500000 0.000129
84.500000 0.000171
85.500000 0.000171
86.500000 0.000343
87.500000 0.000043
88.500000 0.000129
89.500000 0.000129
90.500000 0.000214
91.500000 0.000214
92.500000 0.000043
93.500000 0.000129
94.500000 0.000214
95.500000 0.000086
96.500000 0.000343
97.500000 0.000043
98.500000 0.000043
99.500000 0.000214
100.500000 0.000257
101.500000 0.000171
102.500000 0.000043
103.500000 0.000214
104.500000 0.000171
105.500000 0.000171
106.500000 0.000043
107.500000 0.000171
108.500000 0.000214
109.500000 0.000171
110.500000 0.000086
111.500000 0.000429
112.500000 0.000214
113.500000 0.000300
114.500000 0.000086
115.500000 0.000214
116.500000 0.000171
117.500000 0.000129
118.500000 0.000129
119.500000 0.000429
120.500000 0.000214
121.500000 0.000129
122.500000 0.000214
123.500000 0.000257
124.500000 0.000214
125.500000 0.000257
126.500000 0.000343
127.500000 0.000386
128.500000 0.000214
129.500000 0.000600
130.500000 0.000386
131.500000 0.000471
132.500000 0.000429
133.500000 0.000386
134.500000 0.000471
135.500000 0.000214
136.500000 0.000386
137.500000 0.000343
138.500000 0.000471
139.500000 0.000343
140.500000 0.000300
141.500000 0.000386
142.500000 0.000257
143.500000 0.000343
144.500000 0.000557
145.500000 0.000257
146.500000 0.000514
147.500000 0.000429
148.500000 0.000600
149.500000 0.000771
150.500000 0.000471
151.500000 0.000557
152.500000 0.000429
153.500000 0.000728
154.500000 0.000600
155.500000 0.000857
156.500000 0.000643
157.500000 0.000771
158.500000 0.000643
159.500000 0.000600
160.500000 0.000728
161.500000 0.000814
162.500000 0.000857
163.500000 0.000857
164.500000 0.000857
165.500000 0.001071
166.500000 0.000986
167.500000 0.001243
168.500000 0.001028
169.500000 0.000943
170.500000 0.000943
171.500000 0.001628
172.500000 0.001114
173.500000 0.001028
174.500000 0.001414
175.500000 0.001157
176.500000 0.001371
177.500000 0.002057
178.500000 0.002185
179.500000 0.001586
180.500000 0.002100
181.500000 0.001928
182.500000 0.002357
183.500000 0.001714
184.500000 0.001457
185.500000 0.002185
186.500000 0.002528
187.500000 0.002357
188.500000 0.001885
189.500000 0.002228
190.500000 0.002057
191.500000 0.002657
192.500000 0.002357
193.500000 0.002271
194.500000 0.001714
195.500000 0.001286
196.500000 0.001286
197.500000 0.001543
198.500000 0.001671
199.500000 0.001928
200.500000 0.002100
201.500000 0.002228
202.500000 0.002185
203.500000 0.002014
204.500000 0.002014
205.500000 0.001371
206.500000 0.001971
207.500000 0.001286
208.500000 0.001286
209.500000 0.001843
210.500000 0.001414
211.500000 0.002314
212.500000 0.001586
213.500000 0.001414
214.500000 0.001157
215.500000 0.000728
216.500000 0.001671
217.500000 0.001457
218.500000 0.001243
219.500000 0.000986
220.500000 0.000986
221.500000 0.001328
222.500000 0.001500
223.500000 0.000986
224.500000 0.001028
225.500000 0.000986
226.500000 0.000643
227.500000 0.000686
228.500000 0.000686
229.500000 0.000514
230.500000 0.000471
231.500000 0.000643
232.500000 0.000643
233.500000 0.000429
234.500000 0.000728
235.500000 0.000557
236.500000 0.000471
237.500000 0.000600
238.500000 0.000686
239.500000 0.000386
240.500000 0.000429
241.500000 0.000471
242.500000 0.000471
243.500000 0.000300
244.500000 0.000857
245.500000 0.000257
246.500000 0.000429
247.500000 0.000300
248.500000 0.000257
249.500000 0.000343
250.500000 0.000171
251.500000 0.000343
252.500000 0.000300
253.500000 0.000429
254.500000 0.000386
255.500000 0.000429
256.500000 0.000429
257.500000 0.000343
258.500000 0.000343
259.500000 0.000171
260.500000 0.000429
261.500000 0.000171
262.500000 0.000129
263.500000 0.000300
264.500000 0.000171
265.500000 0.000257
266.500000 0.000214
267.500000 0.000214
268.500000 0.000471
269.500000 0.000214
270.500000 0.000343
271.500000 0.000300
272.500000 0.000343
273.500000 0.000129
274.500000 0.000214
275.500000 0.000343
276.500000 0.000214
277.500000 0.000214
278.500000 0.000129
279.500000 0.000343
280.500000 0.000214
281.500000 0.000386
282.500000 0.000300
283.500000 0.000214
284.500000 0.000300
285.500000 0.000257
286.500000 0.000129
287.500000 0.000386
288.500000 0.000043
289.500000 0.000343
290.500000 0.000086
291.500000 0.000257
292.500000 0.000171
293.500000 0.000257
294.500000 0.000129
295.500000 0.000129
296.500000 0.000257
297.500000 0.000086
298.500000 0.000171
299.500000 0.000171
300.500000 0.000214
301.500000 0.000471
302.500000 0.000300
303.500000 0.000171
304.500000 0.000129
305.500000 0.000214
306.500000 0.000043
307.500000 0.000300
308.500000 0.000086
309.500000 0.000257
310.500000 0.000386
311.500000 0.000171
312.500000 0.000043
313.500000 0.000043
314.500000 0.000214
315.500000 0.000043
316.500000 0.000300
317.500000 0.000086
318.500000 0.000257
319.500000 0.000171
320.500000 0.000214
321.500000 0.000300
322.500000 0.000171
323.500000 0.000129
324.500000 0.000300
325.500000 0.000171
326.500000 0.000214
327.500000 0.000086
328.500000 0.000514
329.500000 0.000043
330.500000 0.000129
331.500000 0.000300
332.500000 0.000257
333.500000 0.000257
334.500000 0.000343
335.500000 0.000214
336.500000 0.000171
337.500000 0.000300
338.500000 0.000086
339.500000 0.000257
340.500000 0.000257
341.500000 0.000214
342.500000 0.000343
343.500000 0.000300
344.500000 0.000171
345.500000 0.000257
346.500000 0.000429
347.500000 0.000386
348.500000 0.000343
349.500000 0.000300
350.500000 0.000343
351.500000 0.000300
352.500000 0.000600
353.500000 0.000514
354.500000 0.000429
355.500000 0.000257
356.500000 0.000343
357.500000 0.000986
358.500000 0.000686
359.500000 0.000814
360.500000 0.000771
361.500000 0.001243
362.500000 0.000814
363.500000 0.001028
364.500000 0.000686
365.500000 0.000943
366.500000 0.000600
367.500000 0.000771
368.500000 0.001500
369.500000 0.001757
370.500000 0.002100
371.500000 0.003085
372.500000 0.003685
373.500000 0.003771
374.500000 0.004714
375.500000 0.003557
376.500000 0.003171
377.500000 0.002914
378.500000 0.003814
379.500000 0.003600
380.500000 0.004242
381.500000 0.001928
382.500000 0.001757
383.500000 0.002185
384.500000 0.002228
385.500000 0.002228
386.500000 0.001328
387.500000 0.001628
388.500000 0.001286
389.500000 0.001414
390.500000 0.001757
391.500000 0.001586
392.500000 0.001328
393.500000 0.001371
394.500000 0.001414
395.500000 0.001414
396.500000 0.001543
397.500000 0.001286
398.500000 0.001371
399.500000 0.001586
400.500000 0.001157
401.500000 0.001114
402.500000 0.001028
403.500000 0.001071
404.500000 0.001243
405.500000 0.001028
406.500000 0.000943
407.500000 0.000814
408.500000 0.000943
409.500000 0.000986
410.500000 0.001028
411.500000 0.001114
412.500000 0.001028
413.500000 0.000943
414.500000 0.000771
415.500000 0.000814
416.500000 0.000943
417.500000 0.000643
418.500000 0.000728
419.500000 0.000557
420.500000 0.000643
421.500000 0.000728
422.500000 0.001071
423.500000 0.000771
424.500000 0.000643
425.500000 0.000986
426.500000 0.000900
427.500000 0.000771
428.500000 0.000771
429.500000 0.000643
430.500000 0.000471
431.500000 0.000300
432.500000 0.001071
433.500000 0.000514
434.500000 0.000986
435.500000 0.000643
436.500000 0.000643
437.500000 0.000429
438.500000 0.000643
439.500000 0.000557
440.500000 0.000643
441.500000 0.000429
442.500000 0.000814
443.500000 0.000429
444.500000 0.000600
445.500000 0.000600
446.500000 0.000771
447.500000 0.000771
448.500000 0.000514
449.500000 0.000600
450.500000 0.000600
451.500000 0.000857
452.500000 0.000429
453.500000 0.001114
454.500000 0.000429
455.500000 0.000386
456.500000 0.000386
457.500000 0.000514
458.500000 0.000429
459.500000 0.000514
460.500000 0.000300
461.500000 0.000471
462.500000 0.000643
463.500000 0.000343
464.500000 0.000471
465.500000 0.000643
466.500000 0.000129
467.500000 0.000386
468.500000 0.000300
469.500000 0.000214
470.500000 0.000471
471.500000 0.000471
472.500000 0.000557
473.500000 0.000471
474.500000 0.000300
475.500000 0.000557
476.500000 0.000386
477.500000 0.000429
478.500000 0.000343
479.500000 0.000386
480.500000 0.000129
481.500000 0.000471
482.500000 0.000343
483.500000 0.000171
484.500000 0.000043
485.500000 0.000386
486.500000 0.000086
487.500000 0.000257
488.500000 0.000214
489.500000 0.000257
490.500000 0.000429
491.500000 0.000514
492.500000 0.000214
493.500000 0.000171
494.500000 0.000386
495.500000 0.000171
496.500000 0.000171
497.500000 0.000043
498.500000 0.000257
499.500000 0.000043
500.500000 0.000129
501.500000 0.000214
502.500000 0.000129
503.500000 0.000043
504.500000 0.000043
505.500000 0.000086
506.500000 0.000214
507.500000 0.000171
508.500000 0.000171
509.500000 0.000214
510.500000 0.000129
511.500000 0.000129
512.500000 0.000171
513.500000 0.000171
514.500000 0.000257
515.500000 0.000129
516.500000 0.000214
517.500000 0.000043
518.500000 0.000043
519.500000 0.000086
520.500000 0.000171
521.500000 0.000129
522.500000 0.000214
523.500000 0.000086
524.500000 0.000086
525.500000 0.000171
526.500000 0.000129
527.500000 0.000043
528.500000 0.000171
529.500000 0.000086
530.500000 0.000043
531.500000 0.000086
532.500000 0.000129
533.500000 0.000214
534.500000 0.000214
535.500000 0.000043
536.500000 0.000043
537.500000 0.000043
538.500000 0.000214
539.500000 0.000214
540.500000 0.000214
541.500000 0.000214
542.500000 0.000000
543.500000 0.000171
544.500000 0.000086
545.500000 0.000214
546.500000 0.000129
547.500000 0.000086
548.500000 0.000129
549.500000 0.000086
550.500000 0.000257
551.500000 0.000129
552.500000 0.000214
553.500000 0.000300
554.500000 0.000129
555.500000 0.000129
556.500000 0.000129
557.500000 0.000129
558.500000 0.000086
559.500000 0.000043
560.500000 0.000257
561.500000 0.000043
562.500000 0.000043
563.500000 0.000043
564.500000 0.000086
565.500000 0.000257
566.500000 0.000086
567.500000 0.000129
568.500000 0.000171
569.500000 0.000171
570.500000 0.000171
571.500000 0.000043
572.500000 0.000429
573.500000 0.000086
574.500000 0.000129
575.500000 0.000129
576.500000 0.000043
577.500000 0.000129
578.500000 0.000086
579.500000 0.000214
580.500000 0.000171
581.500000 0.000257
582.500000 0.000214
583.500000 0.000386
584.500000 0.000171
585.500000 0.000171
586.500000 0.000300
587.500000 0.000129
588.500000 0.000043
589.500000 0.000171
590.500000 0.000343
591.500000 0.000429
592.500000 0.000300
593.500000 0.000471
594.500000 0.000471
595.500000 0.000343
596.500000 0.000343
597.500000 0.000300
598.500000 0.000471
599.500000 0.000429
600.500000 0.000386
601.500000 0.000600
602.500000 0.000343
603.500000 0.000300
604.500000 0.000300
605.500000 0.000343
606.500000 0.000514
607.500000 0.000429
608.500000 0.000257
609.500000 0.000300
610.500000 0.000300
611.500000 0.000129
612.500000 0.000514
613.500000 0.000171
614.500000 0.000129
615.500000 0.000257
616.500000 0.000343
617.500000 0.000300
618.500000 0.000214
619.500000 0.000257
620.500000 0.000514
621.500000 0.000214
622.500000 0.000343
623.500000 0.000300
624.500000 0.000514
625.500000 0.000300
626.500000 0.000300
627.500000 0.000471
628.500000 0.000643
629.500000 0.000214
630.500000 0.000386
631.500000 0.000300
632.500000 0.000343
633.500000 0.000300
634.500000 0.000429
635.500000 0.000214
636.500000 0.000257
637.500000 0.000857
638.500000 0.000514
639.500000 0.000471
640.500000 0.000429
641.500000 0.000343
642.500000 0.000471
643.500000 0.000386
644.500000 0.000429
645.500000 0.000643
646.500000 0.000300
647.500000 0.000471
648.500000 0.000728
649.500000 0.000600
650.500000 0.000514
651.500000 0.000343
652.500000 0.000771
653.500000 0.000814
654.500000 0.000643
655.500000 0.000986
656.500000 0.000686
657.500000 0.000728
658.500000 0.000686
659.500000 0.000857
660.500000 0.000986
661.500000 0.000728
662.500000 0.000857
663.500000 0.001157
664.500000 0.001071
665.500000 0.000900
666.500000 0.000900
667.500000 0.001371
668.500000 0.001243
669.500000 0.001200
670.500000 0.001243
671.500000 0.001286
672.500000 0.001500
673.500000 0.001414
674.500000 0.001500
675.500000 0.001757
676.500000 0.001328
677.500000 0.001500
678.500000 0.002614
679.500000 0.001457
680.500000 0.001457
681.500000 0.002014
682.500000 0.002057
683.500000 0.001328
684.500000 0.001843
685.500000 0.002100
686.500000 0.002443
687.500000 0.003171
688.500000 0.003300
689.500000 0.002357
690.500000 0.003171
691.500000 0.003428
692.500000 0.003471
693.500000 0.003557
694.500000 0.003900
695.500000 0.006042
696.500000 0.007671
697.500000 0.005271
698.500000 0.005871
699.500000 0.004371
700.500000 0.004757
701.500000 0.005014
702.500000 0.005228
703.500000 0.006128
704.500000 0.004928
705.500000 0.004542
706.500000 0.004242
707.500000 0.003942
708.500000 0.004457
709.500000 0.003942
710.500000 0.003128
711.500000 0.002443
712.500000 0.001843
713.500000 0.001628
714.500000 0.001757
715.500000 0.001286
716.500000 0.001243
717.500000 0.001243
718.500000 0.000814
719.500000 0.000600
720.500000 0.000771
721.500000 0.000557
722.500000 0.000600
723.500000 0.001028
724.500000 0.000471
725.500000 0.000771
726.500000 0.000471
727.500000 0.000600
728.500000 0.000514
729.500000 0.000600
730.500000 0.000300
731.500000 0.000514
732.500000 0.000471
733.500000 0.000343
734.500000 0.000171
735.500000 0.000471
736.500000 0.000300
737.500000 0.000600
738.500000 0.000514
739.500000 0.000386
740.500000 0.000043
741.500000 0.000257
742.500000 0.000214
743.500000 0.000257
744.500000 0.000129
745.500000 0.000129
746.500000 0.000257
747.500000 0.000000
748.500000 0.000086
749.500000 0.000214
750.500000 0.000086
751.500000 0.000171
752.500000 0.000086
753.500000 0.000171
754.500000 0.000129
755.500000 0.000043
756.500000 0.000043
757.500000 0.000129
758.500000 0.000129
759.500000 0.000086
760.500000 0.000086
761.500000 0.000086
762.500000 0.000171
763.500000 0.000086
764.500000 0.000043
765.500000 0.000086
766.500000 0.000171
767.500000 0.000086
768.500000 0.000000
769.500000 0.000214
770.500000 0.000086
771.500000 0.000000
772.500000 0.000086
773.500000 0.000043
774.500000 0.000043
775.500000 0.000043
776.500000 0.000171
777.500000 0.000043
778.500000 0.000000
779.500000 0.000000
780.500000 0.000043
781.500000 0.000043
782.500000 0.000086
783.500000 0.000171
784.500000 0.000043
785.500000 0.000043
786.500000 0.000000
787.500000 0.000000
788.500000 0.000000
789.500000 0.000086
790.500000 0.000000
791.500000 0.000171
792.500000 0.000214
793.500000 0.000043
794.500000 0.000000
795.500000 0.000129
796.500000 0.000171
797.500000 0.000043
798.500000 0.000043
799.500000 0.000043
800.500000 0.000214
801.500000 0.000043
802.500000 0.000171
803.500000 0.000043
804.500000 0.000043
805.500000 0.000043
806.500000 0.000043
807.500000 0.000043
808.500000 0.000086
809.500000 0.000043
810.500000 0.000086
811.500000 0.000086
812.500000 0.000171
813.500000 0.000043
814.500000 0.000043
815.500000 0.000086
816.500000 0.000086
817.500000 0.000214
818.500000 0.000043
819.500000 0.000043
820.500000 0.000129
821.500000 0.000129
822.500000 0.000214
823.500000 0.000043
824.500000 0.000086
825.500000 0.000129
826.500000 0.000086
827.500000 0.000043
828.500000 0.000000
829.500000 0.000129
830.500000 0.000043
831.500000 0.000214
832.500000 0.000171
833.500000 0.000257
834.500000 0.000129
835.500000 0.000129
836.500000 0.000171
837.500000 0.000171
838.500000 0.000086
839.500000 0.000000
840.500000 0.000129
841.500000 0.000214
842.500000 0.000343
843.500000 0.000043
844.500000 0.000171
845.500000 0.000171
846.500000 0.000043
847.500000 0.000086
848.500000 0.000429
849.500000 0.000086
850.500000 0.000086
851.500000 0.000129
852.500000 0.000214
853.500000 0.000086
854.500000 0.000300
855.500000 0.000171
856.500000 0.000300
857.500000 0.000257
858.500000 0.000129
859.500000 0.000257
860.500000 0.000343
861.500000 0.000471
862.500000 0.000514
863.500000 0.000343
864.500000 0.000257
865.500000 0.000471
866.500000 0.000557
867.500000 0.000429
868.500000 0.000386
869.500000 0.000429
870.500000 0.000600
871.500000 0.000300
872.500000 0.000643
873.500000 0.000643
874.500000 0.000600
875.500000 0.000600
876.500000 0.000471
877.500000 0.000728
878.500000 0.000814
879.500000 0.000771
880.500000 0.000857
881.500000 0.000900
882.500000 0.001286
883.500000 0.001071
884.500000 0.001071
885.500000 0.000814
886.500000 0.000900
887.500000 0.000429
888.500000 0.000643
889.500000 0.000771
890.500000 0.001028
891.500000 0.000900
892.500000 0.001586
893.500000 0.001114
894.500000 0.000943
895.500000 0.001543
896.500000 0.001414
897.500000 0.001200
898.500000 0.001500
899.500000 0.001671
900.500000 0.001628
901.500000 0.001457
902.500000 0.001371
903.500000 0.001543
904.500000 0.000986
905.500000 0.000771
906.500000 0.001243
907.500000 0.001286
908.500000 0.001714
909.500000 0.001671
910.500000 0.001286
911.500000 0.001414
912.500000 0.002528
913.500000 0.001843
914.500000 0.001757
915.500000 0.001286
916.500000 0.001243
917.500000 0.000900
918.500000 0.001028
919.500000 0.000600
920.500000 0.000986
921.500000 0.000643
922.500000 0.000600
923.500000 0.000900
924.500000 0.000728
925.500000 0.000514
926.500000 0.000900
927.500000 0.000471
928.500000 0.000771
929.500000 0.000471
930.500000 0.000900
931.500000 0.000643
932.500000 0.000686
933.500000 0.000557
934.500000 0.000557
935.500000 0.000429
936.500000 0.000728
937.500000 0.000471
938.500000 0.000300
939.500000 0.000471
940.500000 0.000557
941.500000 0.000471
942.500000 0.000429
943.500000 0.000386
944.500000 0.000643
945.500000 0.000386
946.500000 0.000386
947.500000 0.000386
948.500000 0.000429
949.500000 0.000343
950.500000 0.000471
951.500000 0.000257
952.500000 0.000386
953.500000 0.000300
954.500000 0.000386
955.500000 0.000514
956.500000 0.000171
957.500000 0.000171
958.500000 0.000171
959.500000 0.000643
960.500000 0.000471
961.500000 0.000257
962.500000 0.000429
963.500000 0.000300
964.500000 0.000171
965.500000 0.000343
966.500000 0.000171
967.500000 0.000214
968.500000 0.000471
969.500000 0.000300
970.500000 0.000386
971.500000 0.000386
972.500000 0.000257
973.500000 0.000214
974.500000 0.000343
975.500000 0.000300
976.500000 0.000214
977.500000 0.000043
978.500000 0.000343
979.500000 0.000300
980.500000 0.000300
981.500000 0.000086
982.500000 0.000471
983.500000 0.000129
984.500000 0.000300
985.500000 0.000129
986.500000 0.000386
987.500000 0.000386
988.500000 0.000300
989.500000 0.000343
990.500000 0.000343
991.500000 0.000300
992.500000 0.000429
993.500000 0.000300
994.500000 0.000214
995.500000 0.000386
996.500000 0.000171
997.500000 0.000257
998.500000 0.000300
999.500000 0.000171
1000.500000 0.000300
1001.500000 0.000214
1002.500000 0.000257
1003.500000 0.000214
1004.500000 0.000429
1005.500000 0.000343
1006.500000 0.000386
1007.500000 0.000471
1008.500000 0.000171
1009.500000 0.000300
1010.500000 0.000257
1011.500000 0.000171
1012.500000 0.000214
1013.500000 0.000343
1014.500000 0.000214
1015.500000 0.000171
1016.500000 0.000343
1017.500000 0.000343
1018.500000 0.000386
1019.500000 0.000214
1020.500000 0.000214
1021.500000 0.000086
1022.500000 0.000257
1023.500000 0.000257
1024.500000 0.000257
1025.500000 0.000171
1026.500000 0.000171
1027.500000 0.000257
1028.500000 0.000343
1029.500000 0.000429
1030.500000 0.000643
1031.500000 0.000257
1032.500000 0.000557
1033.500000 0.000257
1034.500000 0.000257
1035.500000 0.000557
1036.500000 0.000471
1037.500000 0.000429
1038.500000 0.000343
1039.500000 0.000300
1040.500000 0.000257
1041.500000 0.000471
1042.500000 0.000343
1043.500000 0.000514
1044.500000 0.000343
1045.500000 0.000171
1046.500000 0.000300
1047.500000 0.000471
1048.500000 0.000300
1049.500000 0.000514
1050.500000 0.000429
1051.500000 0.000686
1052.500000 0.000386
1053.500000 0.000771
1054.500000 0.000771
1055.500000 0.000686
1056.500000 0.000300
1057.500000 0.000557
1058.500000 0.000386
1059.500000 0.000600
1060.500000 0.000429
1061.500000 0.000728
1062.500000 0.000643
1063.500000 0.000686
1064.500000 0.000686
1065.500000 0.000900
1066.500000 0.000857
1067.500000 0.001071
1068.500000 0.000900
1069.500000 0.000728
1070.500000 0.000900
1071.500000 0.001671
1072.500000 0.001157
1073.500000 0.001243
1074.500000 0.001543
1075.500000 0.001500
1076.500000 0.001714
1077.500000 0.001971
1078.500000 0.002185
1079.500000 0.002657
1080.500000 0.002314
1081.500000 0.002014
1082.500000 0.002314
1083.500000 0.002914
1084.500000 0.002357
1085.500000 0.002528
1086.500000 0.001885
1087.500000 0.002485
1088.500000 0.001885
1089.500000 0.002185
1090.500000 0.003085
1091.500000 0.002228
1092.500000 0.002357
1093.500000 0.003471
1094.500000 0.002871
1095.500000 0.003085
1096.500000 0.003214
1097.500000 0.002485
1098.500000 0.002443
1099.500000 0.002057
1100.500000 0.002400
1101.500000 0.002100
1102.500000 0.002271
1103.500000 0.002228
1104.500000 0.001843
1105.500000 0.002871
1106.500000 0.001971
1107.500000 0.001800
1108.500000 0.002485
1109.500000 0.002228
1110.500000 0.002785
1111.500000 0.002485
1112.500000 0.003514
1113.500000 0.003171
1114.500000 0.002443
1115.500000 0.002914
1116.500000 0.001371
1117.500000 0.001885
1118.500000 0.002357
1119.500000 0.001200
1120.500000 0.001714
1121.500000 0.001628
1122.500000 0.001200
1123.500000 0.001500
1124.500000 0.001543
1125.500000 0.001457
1126.500000 0.000943
1127.500000 0.000900
1128.500000 0.001243
1129.500000 0.001671
1130.500000 0.000814
1131.500000 0.000857
1132.500000 0.001543
1133.500000 0.001500
1134.500000 0.000857
1135.500000 0.001114
1136.500000 0.001328
1137.500000 0.001157
1138.500000 0.001114
1139.500000 0.001157
1140.500000 0.000900
1141.500000 0.001328
1142.500000 0.000986
1143.500000 0.001328
1144.500000 0.000686
1145.500000 0.001157
1146.500000 0.001028
1147.500000 0.001157
1148.500000 0.001114
1149.500000 0.001071
1150.500000 0.001114
1151.500000 0.001114
1152.500000 0.000986
1153.500000 0.001757
1154.500000 0.001457
1155.500000 0.001286
1156.500000 0.000857
1157.500000 0.001286
1158.500000 0.001543
1159.500000 0.001928
1160.500000 0.001843
1161.500000 0.000943
1162.500000 0.001157
1163.500000 0.001586
1164.500000 0.001457
1165.500000 0.001286
1166.500000 0.001500
1167.500000 0.001500
1168.500000 0.001628
1169.500000 0.001200
1170.500000 0.001586
1171.500000 0.001671
1172.500000 0.001371
1173.500000 0.002143
1174.500000 0.001200
1175.500000 0.001457
1176.500000 0.001457
1177.500000 0.001628
1178.500000 0.001971
1179.500000 0.001457
1180.500000 0.001971
1181.500000 0.002057
1182.500000 0.001714
1183.500000 0.001714
1184.500000 0.001885
1185.500000 0.002314
1186.500000 0.002185
1187.500000 0.003300
1188.500000 0.003600
1189.500000 0.005442
1190.500000 0.005571
1191.500000 0.004971
1192.500000 0.004414
1193.500000 0.004285
1194.500000 0.005357
1195.500000 0.007113
1196.500000 0.005014
1197.500000 0.006856
1198.500000 0.006899
1199.500000 0.004714
