0.000000 0.001744
1.000834 0.001864
2.001668 0.001967
3.002502 0.002053
4.003336 0.002118
5.004170 0.002161
6.005004 0.002184
7.005838 0.002185
8.006672 0.002167
9.007506 0.002131
10.008340 0.002079
11.009174 0.002014
12.010008 0.001939
13.010842 0.001855
14.011676 0.001766
15.012510 0.001675
16.013344 0.001582
17.014178 0.001489
18.015013 0.001399
19.015847 0.001312
20.016681 0.001229
21.017515 0.001151
22.018349 0.001078
23.019183 0.001011
24.020017 0.000949
25.020851 0.000892
26.021685 0.000840
27.022519 0.000792
28.023353 0.000749
29.024187 0.000709
30.025021 0.000673
31.025855 0.000640
32.026689 0.000610
33.027523 0.000582
34.028357 0.000556
35.029191 0.000532
36.030025 0.000509
37.030859 0.000489
38.031693 0.000469
39.032527 0.000451
40.033361 0.000435
41.034195 0.000419
42.035029 0.000405
43.035863 0.000392
44.036697 0.000380
45.037531 0.000368
46.038365 0.000357
47.039199 0.000347
48.040033 0.000338
49.040867 0.000328
50.041701 0.000319
51.042535 0.000310
52.043369 0.000301
53.044204 0.000292
54.045038 0.000283
55.045872 0.000274
56.046706 0.000265
57.047540 0.000256
58.048374 0.000248
59.049208 0.000240
60.050042 0.000233
61.050876 0.000226
62.051710 0.000221
63.052544 0.000216
64.053378 0.000212
65.054212 0.000208
66.055046 0.000206
67.055880 0.000204
68.056714 0.000203
69.057548 0.000202
70.058382 0.000201
71.059216 0.000201
72.060050 0.000200
73.060884 0.000200
74.061718 0.000199
75.062552 0.000197
76.063386 0.000195
77.064220 0.000193
78.065054 0.000191
79.065888 0.000189
80.066722 0.000186
81.067556 0.000183
82.068390 0.000180
83.069224 0.000178
84.070058 0.000175
85.070892 0.000173
86.071726 0.000170
87.072560 0.000168
88.073394 0.000167
89.074229 0.000165
90.075063 0.000164
91.075897 0.000163
92.076731 0.000162
93.077565 0.000161
94.078399 0.000161
95.079233 0.000160
96.080067 0.000161
97.080901 0.000161
98.081735 0.000162
99.082569 0.000162
100.083403 0.000164
101.084237 0.000165
102.085071 0.000167
103.085905 0.000169
104.086739 0.000171
105.087573 0.000174
106.088407 0.000176
107.089241 0.000180
108.090075 0.000183
109.090909 0.000186
110.091743 0.000190
111.092577 0.000194
112.093411 0.000199
113.094245 0.000203
114.095079 0.000208
115.095913 0.000214
116.096747 0.000220
117.097581 0.000226
118.098415 0.000233
119.099249 0.000240
120.100083 0.000248
121.100917 0.000257
122.101751 0.000266
123.102585 0.000275
124.103420 0.000284
125.104254 0.000294
126.105088 0.000303
127.105922 0.000313
128.106756 0.000322
129.107590 0.000331
130.108424 0.000339
131.109258 0.000347
132.110092 0.000355
133.110926 0.000362
134.111760 0.000369
135.112594 0.000375
136.113428 0.000382
137.114262 0.000389
138.115096 0.000397
139.115930 0.000405
140.116764 0.000413
141.117598 0.000423
142.118432 0.000434
143.119266 0.000446
144.120100 0.000459
145.120934 0.000473
146.121768 0.000489
147.122602 0.000506
148.123436 0.000523
149.124270 0.000542
150.125104 0.000562
151.125938 0.000583
152.126772 0.000604
153.127606 0.000627
154.128440 0.000650
155.129274 0.000674
156.130108 0.000700
157.130942 0.000726
158.131776 0.000754
159.132611 0.000783
160.133445 0.000814
161.134279 0.000846
162.135113 0.000879
163.135947 0.000915
164.136781 0.000952
165.137615 0.000991
166.138449 0.001032
167.139283 0.001076
168.140117 0.001121
169.140951 0.001168
170.141785 0.001218
171.142619 0.001268
172.143453 0.001321
173.144287 0.001374
174.145121 0.001428
175.145955 0.001482
176.146789 0.001536
177.147623 0.001589
178.148457 0.001640
179.149291 0.001690
180.150125 0.001736
181.150959 0.001780
182.151793 0.001819
183.152627 0.001854
184.153461 0.001885
185.154295 0.001910
186.155129 0.001931
187.155963 0.001947
188.156797 0.001957
189.157631 0.001963
190.158465 0.001965
191.159299 0.001962
192.160133 0.001957
193.160967 0.001948
194.161802 0.001936
195.162636 0.001923
196.163470 0.001908
197.164304 0.001891
198.165138 0.001873
199.165972 0.001855
200.166806 0.001835
201.167640 0.001814
202.168474 0.001792
203.169308 0.001768
204.170142 0.001743
205.170976 0.001717
206.171810 0.001689
207.172644 0.001659
208.173478 0.001628
209.174312 0.001595
210.175146 0.001561
211.175980 0.001525
212.176814 0.001488
213.177648 0.001449
214.178482 0.001410
215.179316 0.001369
216.180150 0.001328
217.180984 0.001285
218.181818 0.001242
219.182652 0.001199
220.183486 0.001155
221.184320 0.001111
222.185154 0.001067
223.185988 0.001023
224.186822 0.000979
225.187656 0.000936
226.188490 0.000895
227.189324 0.000854
228.190158 0.000816
229.190992 0.000779
230.191827 0.000744
231.192661 0.000711
232.193495 0.000680
233.194329 0.000652
234.195163 0.000626
235.195997 0.000601
236.196831 0.000578
237.197665 0.000557
238.198499 0.000538
239.199333 0.000519
240.200167 0.000502
241.201001 0.000486
242.201835 0.000470
243.202669 0.000456
244.203503 0.000442
245.204337 0.000429
246.205171 0.000417
247.206005 0.000405
248.206839 0.000394
249.207673 0.000384
250.208507 0.000374
251.209341 0.000365
252.210175 0.000356
253.211009 0.000348
254.211843 0.000340
255.212677 0.000333
256.213511 0.000326
257.214345 0.000319
258.215179 0.000313
259.216013 0.000307
260.216847 0.000301
261.217681 0.000296
262.218515 0.000291
263.219349 0.000286
264.220183 0.000282
265.221018 0.000278
266.221852 0.000275
267.222686 0.000272
268.223520 0.000270
269.224354 0.000268
270.225188 0.000266
271.226022 0.000265
272.226856 0.000263
273.227690 0.000262
274.228524 0.000260
275.229358 0.000259
276.230192 0.000257
277.231026 0.000256
278.231860 0.000254
279.232694 0.000252
280.233528 0.000250
281.234362 0.000247
282.235196 0.000244
283.236030 0.000242
284.236864 0.000238
285.237698 0.000235
286.238532 0.000232
287.239366 0.000228
288.240200 0.000225
289.241034 0.000222
290.241868 0.000219
291.242702 0.000216
292.243536 0.000214
293.244370 0.000211
294.245204 0.000209
295.246038 0.000208
296.246872 0.000206
297.247706 0.000205
298.248540 0.000204
299.249374 0.000203
300.250209 0.000202
301.251043 0.000201
302.251877 0.000200
303.252711 0.000199
304.253545 0.000198
305.254379 0.000196
306.255213 0.000195
307.256047 0.000193
308.256881 0.000192
309.257715 0.000190
310.258549 0.000189
311.259383 0.000188
312.260217 0.000188
313.261051 0.000187
314.261885 0.000188
315.262719 0.000188
316.263553 0.000189
317.264387 0.000190
318.265221 0.000192
319.266055 0.000194
320.266889 0.000196
321.267723 0.000199
322.268557 0.000202
323.269391 0.000205
324.270225 0.000208
325.271059 0.000211
326.271893 0.000214
327.272727 0.000217
328.273561 0.000220
329.274395 0.000223
330.275229 0.000227
331.276063 0.000230
332.276897 0.000234
333.277731 0.000237
334.278565 0.000241
335.279399 0.000246
336.280234 0.000251
337.281068 0.000257
338.281902 0.000263
339.282736 0.000270
340.283570 0.000279
341.284404 0.000288
342.285238 0.000299
343.286072 0.000311
344.286906 0.000325
345.287740 0.000341
346.288574 0.000359
347.289408 0.000379
348.290242 0.000401
349.291076 0.000426
350.291910 0.000454
351.292744 0.000485
352.293578 0.000520
353.294412 0.000558
354.295246 0.000602
355.296080 0.000650
356.296914 0.000704
357.297748 0.000763
358.298582 0.000830
359.299416 0.000904
360.300250 0.000985
361.301084 0.001075
362.301918 0.001172
363.302752 0.001277
364.303586 0.001388
365.304420 0.001506
366.305254 0.001628
367.306088 0.001752
368.306922 0.001876
369.307756 0.001998
370.308590 0.002114
371.309425 0.002223
372.310259 0.002320
373.311093 0.002404
374.311927 0.002472
375.312761 0.002523
376.313595 0.002557
377.314429 0.002571
378.315263 0.002568
379.316097 0.002547
380.316931 0.002511
381.317765 0.002461
382.318599 0.002399
383.319433 0.002328
384.320267 0.002251
385.321101 0.002169
386.321935 0.002086
387.322769 0.002003
388.323603 0.001921
389.324437 0.001843
390.325271 0.001769
391.326105 0.001699
392.326939 0.001634
393.327773 0.001574
394.328607 0.001519
395.329441 0.001468
396.330275 0.001421
397.331109 0.001377
398.331943 0.001336
399.332777 0.001298
400.333611 0.001262
401.334445 0.001228
402.335279 0.001195
403.336113 0.001164
404.336947 0.001134
405.337781 0.001105
406.338616 0.001078
407.339450 0.001051
408.340284 0.001025
409.341118 0.001001
410.341952 0.000978
411.342786 0.000956
412.343620 0.000935
413.344454 0.000915
414.345288 0.000896
415.346122 0.000878
416.346956 0.000862
417.347790 0.000846
418.348624 0.000832
419.349458 0.000818
420.350292 0.000805
421.351126 0.000793
422.351960 0.000782
423.352794 0.000771
424.353628 0.000760
425.354462 0.000750
426.355296 0.000740
427.356130 0.000730
428.356964 0.000721
429.357798 0.000711
430.358632 0.000702
431.359466 0.000693
432.360300 0.000684
433.361134 0.000676
434.361968 0.000668
435.362802 0.000661
436.363636 0.000654
437.364470 0.000648
438.365304 0.000643
439.366138 0.000638
440.366972 0.000634
441.367807 0.000630
442.368641 0.000626
443.369475 0.000622
444.370309 0.000619
445.371143 0.000615
446.371977 0.000611
447.372811 0.000606
448.373645 0.000600
449.374479 0.000594
450.375313 0.000587
451.376147 0.000579
452.376981 0.000570
453.377815 0.000560
454.378649 0.000550
455.379483 0.000539
456.380317 0.000528
457.381151 0.000517
458.381985 0.000506
459.382819 0.000494
460.383653 0.000484
461.384487 0.000473
462.385321 0.000463
463.386155 0.000454
464.386989 0.000446
465.387823 0.000438
466.388657 0.000430
467.389491 0.000423
468.390325 0.000417
469.391159 0.000410
470.391993 0.000404
471.392827 0.000398
472.393661 0.000391
473.394495 0.000385
474.395329 0.000378
475.396163 0.000370
476.396997 0.000363
477.397832 0.000354
478.398666 0.000346
479.399500 0.000337
480.400334 0.000329
481.401168 0.000320
482.402002 0.000311
483.402836 0.000303
484.403670 0.000295
485.404504 0.000287
486.405338 0.000279
487.406172 0.000271
488.407006 0.000264
489.407840 0.000256
490.408674 0.000249
491.409508 0.000241
492.410342 0.000234
493.411176 0.000226
494.412010 0.000219
495.412844 0.000211
496.413678 0.000204
497.414512 0.000196
498.415346 0.000189
499.416180 0.000183
500.417014 0.000177
501.417848 0.000171
502.418682 0.000166
503.419516 0.000162
504.420350 0.000159
505.421184 0.000156
506.422018 0.000153
507.422852 0.000151
508.423686 0.000149
509.424520 0.000148
510.425354 0.000147
511.426188 0.000145
512.427023 0.000144
513.427857 0.000143
514.428691 0.000141
515.429525 0.000140
516.430359 0.000138
517.431193 0.000137
518.432027 0.000135
519.432861 0.000133
520.433695 0.000131
521.434529 0.000130
522.435363 0.000128
523.436197 0.000127
524.437031 0.000126
525.437865 0.000125
526.438699 0.000124
527.439533 0.000124
528.440367 0.000124
529.441201 0.000124
530.442035 0.000125
531.442869 0.000125
532.443703 0.000126
533.444537 0.000127
534.445371 0.000128
535.446205 0.000130
536.447039 0.000131
537.447873 0.000133
538.448707 0.000134
539.449541 0.000136
540.450375 0.000137
541.451209 0.000139
542.452043 0.000140
543.452877 0.000141
544.453711 0.000142
545.454545 0.000143
546.455379 0.000144
547.456214 0.000144
548.457048 0.000144
549.457882 0.000144
550.458716 0.000144
551.459550 0.000143
552.460384 0.000143
553.461218 0.000142
554.462052 0.000141
555.462886 0.000139
556.463720 0.000138
557.464554 0.000137
558.465388 0.000136
559.466222 0.000135
560.467056 0.000135
561.467890 0.000135
562.468724 0.000135
563.469558 0.000135
564.470392 0.000136
565.471226 0.000137
566.472060 0.000139
567.472894 0.000141
568.473728 0.000143
569.474562 0.000146
570.475396 0.000148
571.476230 0.000151
572.477064 0.000155
573.477898 0.000159
574.478732 0.000163
575.479566 0.000167
576.480400 0.000172
577.481234 0.000177
578.482068 0.000183
579.482902 0.000189
580.483736 0.000196
581.484570 0.000203
582.485405 0.000211
583.486239 0.000220
584.487073 0.000229
585.487907 0.000238
586.488741 0.000248
587.489575 0.000258
588.490409 0.000269
589.491243 0.000280
590.492077 0.000290
591.492911 0.000301
592.493745 0.000310
593.494579 0.000320
594.495413 0.000328
595.496247 0.000336
596.497081 0.000342
597.497915 0.000348
598.498749 0.000352
599.499583 0.000355
600.500417 0.000356
601.501251 0.000356
602.502085 0.000356
603.502919 0.000354
604.503753 0.000351
605.504587 0.000347
606.505421 0.000343
607.506255 0.000339
608.507089 0.000335
609.507923 0.000331
610.508757 0.000327
611.509591 0.000323
612.510425 0.000321
613.511259 0.000319
614.512093 0.000318
615.512927 0.000317
616.513761 0.000318
617.514595 0.000320
618.515430 0.000322
619.516264 0.000325
620.517098 0.000329
621.517932 0.000334
622.518766 0.000338
623.519600 0.000343
624.520434 0.000349
625.521268 0.000354
626.522102 0.000360
627.522936 0.000365
628.523770 0.000371
629.524604 0.000377
630.525438 0.000383
631.526272 0.000389
632.527106 0.000396
633.527940 0.000403
634.528774 0.000410
635.529608 0.000417
636.530442 0.000425
637.531276 0.000434
638.532110 0.000443
639.532944 0.000453
640.533778 0.000463
641.534612 0.000475
642.535446 0.000487
643.536280 0.000501
644.537114 0.000515
645.537948 0.000531
646.538782 0.000547
647.539616 0.000565
648.540450 0.000585
649.541284 0.000605
650.542118 0.000627
651.542952 0.000650
652.543786 0.000674
653.544621 0.000699
654.545455 0.000726
655.546289 0.000754
656.547123 0.000783
657.547957 0.000813
658.548791 0.000845
659.549625 0.000877
660.550459 0.000911
661.551293 0.000947
662.552127 0.000984
663.552961 0.001022
664.553795 0.001062
665.554629 0.001104
666.555463 0.001147
667.556297 0.001191
668.557131 0.001238
669.557965 0.001286
670.558799 0.001337
671.559633 0.001390
672.560467 0.001446
673.561301 0.001504
674.562135 0.001567
675.562969 0.001633
676.563803 0.001704
677.564637 0.001781
678.565471 0.001865
679.566305 0.001955
680.567139 0.002054
681.567973 0.002161
682.568807 0.002276
683.569641 0.002400
684.570475 0.002533
685.571309 0.002674
686.572143 0.002822
687.572977 0.002976
688.573812 0.003134
689.574646 0.003293
690.575480 0.003452
691.576314 0.003607
692.577148 0.003755
693.577982 0.003893
694.578816 0.004018
695.579650 0.004126
696.580484 0.004215
697.581318 0.004282
698.582152 0.004326
699.582986 0.004344
700.583820 0.004335
701.584654 0.004300
702.585488 0.004239
703.586322 0.004151
704.587156 0.004040
705.587990 0.003907
706.588824 0.003754
707.589658 0.003584
708.590492 0.003401
709.591326 0.003207
710.592160 0.003006
711.592994 0.002802
712.593828 0.002598
713.594662 0.002397
714.595496 0.002201
715.596330 0.002013
716.597164 0.001835
717.597998 0.001669
718.598832 0.001515
719.599666 0.001373
720.600500 0.001245
721.601334 0.001130
722.602168 0.001027
723.603003 0.000935
724.603837 0.000855
725.604671 0.000784
726.605505 0.000721
727.606339 0.000667
728.607173 0.000619
729.608007 0.000576
730.608841 0.000539
731.609675 0.000505
732.610509 0.000474
733.611343 0.000446
734.612177 0.000420
735.613011 0.000396
736.613845 0.000373
737.614679 0.000352
738.615513 0.000331
739.616347 0.000311
740.617181 0.000292
741.618015 0.000274
742.618849 0.000257
743.619683 0.000241
744.620517 0.000225
745.621351 0.000211
746.622185 0.000197
747.623019 0.000185
748.623853 0.000173
749.624687 0.000163
750.625521 0.000153
751.626355 0.000145
752.627189 0.000138
753.628023 0.000131
754.628857 0.000125
755.629691 0.000120
756.630525 0.000116
757.631359 0.000112
758.632193 0.000108
759.633028 0.000105
760.633862 0.000102
761.634696 0.000100
762.635530 0.000097
763.636364 0.000095
764.637198 0.000092
765.638032 0.000090
766.638866 0.000088
767.639700 0.000085
768.640534 0.000083
769.641368 0.000081
770.642202 0.000078
771.643036 0.000076
772.643870 0.000074
773.644704 0.000071
774.645538 0.000069
775.646372 0.000068
776.647206 0.000066
777.648040 0.000064
778.648874 0.000063
779.649708 0.000062
780.650542 0.000062
781.651376 0.000062
782.652210 0.000062
783.653044 0.000062
784.653878 0.000063
785.654712 0.000064
786.655546 0.000065
787.656380 0.000066
788.657214 0.000068
789.658048 0.000069
790.658882 0.000071
791.659716 0.000073
792.660550 0.000074
793.661384 0.000075
794.662219 0.000077
795.663053 0.000078
796.663887 0.000079
797.664721 0.000079
798.665555 0.000080
799.666389 0.000080
800.667223 0.000080
801.668057 0.000080
802.668891 0.000080
803.669725 0.000080
804.670559 0.000080
805.671393 0.000080
806.672227 0.000081
807.673061 0.000081
808.673895 0.000082
809.674729 0.000083
810.675563 0.000084
811.676397 0.000085
812.677231 0.000086
813.678065 0.000088
814.678899 0.000089
815.679733 0.000091
816.680567 0.000093
817.681401 0.000094
818.682235 0.000096
819.683069 0.000098
820.683903 0.000100
821.684737 0.000101
822.685571 0.000103
823.686405 0.000105
824.687239 0.000107
825.688073 0.000109
826.688907 0.000112
827.689741 0.000114
828.690575 0.000117
829.691410 0.000120
830.692244 0.000122
831.693078 0.000125
832.693912 0.000128
833.694746 0.000131
834.695580 0.000134
835.696414 0.000137
836.697248 0.000139
837.698082 0.000142
838.698916 0.000145
839.699750 0.000147
840.700584 0.000150
841.701418 0.000153
842.702252 0.000156
843.703086 0.000160
844.703920 0.000164
845.704754 0.000168
846.705588 0.000173
847.706422 0.000179
848.707256 0.000185
849.708090 0.000192
850.708924 0.000201
851.709758 0.000210
852.710592 0.000220
853.711426 0.000231
854.712260 0.000243
855.713094 0.000256
856.713928 0.000270
857.714762 0.000285
858.715596 0.000301
859.716430 0.000317
860.717264 0.000334
861.718098 0.000352
862.718932 0.000370
863.719766 0.000389
864.720601 0.000409
865.721435 0.000429
866.722269 0.000450
867.723103 0.000471
868.723937 0.000494
869.724771 0.000516
870.725605 0.000540
871.726439 0.000564
872.727273 0.000589
873.728107 0.000614
874.728941 0.000640
875.729775 0.000666
876.730609 0.000692
877.731443 0.000718
878.732277 0.000745
879.733111 0.000771
880.733945 0.000797
881.734779 0.000822
882.735613 0.000848
883.736447 0.000874
884.737281 0.000900
885.738115 0.000927
886.738949 0.000954
887.739783 0.000981
888.740617 0.001009
889.741451 0.001038
890.742285 0.001067
891.743119 0.001096
892.743953 0.001125
893.744787 0.001154
894.745621 0.001182
895.746455 0.001209
896.747289 0.001235
897.748123 0.001259
898.748957 0.001281
899.749791 0.001301
900.750626 0.001319
901.751460 0.001335
902.752294 0.001348
903.753128 0.001359
904.753962 0.001367
905.754796 0.001371
906.755630 0.001372
907.756464 0.001370
908.757298 0.001363
909.758132 0.001352
910.758966 0.001337
911.759800 0.001317
912.760634 0.001293
913.761468 0.001264
914.762302 0.001232
915.763136 0.001195
916.763970 0.001156
917.764804 0.001115
918.765638 0.001072
919.766472 0.001029
920.767306 0.000986
921.768140 0.000944
922.768974 0.000903
923.769808 0.000864
924.770642 0.000827
925.771476 0.000793
926.772310 0.000761
927.773144 0.000732
928.773978 0.000704
929.774812 0.000679
930.775646 0.000656
931.776480 0.000635
932.777314 0.000615
933.778148 0.000597
934.778982 0.000579
935.779817 0.000563
936.780651 0.000547
937.781485 0.000532
938.782319 0.000518
939.783153 0.000504
940.783987 0.000491
941.784821 0.000479
942.785655 0.000467
943.786489 0.000456
944.787323 0.000445
945.788157 0.000435
946.788991 0.000425
947.789825 0.000415
948.790659 0.000406
949.791493 0.000398
950.792327 0.000390
951.793161 0.000382
952.793995 0.000375
953.794829 0.000369
954.795663 0.000362
955.796497 0.000357
956.797331 0.000351
957.798165 0.000346
958.798999 0.000341
959.799833 0.000337
960.800667 0.000332
961.801501 0.000328
962.802335 0.000324
963.803169 0.000321
964.804003 0.000317
965.804837 0.000313
966.805671 0.000309
967.806505 0.000306
968.807339 0.000302
969.808173 0.000299
970.809008 0.000295
971.809842 0.000292
972.810676 0.000289
973.811510 0.000286
974.812344 0.000284
975.813178 0.000282
976.814012 0.000280
977.814846 0.000279
978.815680 0.000279
979.816514 0.000278
980.817348 0.000279
981.818182 0.000279
982.819016 0.000280
983.819850 0.000282
984.820684 0.000283
985.821518 0.000285
986.822352 0.000286
987.823186 0.000288
988.824020 0.000289
989.824854 0.000289
990.825688 0.000290
991.826522 0.000290
992.827356 0.000290
993.828190 0.000290
994.829024 0.000290
995.829858 0.000289
996.830692 0.000289
997.831526 0.000288
998.832360 0.000288
999.833194 0.000287
1000.834028 0.000287
1001.834862 0.000286
1002.835696 0.000286
1003.836530 0.000285
1004.837364 0.000285
1005.838198 0.000284
1006.839033 0.000283
1007.839867 0.000282
1008.840701 0.000281
1009.841535 0.000280
1010.842369 0.000278
1011.843203 0.000277
1012.844037 0.000275
1013.844871 0.000274
1014.845705 0.000273
1015.846539 0.000272
1016.847373 0.000272
1017.848207 0.000273
1018.849041 0.000274
1019.849875 0.000275
1020.850709 0.000278
1021.851543 0.000282
1022.852377 0.000286
1023.853211 0.000291
1024.854045 0.000297
1025.854879 0.000303
1026.855713 0.000310
1027.856547 0.000317
1028.857381 0.000324
1029.858215 0.000331
1030.859049 0.000339
1031.859883 0.000345
1032.860717 0.000352
1033.861551 0.000358
1034.862385 0.000363
1035.863219 0.000369
1036.864053 0.000374
1037.864887 0.000379
1038.865721 0.000384
1039.866555 0.000389
1040.867389 0.000394
1041.868224 0.000400
1042.869058 0.000407
1043.869892 0.000415
1044.870726 0.000423
1045.871560 0.000433
1046.872394 0.000444
1047.873228 0.000455
1048.874062 0.000468
1049.874896 0.000481
1050.875730 0.000496
1051.876564 0.000511
1052.877398 0.000528
1053.878232 0.000546
1054.879066 0.000566
1055.879900 0.000587
1056.880734 0.000610
1057.881568 0.000635
1058.882402 0.000663
1059.883236 0.000694
1060.884070 0.000728
1061.884904 0.000766
1062.885738 0.000807
1063.886572 0.000853
1064.887406 0.000903
1065.888240 0.000957
1066.889074 0.001015
1067.889908 0.001078
1068.890742 0.001144
1069.891576 0.001214
1070.892410 0.001287
1071.893244 0.001362
1072.894078 0.001440
1073.894912 0.001518
1074.895746 0.001597
1075.896580 0.001676
1076.897415 0.001753
1077.898249 0.001829
1078.899083 0.001902
1079.899917 0.001971
1080.900751 0.002037
1081.901585 0.002099
1082.902419 0.002157
1083.903253 0.002210
1084.904087 0.002259
1085.904921 0.002303
1086.905755 0.002342
1087.906589 0.002377
1088.907423 0.002407
1089.908257 0.002432
1090.909091 0.002453
1091.909925 0.002468
1092.910759 0.002480
1093.911593 0.002487
1094.912427 0.002490
1095.913261 0.002490
1096.914095 0.002486
1097.914929 0.002479
1098.915763 0.002470
1099.916597 0.002460
1100.917431 0.002449
1101.918265 0.002437
1102.919099 0.002424
1103.919933 0.002412
1104.920767 0.002398
1105.921601 0.002384
1106.922435 0.002368
1107.923269 0.002351
1108.924103 0.002331
1109.924937 0.002307
1110.925771 0.002279
1111.926606 0.002247
1112.927440 0.002209
1113.928274 0.002166
1114.929108 0.002119
1115.929942 0.002066
1116.930776 0.002010
1117.931610 0.001950
1118.932444 0.001888
1119.933278 0.001824
1120.934112 0.001761
1121.934946 0.001698
1122.935780 0.001637
1123.936614 0.001578
1124.937448 0.001523
1125.938282 0.001472
1126.939116 0.001425
1127.939950 0.001383
1128.940784 0.001345
1129.941618 0.001311
1130.942452 0.001281
1131.943286 0.001256
1132.944120 0.001234
1133.944954 0.001215
1134.945788 0.001199
1135.946622 0.001185
1136.947456 0.001174
1137.948290 0.001165
1138.949124 0.001158
1139.949958 0.001153
1140.950792 0.001150
1141.951626 0.001149
1142.952460 0.001149
1143.953294 0.001152
1144.954128 0.001157
1145.954962 0.001163
1146.955796 0.001171
1147.956631 0.001182
1148.957465 0.001194
1149.958299 0.001207
1150.959133 0.001222
1151.959967 0.001238
1152.960801 0.001254
1153.961635 0.001272
1154.962469 0.001289
1155.963303 0.001307
1156.964137 0.001325
1157.964971 0.001342
1158.965805 0.001359
1159.966639 0.001376
1160.967473 0.001393
1161.968307 0.001409
1162.969141 0.001425
1163.969975 0.001442
1164.970809 0.001459
1165.971643 0.001477
1166.972477 0.001497
1167.973311 0.001518
1168.974145 0.001543
1169.974979 0.001570
1170.975813 0.001602
1171.976647 0.001639
1172.977481 0.001682
1173.978315 0.001733
1174.979149 0.001791
1175.979983 0.001859
1176.980817 0.001936
1177.981651 0.002024
1178.982485 0.002122
1179.983319 0.002232
1180.984153 0.002351
1181.984987 0.002479
1182.985822 0.002614
1183.986656 0.002753
1184.987490 0.002893
1185.988324 0.003030
1186.989158 0.003161
1187.989992 0.003279
1188.990826 0.003380
1189.991660 0.003460
1190.992494 0.003514
1191.993328 0.003538
1192.994162 0.003530
1193.994996 0.003487
1194.995830 0.003410
1195.996664 0.003299
1196.997498 0.003155
1197.998332 0.002983
1198.999166 0.002787
1200.000000 0.002572
