0.500000 0.001661
1.500000 0.001584
2.500000 0.001415
3.500000 0.001538
4.500000 0.001646
5.500000 0.001215
6.500000 0.001307
7.500000 0.001246
8.500000 0.001277
9.500000 0.001184
10.500000 0.000846
11.500000 0.001030
12.500000 0.000815
13.500000 0.000831
14.500000 0.000707
15.500000 0.000738
16.500000 0.000784
17.500000 0.000615
18.500000 0.000692
19.500000 0.000923
20.500000 0.000707
21.500000 0.000600
22.500000 0.000723
23.500000 0.000707
24.500000 0.000538
25.500000 0.000461
26.500000 0.000308
27.500000 0.000477
28.500000 0.000323
29.500000 0.000369
30.500000 0.000415
31.500000 0.000354
32.500000 0.000385
33.500000 0.000308
34.500000 0.000246
35.500000 0.000323
36.500000 0.000246
37.500000 0.000277
38.500000 0.000323
39.500000 0.000246
40.500000 0.000215
41.500000 0.000200
42.500000 0.000323
43.500000 0.000323
44.500000 0.000308
45.500000 0.000246
46.500000 0.000277
47.500000 0.000338
48.500000 0.000215
49.500000 0.000261
50.500000 0.000200
51.500000 0.000231
52.500000 0.000231
53.500000 0.000185
54.500000 0.000169
55.500000 0.000169
56.500000 0.000169
57.500000 0.000323
58.500000 0.000185
59.500000 0.000185
60.500000 0.000123
61.500000 0.000246
62.500000 0.000200
63.500000 0.000154
64.500000 0.000277
65.500000 0.000185
66.500000 0.000277
67.500000 0.000231
68.500000 0.000261
69.500000 0.000154
70.500000 0.000246
71.500000 0.000215
72.500000 0.000154
73.500000 0.000169
74.500000 0.000138
75.500000 0.000215
76.500000 0.000231
77.500000 0.000200
78.500000 0.000246
79.500000 0.000200
80.500000 0.000261
81.500000 0.000200
82.500000 0.000231
83.500000 0.000077
84.500000 0.000231
85.500000 0.000231
86.500000 0.000246
87.500000 0.000185
88.500000 0.000246
89.500000 0.000277
90.500000 0.000185
91.500000 0.000231
92.500000 0.000246
93.500000 0.000200
94.500000 0.000277
95.500000 0.000154
96.500000 0.000185
97.500000 0.000169
98.500000 0.000123
99.500000 0.000231
100.500000 0.000261
101.500000 0.000231
102.500000 0.000292
103.500000 0.000338
104.500000 0.000246
105.500000 0.000231
106.500000 0.000200
107.500000 0.000154
108.500000 0.000261
109.500000 0.000154
110.500000 0.000308
111.500000 0.000246
112.500000 0.000231
113.500000 0.000246
114.500000 0.000323
115.500000 0.000169
116.500000 0.000385
117.500000 0.000308
118.500000 0.000215
119.500000 0.000261
120.500000 0.000261
121.500000 0.000354
122.500000 0.000169
123.500000 0.000277
124.500000 0.000261
125.500000 0.000415
126.500000 0.000338
127.500000 0.000169
128.500000 0.000308
129.500000 0.000261
130.500000 0.000277
131.500000 0.000385
132.500000 0.000385
133.500000 0.000354
134.500000 0.000385
135.500000 0.000369
136.500000 0.000492
137.500000 0.000446
138.500000 0.000554
139.500000 0.000231
140.500000 0.000461
141.500000 0.000338
142.500000 0.000354
143.500000 0.000415
144.500000 0.000369
145.500000 0.000431
146.500000 0.000431
147.500000 0.000446
148.500000 0.000646
149.500000 0.000461
150.500000 0.000615
151.500000 0.000554
152.500000 0.000631
153.500000 0.000569
154.500000 0.000554
155.500000 0.000569
156.500000 0.000723
157.500000 0.000692
158.500000 0.000631
159.500000 0.000723
160.500000 0.000738
161.500000 0.000631
162.500000 0.000661
163.500000 0.000569
164.500000 0.000600
165.500000 0.000723
166.500000 0.000600
167.500000 0.000754
168.500000 0.000784
169.500000 0.000877
170.500000 0.000738
171.500000 0.001030
172.500000 0.000938
173.500000 0.000815
174.500000 0.000831
175.500000 0.000738
176.500000 0.000923
177.500000 0.000938
178.500000 0.000784
179.500000 0.000600
180.500000 0.000800
181.500000 0.000769
182.500000 0.000892
183.500000 0.000769
184.500000 0.000831
185.500000 0.000846
186.500000 0.000954
187.500000 0.000769
188.500000 0.000569
189.500000 0.000538
190.500000 0.000584
191.500000 0.000569
192.500000 0.000615
193.500000 0.000615
194.500000 0.000584
195.500000 0.000661
196.500000 0.000754
197.500000 0.000615
198.500000 0.000707
199.500000 0.000661
200.500000 0.000492
201.500000 0.000615
202.500000 0.000677
203.500000 0.000477
204.500000 0.000369
205.500000 0.000523
206.500000 0.000508
207.500000 0.000584
208.500000 0.000446
209.500000 0.000523
210.500000 0.000461
211.500000 0.000446
212.500000 0.000415
213.500000 0.000446
214.500000 0.000446
215.500000 0.000431
216.500000 0.000477
217.500000 0.000508
218.500000 0.000277
219.500000 0.000477
220.500000 0.000415
221.500000 0.000415
222.500000 0.000415
223.500000 0.000477
224.500000 0.000323
225.500000 0.000446
226.500000 0.000492
227.500000 0.000277
228.500000 0.000369
229.500000 0.000538
230.500000 0.000292
231.500000 0.000415
232.500000 0.000338
233.500000 0.000369
234.500000 0.000385
235.500000 0.000185
236.500000 0.000308
237.500000 0.000415
238.500000 0.000415
239.500000 0.000508
240.500000 0.000369
241.500000 0.000369
242.500000 0.000169
243.500000 0.000400
244.500000 0.000369
245.500000 0.000292
246.500000 0.000415
247.500000 0.000477
248.500000 0.000323
249.500000 0.000385
250.500000 0.000369
251.500000 0.000461
252.500000 0.000385
253.500000 0.000400
254.500000 0.000400
255.500000 0.000369
256.500000 0.000477
257.500000 0.000477
258.500000 0.000308
259.500000 0.000323
260.500000 0.000400
261.500000 0.000308
262.500000 0.000338
263.500000 0.000323
264.500000 0.000400
265.500000 0.000215
266.500000 0.000277
267.500000 0.000308
268.500000 0.000185
269.500000 0.000446
270.500000 0.000354
271.500000 0.000277
272.500000 0.000292
273.500000 0.000415
274.500000 0.000231
275.500000 0.000446
276.500000 0.000215
277.500000 0.000354
278.500000 0.000523
279.500000 0.000385
280.500000 0.000400
281.500000 0.000369
282.500000 0.000477
283.500000 0.000600
284.500000 0.000508
285.500000 0.000523
286.500000 0.000400
287.500000 0.000231
288.500000 0.000508
289.500000 0.000554
290.500000 0.000385
291.500000 0.000461
292.500000 0.000477
293.500000 0.000446
294.500000 0.000538
295.500000 0.000431
296.500000 0.000400
297.500000 0.000323
298.500000 0.000415
299.500000 0.000569
300.500000 0.000461
301.500000 0.000508
302.500000 0.000461
303.500000 0.000508
304.500000 0.000323
305.500000 0.000369
306.500000 0.000477
307.500000 0.000538
308.500000 0.000538
309.500000 0.000477
310.500000 0.000569
311.500000 0.000461
312.500000 0.000400
313.500000 0.000554
314.500000 0.000508
315.500000 0.000477
316.500000 0.000492
317.500000 0.000446
318.500000 0.000415
319.500000 0.000538
320.500000 0.000477
321.500000 0.000631
322.500000 0.000631
323.500000 0.000677
324.500000 0.000677
325.500000 0.000508
326.500000 0.000492
327.500000 0.000554
328.500000 0.000600
329.500000 0.000646
330.500000 0.000707
331.500000 0.000569
332.500000 0.000692
333.500000 0.000446
334.500000 0.000877
335.500000 0.000831
336.500000 0.000877
337.500000 0.000892
338.500000 0.000692
339.500000 0.000646
340.500000 0.000738
341.500000 0.000723
342.500000 0.000923
343.500000 0.000723
344.500000 0.000861
345.500000 0.000892
346.500000 0.001138
347.500000 0.000677
348.500000 0.000923
349.500000 0.000769
350.500000 0.000923
351.500000 0.000938
352.500000 0.000784
353.500000 0.001000
354.500000 0.000769
355.500000 0.000969
356.500000 0.000938
357.500000 0.000969
358.500000 0.000738
359.500000 0.000738
360.500000 0.000800
361.500000 0.000815
362.500000 0.001015
363.500000 0.000923
364.500000 0.000938
365.500000 0.000954
366.500000 0.000969
367.500000 0.000984
368.500000 0.000815
369.500000 0.000938
370.500000 0.000846
371.500000 0.000692
372.500000 0.000754
373.500000 0.000738
374.500000 0.000984
375.500000 0.001000
376.500000 0.001000
377.500000 0.000784
378.500000 0.000707
379.500000 0.000677
380.500000 0.000784
381.500000 0.000877
382.500000 0.000938
383.500000 0.000754
384.500000 0.000692
385.500000 0.000861
386.500000 0.000892
387.500000 0.000892
388.500000 0.000615
389.500000 0.000707
390.500000 0.000615
391.500000 0.000692
392.500000 0.000677
393.500000 0.000815
394.500000 0.000738
395.500000 0.000600
396.500000 0.000615
397.500000 0.000508
398.500000 0.000615
399.500000 0.000600
400.500000 0.000707
401.500000 0.000600
402.500000 0.000646
403.500000 0.000723
404.500000 0.000707
405.500000 0.000707
406.500000 0.000631
407.500000 0.000646
408.500000 0.000692
409.500000 0.000615
410.500000 0.000584
411.500000 0.000615
412.500000 0.000631
413.500000 0.000400
414.500000 0.000600
415.500000 0.000723
416.500000 0.000523
417.500000 0.000600
418.500000 0.000615
419.500000 0.000631
420.500000 0.000554
421.500000 0.000600
422.500000 0.000508
423.500000 0.000477
424.500000 0.000492
425.500000 0.000538
426.500000 0.000569
427.500000 0.000646
428.500000 0.000385
429.500000 0.000554
430.500000 0.000492
431.500000 0.000600
432.500000 0.000523
433.500000 0.000677
434.500000 0.000538
435.500000 0.000446
436.500000 0.000584
437.500000 0.000554
438.500000 0.000631
439.500000 0.000631
440.500000 0.000538
441.500000 0.000646
442.500000 0.000584
443.500000 0.000400
444.500000 0.000600
445.500000 0.000492
446.500000 0.000692
447.500000 0.000661
448.500000 0.000461
449.500000 0.000707
450.500000 0.000446
451.500000 0.000677
452.500000 0.000723
453.500000 0.000569
454.500000 0.000477
455.500000 0.000446
456.500000 0.000385
457.500000 0.000415
458.500000 0.000477
459.500000 0.000431
460.500000 0.000308
461.500000 0.000446
462.500000 0.000461
463.500000 0.000431
464.500000 0.000508
465.500000 0.000554
466.500000 0.000415
467.500000 0.000323
468.500000 0.000308
469.500000 0.000523
470.500000 0.000461
471.500000 0.000354
472.500000 0.000308
473.500000 0.000431
474.500000 0.000446
475.500000 0.000385
476.500000 0.000354
477.500000 0.000477
478.500000 0.000338
479.500000 0.000354
480.500000 0.000277
481.500000 0.000385
482.500000 0.000369
483.500000 0.000431
484.500000 0.000354
485.500000 0.000400
486.500000 0.000246
487.500000 0.000292
488.500000 0.000261
489.500000 0.000323
490.500000 0.000354
491.500000 0.000261
492.500000 0.000292
493.500000 0.000308
494.500000 0.000323
495.500000 0.000261
496.500000 0.000185
497.500000 0.000415
498.500000 0.000323
499.500000 0.000323
500.500000 0.000354
501.500000 0.000400
502.500000 0.000215
503.500000 0.000385
504.500000 0.000277
505.500000 0.000246
506.500000 0.000385
507.500000 0.000215
508.500000 0.000246
509.500000 0.000308
510.500000 0.000292
511.500000 0.000354
512.500000 0.000354
513.500000 0.000308
514.500000 0.000246
515.500000 0.000385
516.500000 0.000308
517.500000 0.000246
518.500000 0.000415
519.500000 0.000338
520.500000 0.000415
521.500000 0.000185
522.500000 0.000369
523.500000 0.000246
524.500000 0.000369
525.500000 0.000246
526.500000 0.000308
527.500000 0.000569
528.500000 0.000354
529.500000 0.000369
530.500000 0.000369
531.500000 0.000415
532.500000 0.000323
533.500000 0.000369
534.500000 0.000338
535.500000 0.000415
536.500000 0.000338
537.500000 0.000308
538.500000 0.000400
539.500000 0.000477
540.500000 0.000323
541.500000 0.000385
542.500000 0.000477
543.500000 0.000492
544.500000 0.000415
545.500000 0.000292
546.500000 0.000231
547.500000 0.000246
548.500000 0.000461
549.500000 0.000323
550.500000 0.000446
551.500000 0.000431
552.500000 0.000446
553.500000 0.000354
554.500000 0.000354
555.500000 0.000538
556.500000 0.000292
557.500000 0.000492
558.500000 0.000415
559.500000 0.000523
560.500000 0.000431
561.500000 0.000446
562.500000 0.000477
563.500000 0.000415
564.500000 0.000308
565.500000 0.000554
566.500000 0.000369
567.500000 0.000477
568.500000 0.000538
569.500000 0.000415
570.500000 0.000492
571.500000 0.000461
572.500000 0.000523
573.500000 0.000523
574.500000 0.000415
575.500000 0.000446
576.500000 0.000431
577.500000 0.000431
578.500000 0.000569
579.500000 0.000492
580.500000 0.000631
581.500000 0.000523
582.500000 0.000569
583.500000 0.000492
584.500000 0.000646
585.500000 0.000554
586.500000 0.000415
587.500000 0.000492
588.500000 0.000615
589.500000 0.000631
590.500000 0.000646
591.500000 0.000569
592.500000 0.000600
593.500000 0.000677
594.500000 0.000461
595.500000 0.000646
596.500000 0.000677
597.500000 0.000754
598.500000 0.000584
599.500000 0.000784
600.500000 0.000692
601.500000 0.000523
602.500000 0.000723
603.500000 0.000738
604.500000 0.000800
605.500000 0.000800
606.500000 0.000984
607.500000 0.000800
608.500000 0.000754
609.500000 0.000861
610.500000 0.000923
611.500000 0.000707
612.500000 0.000907
613.500000 0.000907
614.500000 0.001030
615.500000 0.001154
616.500000 0.000954
617.500000 0.000969
618.500000 0.000923
619.500000 0.000907
620.500000 0.001015
621.500000 0.001154
622.500000 0.001154
623.500000 0.001338
624.500000 0.001030
625.500000 0.001246
626.500000 0.001277
627.500000 0.001353
628.500000 0.001353
629.500000 0.001507
630.500000 0.001261
631.500000 0.001692
632.500000 0.001077
633.500000 0.001723
634.500000 0.001369
635.500000 0.001353
636.500000 0.001676
637.500000 0.001523
638.500000 0.001584
639.500000 0.001569
640.500000 0.001615
641.500000 0.001615
642.500000 0.001953
643.500000 0.002076
644.500000 0.002015
645.500000 0.002153
646.500000 0.002107
647.500000 0.001969
648.500000 0.002061
649.500000 0.002338
650.500000 0.002476
651.500000 0.002430
652.500000 0.002153
653.500000 0.002307
654.500000 0.002292
655.500000 0.002553
656.500000 0.002184
657.500000 0.002292
658.500000 0.002399
659.500000 0.002738
660.500000 0.002645
661.500000 0.002799
662.500000 0.002953
663.500000 0.002722
664.500000 0.002845
665.500000 0.003076
666.500000 0.002876
667.500000 0.003030
668.500000 0.003230
669.500000 0.003384
670.500000 0.002907
671.500000 0.003261
672.500000 0.003599
673.500000 0.003830
674.500000 0.003753
675.500000 0.003737
676.500000 0.003707
677.500000 0.003799
678.500000 0.003353
679.500000 0.003784
680.500000 0.003722
681.500000 0.004091
682.500000 0.003891
683.500000 0.003784
684.500000 0.004076
685.500000 0.003784
686.500000 0.004214
687.500000 0.004445
688.500000 0.004814
689.500000 0.004614
690.500000 0.004706
691.500000 0.004553
692.500000 0.003937
693.500000 0.003753
694.500000 0.003984
695.500000 0.003845
696.500000 0.003922
697.500000 0.003845
698.500000 0.003491
699.500000 0.003030
700.500000 0.003076
701.500000 0.003168
702.500000 0.002599
703.500000 0.002338
704.500000 0.002107
705.500000 0.002061
706.500000 0.001415
707.500000 0.001461
708.500000 0.001415
709.500000 0.001538
710.500000 0.001338
711.500000 0.001430
712.500000 0.001092
713.500000 0.001092
714.500000 0.000892
715.500000 0.000861
716.500000 0.000738
717.500000 0.000784
718.500000 0.000538
719.500000 0.000723
720.500000 0.000523
721.500000 0.000584
722.500000 0.000523
723.500000 0.000461
724.500000 0.000538
725.500000 0.000631
726.500000 0.000338
727.500000 0.000446
728.500000 0.000492
729.500000 0.000385
730.500000 0.000323
731.500000 0.000400
732.500000 0.000308
733.500000 0.000338
734.500000 0.000292
735.500000 0.000538
736.500000 0.000323
737.500000 0.000154
738.500000 0.000431
739.500000 0.000231
740.500000 0.000200
741.500000 0.000323
742.500000 0.000354
743.500000 0.000169
744.500000 0.000231
745.500000 0.000215
746.500000 0.000261
747.500000 0.000231
748.500000 0.000231
749.500000 0.000169
750.500000 0.000231
751.500000 0.000277
752.500000 0.000138
753.500000 0.000261
754.500000 0.000231
755.500000 0.000215
756.500000 0.000123
757.500000 0.000215
758.500000 0.000185
759.500000 0.000292
760.500000 0.000246
761.500000 0.000200
762.500000 0.000154
763.500000 0.000200
764.500000 0.000092
765.500000 0.000215
766.500000 0.000231
767.500000 0.000215
768.500000 0.000108
769.500000 0.000154
770.500000 0.000108
771.500000 0.000261
772.500000 0.000200
773.500000 0.000185
774.500000 0.000108
775.500000 0.000108
776.500000 0.000046
777.500000 0.000185
778.500000 0.000154
779.500000 0.000246
780.500000 0.000154
781.500000 0.000308
782.500000 0.000231
783.500000 0.000231
784.500000 0.000261
785.500000 0.000323
786.500000 0.000261
787.500000 0.000215
788.500000 0.000246
789.500000 0.000292
790.500000 0.000246
791.500000 0.000246
792.500000 0.000277
793.500000 0.000246
794.500000 0.000215
795.500000 0.000261
796.500000 0.000354
797.500000 0.000231
798.500000 0.000215
799.500000 0.000246
800.500000 0.000308
801.500000 0.000200
802.500000 0.000169
803.500000 0.000292
804.500000 0.000215
805.500000 0.000323
806.500000 0.000200
807.500000 0.000185
808.500000 0.000308
809.500000 0.000385
810.500000 0.000231
811.500000 0.000169
812.500000 0.000261
813.500000 0.000200
814.500000 0.000200
815.500000 0.000308
816.500000 0.000231
817.500000 0.000215
818.500000 0.000292
819.500000 0.000200
820.500000 0.000385
821.500000 0.000138
822.500000 0.000277
823.500000 0.000277
824.500000 0.000138
825.500000 0.000261
826.500000 0.000323
827.500000 0.000231
828.500000 0.000308
829.500000 0.000338
830.500000 0.000261
831.500000 0.000261
832.500000 0.000354
833.500000 0.000261
834.500000 0.000385
835.500000 0.000277
836.500000 0.000231
837.500000 0.000231
838.500000 0.000261
839.500000 0.000338
840.500000 0.000477
841.500000 0.000338
842.500000 0.000446
843.500000 0.000477
844.500000 0.000461
845.500000 0.000277
846.500000 0.000461
847.500000 0.000492
848.500000 0.000431
849.500000 0.000615
850.500000 0.000338
851.500000 0.000431
852.500000 0.000385
853.500000 0.000446
854.500000 0.000323
855.500000 0.000477
856.500000 0.000492
857.500000 0.000431
858.500000 0.000569
859.500000 0.000584
860.500000 0.000677
861.500000 0.000631
862.500000 0.000738
863.500000 0.000615
864.500000 0.000538
865.500000 0.000815
866.500000 0.000600
867.500000 0.000661
868.500000 0.000661
869.500000 0.000677
870.500000 0.000661
871.500000 0.000569
872.500000 0.000538
873.500000 0.000692
874.500000 0.000600
875.500000 0.000723
876.500000 0.000769
877.500000 0.000508
878.500000 0.000769
879.500000 0.000538
880.500000 0.000646
881.500000 0.000584
882.500000 0.000600
883.500000 0.000677
884.500000 0.000923
885.500000 0.000692
886.500000 0.000815
887.500000 0.000661
888.500000 0.000969
889.500000 0.000784
890.500000 0.000846
891.500000 0.000831
892.500000 0.000754
893.500000 0.000800
894.500000 0.000815
895.500000 0.000754
896.500000 0.000723
897.500000 0.000846
898.500000 0.000815
899.500000 0.000677
900.500000 0.000861
901.500000 0.000661
902.500000 0.000861
903.500000 0.000738
904.500000 0.000877
905.500000 0.000677
906.500000 0.000954
907.500000 0.000492
908.500000 0.000723
909.500000 0.000646
910.500000 0.000646
911.500000 0.000631
912.500000 0.000569
913.500000 0.000815
914.500000 0.000631
915.500000 0.000646
916.500000 0.000554
917.500000 0.000831
918.500000 0.000584
919.500000 0.000800
920.500000 0.000784
921.500000 0.000754
922.500000 0.000461
923.500000 0.000769
924.500000 0.000600
925.500000 0.000508
926.500000 0.000600
927.500000 0.000738
928.500000 0.000615
929.500000 0.000661
930.500000 0.000754
931.500000 0.000538
932.500000 0.000369
933.500000 0.000461
934.500000 0.000477
935.500000 0.000600
936.500000 0.000461
937.500000 0.000677
938.500000 0.000600
939.500000 0.000538
940.500000 0.000615
941.500000 0.000554
942.500000 0.000492
943.500000 0.000508
944.500000 0.000523
945.500000 0.000431
946.500000 0.000508
947.500000 0.000631
948.500000 0.000569
949.500000 0.000523
950.500000 0.000492
951.500000 0.000415
952.500000 0.000584
953.500000 0.000508
954.500000 0.000615
955.500000 0.000615
956.500000 0.000523
957.500000 0.000431
958.500000 0.000477
959.500000 0.000477
960.500000 0.000446
961.500000 0.000400
962.500000 0.000538
963.500000 0.000431
964.500000 0.000508
965.500000 0.000338
966.500000 0.000431
967.500000 0.000461
968.500000 0.000615
969.500000 0.000538
970.500000 0.000431
971.500000 0.000369
972.500000 0.000308
973.500000 0.000369
974.500000 0.000277
975.500000 0.000431
976.500000 0.000431
977.500000 0.000385
978.500000 0.000523
979.500000 0.000354
980.500000 0.000415
981.500000 0.000385
982.500000 0.000477
983.500000 0.000492
984.500000 0.000385
985.500000 0.000415
986.500000 0.000415
987.500000 0.000185
988.500000 0.000492
989.500000 0.000431
990.500000 0.000369
991.500000 0.000461
992.500000 0.000369
993.500000 0.000292
994.500000 0.000415
995.500000 0.000431
996.500000 0.000477
997.500000 0.000569
998.500000 0.000523
999.500000 0.000477
1000.500000 0.000308
1001.500000 0.000554
1002.500000 0.000508
1003.500000 0.000584
1004.500000 0.000615
1005.500000 0.000538
1006.500000 0.000354
1007.500000 0.000492
1008.500000 0.000323
1009.500000 0.000323
1010.500000 0.000477
1011.500000 0.000369
1012.500000 0.000492
1013.500000 0.000554
1014.500000 0.000492
1015.500000 0.000446
1016.500000 0.000569
1017.500000 0.000292
1018.500000 0.000431
1019.500000 0.000538
1020.500000 0.000584
1021.500000 0.000615
1022.500000 0.000707
1023.500000 0.000508
1024.500000 0.000508
1025.500000 0.000508
1026.500000 0.000523
1027.500000 0.000538
1028.500000 0.000569
1029.500000 0.000554
1030.500000 0.000661
1031.500000 0.000508
1032.500000 0.000569
1033.500000 0.000661
1034.500000 0.000369
1035.500000 0.000738
1036.500000 0.000661
1037.500000 0.000523
1038.500000 0.000569
1039.500000 0.000615
1040.500000 0.000492
1041.500000 0.000554
1042.500000 0.000600
1043.500000 0.000707
1044.500000 0.000769
1045.500000 0.000661
1046.500000 0.000646
1047.500000 0.000569
1048.500000 0.000677
1049.500000 0.000769
1050.500000 0.000584
1051.500000 0.000677
1052.500000 0.000831
1053.500000 0.000646
1054.500000 0.000661
1055.500000 0.000707
1056.500000 0.000907
1057.500000 0.000677
1058.500000 0.000661
1059.500000 0.000784
1060.500000 0.000831
1061.500000 0.000754
1062.500000 0.000784
1063.500000 0.000769
1064.500000 0.000831
1065.500000 0.000938
1066.500000 0.000769
1067.500000 0.000615
1068.500000 0.000923
1069.500000 0.000892
1070.500000 0.000846
1071.500000 0.000784
1072.500000 0.001061
1073.500000 0.001077
1074.500000 0.000800
1075.500000 0.000784
1076.500000 0.000861
1077.500000 0.000969
1078.500000 0.000954
1079.500000 0.000954
1080.500000 0.000984
1081.500000 0.000877
1082.500000 0.000969
1083.500000 0.001015
1084.500000 0.001077
1085.500000 0.001030
1086.500000 0.001000
1087.500000 0.001292
1088.500000 0.001092
1089.500000 0.000954
1090.500000 0.001277
1091.500000 0.001307
1092.500000 0.001138
1093.500000 0.001184
1094.500000 0.001261
1095.500000 0.001077
1096.500000 0.001077
1097.500000 0.001169
1098.500000 0.001446
1099.500000 0.001461
1100.500000 0.001169
1101.500000 0.001215
1102.500000 0.001169
1103.500000 0.001046
1104.500000 0.001092
1105.500000 0.001569
1106.500000 0.001292
1107.500000 0.001261
1108.500000 0.001400
1109.500000 0.001384
1110.500000 0.001184
1111.500000 0.001338
1112.500000 0.001477
1113.500000 0.001415
1114.500000 0.001292
1115.500000 0.001461
1116.500000 0.001430
1117.500000 0.001307
1118.500000 0.001661
1119.500000 0.001307
1120.500000 0.001907
1121.500000 0.001553
1122.500000 0.001630
1123.500000 0.001646
1124.500000 0.001753
1125.500000 0.001646
1126.500000 0.001446
1127.500000 0.001507
1128.500000 0.001707
1129.500000 0.001800
1130.500000 0.001861
1131.500000 0.001999
1132.500000 0.001923
1133.500000 0.001692
1134.500000 0.001876
1135.500000 0.002015
1136.500000 0.002061
1137.500000 0.002338
1138.500000 0.002246
1139.500000 0.002246
1140.500000 0.002415
1141.500000 0.002353
1142.500000 0.002507
1143.500000 0.002338
1144.500000 0.002338
1145.500000 0.002353
1146.500000 0.002353
1147.500000 0.002507
1148.500000 0.002399
1149.500000 0.002476
1150.500000 0.002938
1151.500000 0.002569
1152.500000 0.002830
1153.500000 0.002738
1154.500000 0.002476
1155.500000 0.003230
1156.500000 0.003199
1157.500000 0.002784
1158.500000 0.003153
1159.500000 0.003045
1160.500000 0.003430
1161.500000 0.002753
1162.500000 0.003015
1163.500000 0.002753
1164.500000 0.003153
1165.500000 0.003184
1166.500000 0.003138
1167.500000 0.003568
1168.500000 0.002845
1169.500000 0.003491
1170.500000 0.003384
1171.500000 0.003291
1172.500000 0.003138
1173.500000 0.003399
1174.500000 0.003799
1175.500000 0.004137
1176.500000 0.003307
1177.500000 0.003399
1178.500000 0.003584
1179.500000 0.003276
1180.500000 0.003199
1181.500000 0.003553
1182.500000 0.003276
1183.500000 0.003261
1184.500000 0.002876
1185.500000 0.002892
1186.500000 0.003061
1187.500000 0.003045
1188.500000 0.003107
1189.500000 0.002999
1190.500000 0.002676
1191.500000 0.003168
1192.500000 0.003399
1193.500000 0.003045
1194.500000 0.002584
1195.500000 0.002569
1196.500000 0.002630
1197.500000 0.002353
1198.500000 0.001953
1199.500000 0.001738
