0.000000 0.005177
1.000834 0.005923
2.001668 0.006470
3.002502 0.006770
4.003336 0.006813
5.004170 0.006623
6.005004 0.006251
7.005838 0.005761
8.006672 0.005215
9.007506 0.004665
10.008340 0.004148
11.009174 0.003683
12.010008 0.003275
13.010842 0.002923
14.011676 0.002618
15.012510 0.002353
16.013344 0.002119
17.014178 0.001909
18.015013 0.001717
19.015847 0.001542
20.016681 0.001380
21.017515 0.001230
22.018349 0.001094
23.019183 0.000971
24.020017 0.000862
25.020851 0.000767
26.021685 0.000687
27.022519 0.000619
28.023353 0.000563
29.024187 0.000515
30.025021 0.000474
31.025855 0.000438
32.026689 0.000404
33.027523 0.000372
34.028357 0.000342
35.029191 0.000315
36.030025 0.000290
37.030859 0.000267
38.031693 0.000248
39.032527 0.000231
40.033361 0.000216
41.034195 0.000204
42.035029 0.000193
43.035863 0.000184
44.036697 0.000175
45.037531 0.000167
46.038365 0.000160
47.039199 0.000153
48.040033 0.000147
49.040867 0.000142
50.041701 0.000137
51.042535 0.000134
52.043369 0.000131
53.044204 0.000130
54.045038 0.000130
55.045872 0.000130
56.046706 0.000131
57.047540 0.000132
58.048374 0.000132
59.049208 0.000132
60.050042 0.000132
61.050876 0.000130
62.051710 0.000128
63.052544 0.000124
64.053378 0.000119
65.054212 0.000114
66.055046 0.000108
67.055880 0.000103
68.056714 0.000098
69.057548 0.000094
70.058382 0.000090
71.059216 0.000088
72.060050 0.000086
73.060884 0.000085
74.061718 0.000084
75.062552 0.000083
76.063386 0.000082
77.064220 0.000081
78.065054 0.000081
79.065888 0.000080
80.066722 0.000079
81.067556 0.000077
82.068390 0.000076
83.069224 0.000075
84.070058 0.000074
85.070892 0.000073
86.071726 0.000072
87.072560 0.000071
88.073394 0.000069
89.074229 0.000068
90.075063 0.000066
91.075897 0.000065
92.076731 0.000064
93.077565 0.000063
94.078399 0.000064
95.079233 0.000065
96.080067 0.000067
97.080901 0.000069
98.081735 0.000072
99.082569 0.000075
100.083403 0.000077
101.084237 0.000079
102.085071 0.000081
103.085905 0.000082
104.086739 0.000082
105.087573 0.000083
106.088407 0.000084
107.089241 0.000085
108.090075 0.000086
109.090909 0.000087
110.091743 0.000088
111.092577 0.000090
112.093411 0.000090
113.094245 0.000090
114.095079 0.000090
115.095913 0.000090
116.096747 0.000090
117.097581 0.000090
118.098415 0.000091
119.099249 0.000092
120.100083 0.000093
121.100917 0.000094
122.101751 0.000096
123.102585 0.000097
124.103420 0.000099
125.104254 0.000101
126.105088 0.000102
127.105922 0.000104
128.106756 0.000106
129.107590 0.000108
130.108424 0.000110
131.109258 0.000112
132.110092 0.000114
133.110926 0.000117
134.111760 0.000120
135.112594 0.000123
136.113428 0.000126
137.114262 0.000130
138.115096 0.000133
139.115930 0.000137
140.116764 0.000141
141.117598 0.000146
142.118432 0.000151
143.119266 0.000157
144.120100 0.000164
145.120934 0.000171
146.121768 0.000179
147.122602 0.000187
148.123436 0.000194
149.124270 0.000202
150.125104 0.000209
151.125938 0.000216
152.126772 0.000223
153.127606 0.000231
154.128440 0.000240
155.129274 0.000251
156.130108 0.000264
157.130942 0.000281
158.131776 0.000301
159.132611 0.000323
160.133445 0.000349
161.134279 0.000377
162.135113 0.000406
163.135947 0.000435
164.136781 0.000464
165.137615 0.000492
166.138449 0.000521
167.139283 0.000549
168.140117 0.000579
169.140951 0.000610
170.141785 0.000644
171.142619 0.000679
172.143453 0.000718
173.144287 0.000760
174.145121 0.000806
175.145955 0.000859
176.146789 0.000918
177.147623 0.000985
178.148457 0.001061
179.149291 0.001146
180.150125 0.001239
181.150959 0.001340
182.151793 0.001448
183.152627 0.001560
184.153461 0.001675
185.154295 0.001792
186.155129 0.001907
187.155963 0.002019
188.156797 0.002125
189.157631 0.002222
190.158465 0.002309
191.159299 0.002383
192.160133 0.002441
193.160967 0.002481
194.161802 0.002501
195.162636 0.002498
196.163470 0.002472
197.164304 0.002423
198.165138 0.002352
199.165972 0.002263
200.166806 0.002159
201.167640 0.002047
202.168474 0.001930
203.169308 0.001813
204.170142 0.001698
205.170976 0.001587
206.171810 0.001482
207.172644 0.001383
208.173478 0.001292
209.174312 0.001208
210.175146 0.001132
211.175980 0.001063
212.176814 0.001001
213.177648 0.000944
214.178482 0.000892
215.179316 0.000841
216.180150 0.000793
217.180984 0.000745
218.181818 0.000700
219.182652 0.000658
220.183486 0.000620
221.184320 0.000588
222.185154 0.000561
223.185988 0.000539
224.186822 0.000523
225.187656 0.000509
226.188490 0.000498
227.189324 0.000488
228.190158 0.000479
229.190992 0.000470
230.191827 0.000461
231.192661 0.000451
232.193495 0.000441
233.194329 0.000431
234.195163 0.000421
235.195997 0.000410
236.196831 0.000400
237.197665 0.000391
238.198499 0.000382
239.199333 0.000373
240.200167 0.000365
241.201001 0.000356
242.201835 0.000346
243.202669 0.000335
244.203503 0.000323
245.204337 0.000310
246.205171 0.000296
247.206005 0.000282
248.206839 0.000268
249.207673 0.000255
250.208507 0.000243
251.209341 0.000232
252.210175 0.000224
253.211009 0.000217
254.211843 0.000213
255.212677 0.000210
256.213511 0.000207
257.214345 0.000205
258.215179 0.000202
259.216013 0.000199
260.216847 0.000195
261.217681 0.000191
262.218515 0.000187
263.219349 0.000185
264.220183 0.000183
265.221018 0.000182
266.221852 0.000182
267.222686 0.000182
268.223520 0.000182
269.224354 0.000181
270.225188 0.000180
271.226022 0.000178
272.226856 0.000177
273.227690 0.000176
274.228524 0.000175
275.229358 0.000175
276.230192 0.000176
277.231026 0.000177
278.231860 0.000178
279.232694 0.000177
280.233528 0.000176
281.234362 0.000174
282.235196 0.000171
283.236030 0.000168
284.236864 0.000164
285.237698 0.000161
286.238532 0.000157
287.239366 0.000154
288.240200 0.000150
289.241034 0.000147
290.241868 0.000145
291.242702 0.000142
292.243536 0.000140
293.244370 0.000137
294.245204 0.000135
295.246038 0.000133
296.246872 0.000130
297.247706 0.000128
298.248540 0.000125
299.249374 0.000121
300.250209 0.000118
301.251043 0.000116
302.251877 0.000114
303.252711 0.000113
304.253545 0.000113
305.254379 0.000114
306.255213 0.000115
307.256047 0.000117
308.256881 0.000120
309.257715 0.000122
310.258549 0.000125
311.259383 0.000127
312.260217 0.000129
313.261051 0.000130
314.261885 0.000130
315.262719 0.000130
316.263553 0.000129
317.264387 0.000127
318.265221 0.000124
319.266055 0.000122
320.266889 0.000120
321.267723 0.000119
322.268557 0.000119
323.269391 0.000121
324.270225 0.000123
325.271059 0.000127
326.271893 0.000131
327.272727 0.000136
328.273561 0.000141
329.274395 0.000146
330.275229 0.000152
331.276063 0.000158
332.276897 0.000165
333.277731 0.000171
334.278565 0.000177
335.279399 0.000183
336.280234 0.000188
337.281068 0.000193
338.281902 0.000197
339.282736 0.000200
340.283570 0.000204
341.284404 0.000208
342.285238 0.000214
343.286072 0.000220
344.286906 0.000229
345.287740 0.000240
346.288574 0.000253
347.289408 0.000269
348.290242 0.000287
349.291076 0.000307
350.291910 0.000329
351.292744 0.000352
352.293578 0.000377
353.294412 0.000403
354.295246 0.000431
355.296080 0.000463
356.296914 0.000500
357.297748 0.000542
358.298582 0.000589
359.299416 0.000641
360.300250 0.000695
361.301084 0.000749
362.301918 0.000802
363.302752 0.000852
364.303586 0.000899
365.304420 0.000943
366.305254 0.000983
367.306088 0.001020
368.306922 0.001053
369.307756 0.001081
370.308590 0.001103
371.309425 0.001119
372.310259 0.001128
373.311093 0.001130
374.311927 0.001125
375.312761 0.001115
376.313595 0.001099
377.314429 0.001080
378.315263 0.001060
379.316097 0.001038
380.316931 0.001018
381.317765 0.000998
382.318599 0.000979
383.319433 0.000960
384.320267 0.000942
385.321101 0.000923
386.321935 0.000904
387.322769 0.000885
388.323603 0.000868
389.324437 0.000853
390.325271 0.000841
391.326105 0.000832
392.326939 0.000825
393.327773 0.000819
394.328607 0.000812
395.329441 0.000802
396.330275 0.000789
397.331109 0.000773
398.331943 0.000754
399.332777 0.000734
400.333611 0.000712
401.334445 0.000690
402.335279 0.000669
403.336113 0.000649
404.336947 0.000630
405.337781 0.000613
406.338616 0.000596
407.339450 0.000578
408.340284 0.000559
409.341118 0.000539
410.341952 0.000517
411.342786 0.000495
412.343620 0.000473
413.344454 0.000451
414.345288 0.000430
415.346122 0.000412
416.346956 0.000395
417.347790 0.000381
418.348624 0.000370
419.349458 0.000360
420.350292 0.000353
421.351126 0.000347
422.351960 0.000342
423.352794 0.000338
424.353628 0.000334
425.354462 0.000329
426.355296 0.000323
427.356130 0.000315
428.356964 0.000308
429.357798 0.000300
430.358632 0.000292
431.359466 0.000285
432.360300 0.000279
433.361134 0.000274
434.361968 0.000271
435.362802 0.000269
436.363636 0.000267
437.364470 0.000266
438.365304 0.000265
439.366138 0.000263
440.366972 0.000261
441.367807 0.000258
442.368641 0.000254
443.369475 0.000249
444.370309 0.000244
445.371143 0.000240
446.371977 0.000235
447.372811 0.000232
448.373645 0.000229
449.374479 0.000226
450.375313 0.000223
451.376147 0.000219
452.376981 0.000215
453.377815 0.000210
454.378649 0.000205
455.379483 0.000200
456.380317 0.000195
457.381151 0.000190
458.381985 0.000185
459.382819 0.000180
460.383653 0.000176
461.384487 0.000172
462.385321 0.000168
463.386155 0.000165
464.386989 0.000162
465.387823 0.000160
466.388657 0.000158
467.389491 0.000155
468.390325 0.000153
469.391159 0.000151
470.391993 0.000149
471.392827 0.000148
472.393661 0.000147
473.394495 0.000146
474.395329 0.000145
475.396163 0.000144
476.396997 0.000143
477.397832 0.000142
478.398666 0.000141
479.399500 0.000140
480.400334 0.000139
481.401168 0.000140
482.402002 0.000140
483.402836 0.000140
484.403670 0.000140
485.404504 0.000139
486.405338 0.000137
487.406172 0.000134
488.407006 0.000132
489.407840 0.000129
490.408674 0.000127
491.409508 0.000125
492.410342 0.000124
493.411176 0.000123
494.412010 0.000123
495.412844 0.000122
496.413678 0.000121
497.414512 0.000120
498.415346 0.000119
499.416180 0.000118
500.417014 0.000118
501.417848 0.000117
502.418682 0.000117
503.419516 0.000116
504.420350 0.000115
505.421184 0.000114
506.422018 0.000113
507.422852 0.000112
508.423686 0.000111
509.424520 0.000111
510.425354 0.000111
511.426188 0.000112
512.427023 0.000114
513.427857 0.000115
514.428691 0.000115
515.429525 0.000115
516.430359 0.000115
517.431193 0.000113
518.432027 0.000111
519.432861 0.000109
520.433695 0.000108
521.434529 0.000107
522.435363 0.000107
523.436197 0.000107
524.437031 0.000109
525.437865 0.000111
526.438699 0.000113
527.439533 0.000116
528.440367 0.000119
529.441201 0.000122
530.442035 0.000126
531.442869 0.000129
532.443703 0.000131
533.444537 0.000134
534.445371 0.000135
535.446205 0.000135
536.447039 0.000135
537.447873 0.000134
538.448707 0.000133
539.449541 0.000131
540.450375 0.000130
541.451209 0.000129
542.452043 0.000129
543.452877 0.000130
544.453711 0.000131
545.454545 0.000133
546.455379 0.000135
547.456214 0.000138
548.457048 0.000142
549.457882 0.000146
550.458716 0.000150
551.459550 0.000153
552.460384 0.000157
553.461218 0.000161
554.462052 0.000164
555.462886 0.000166
556.463720 0.000168
557.464554 0.000169
558.465388 0.000168
559.466222 0.000167
560.467056 0.000165
561.467890 0.000163
562.468724 0.000161
563.469558 0.000159
564.470392 0.000159
565.471226 0.000159
566.472060 0.000160
567.472894 0.000161
568.473728 0.000161
569.474562 0.000161
570.475396 0.000159
571.476230 0.000157
572.477064 0.000155
573.477898 0.000153
574.478732 0.000152
575.479566 0.000152
576.480400 0.000153
577.481234 0.000154
578.482068 0.000156
579.482902 0.000159
580.483736 0.000162
581.484570 0.000166
582.485405 0.000170
583.486239 0.000174
584.487073 0.000179
585.487907 0.000182
586.488741 0.000185
587.489575 0.000187
588.490409 0.000188
589.491243 0.000188
590.492077 0.000187
591.492911 0.000187
592.493745 0.000186
593.494579 0.000187
594.495413 0.000187
595.496247 0.000188
596.497081 0.000188
597.497915 0.000187
598.498749 0.000186
599.499583 0.000185
600.500417 0.000184
601.501251 0.000185
602.502085 0.000187
603.502919 0.000190
604.503753 0.000195
605.504587 0.000201
606.505421 0.000206
607.506255 0.000212
608.507089 0.000217
609.507923 0.000221
610.508757 0.000224
611.509591 0.000227
612.510425 0.000231
613.511259 0.000235
614.512093 0.000240
615.512927 0.000247
616.513761 0.000255
617.514595 0.000264
618.515430 0.000274
619.516264 0.000284
620.517098 0.000295
621.517932 0.000306
622.518766 0.000317
623.519600 0.000328
624.520434 0.000340
625.521268 0.000350
626.522102 0.000361
627.522936 0.000370
628.523770 0.000379
629.524604 0.000387
630.525438 0.000394
631.526272 0.000402
632.527106 0.000411
633.527940 0.000423
634.528774 0.000436
635.529608 0.000452
636.530442 0.000470
637.531276 0.000489
638.532110 0.000508
639.532944 0.000527
640.533778 0.000544
641.534612 0.000560
642.535446 0.000575
643.536280 0.000589
644.537114 0.000603
645.537948 0.000616
646.538782 0.000628
647.539616 0.000641
648.540450 0.000653
649.541284 0.000665
650.542118 0.000678
651.542952 0.000691
652.543786 0.000705
653.544621 0.000721
654.545455 0.000737
655.546289 0.000756
656.547123 0.000777
657.547957 0.000801
658.548791 0.000828
659.549625 0.000858
660.550459 0.000892
661.551293 0.000928
662.552127 0.000968
663.552961 0.001011
664.553795 0.001058
665.554629 0.001110
666.555463 0.001167
667.556297 0.001232
668.557131 0.001306
669.557965 0.001389
670.558799 0.001484
671.559633 0.001592
672.560467 0.001715
673.561301 0.001854
674.562135 0.002012
675.562969 0.002191
676.563803 0.002393
677.564637 0.002623
678.565471 0.002882
679.566305 0.003175
680.567139 0.003502
681.567973 0.003865
682.568807 0.004262
683.569641 0.004690
684.570475 0.005144
685.571309 0.005617
686.572143 0.006099
687.572977 0.006578
688.573812 0.007041
689.574646 0.007476
690.575480 0.007869
691.576314 0.008214
692.577148 0.008506
693.577982 0.008747
694.578816 0.008944
695.579650 0.009103
696.580484 0.009232
697.581318 0.009332
698.582152 0.009401
699.582986 0.009430
700.583820 0.009405
701.584654 0.009309
702.585488 0.009125
703.586322 0.008839
704.587156 0.008445
705.587990 0.007946
706.588824 0.007354
707.589658 0.006689
708.590492 0.005976
709.591326 0.005247
710.592160 0.004528
711.592994 0.003846
712.593828 0.003221
713.594662 0.002667
714.595496 0.002190
715.596330 0.001792
716.597164 0.001467
717.597998 0.001208
718.598832 0.001005
719.599666 0.000849
720.600500 0.000729
721.601334 0.000637
722.602168 0.000567
723.603003 0.000512
724.603837 0.000469
725.604671 0.000433
726.605505 0.000404
727.606339 0.000377
728.607173 0.000353
729.608007 0.000331
730.608841 0.000311
731.609675 0.000292
732.610509 0.000274
733.611343 0.000259
734.612177 0.000245
735.613011 0.000232
736.613845 0.000221
737.614679 0.000211
738.615513 0.000202
739.616347 0.000195
740.617181 0.000188
741.618015 0.000183
742.618849 0.000178
743.619683 0.000174
744.620517 0.000170
745.621351 0.000166
746.622185 0.000162
747.623019 0.000158
748.623853 0.000153
749.624687 0.000149
750.625521 0.000144
751.626355 0.000140
752.627189 0.000136
753.628023 0.000132
754.628857 0.000128
755.629691 0.000123
756.630525 0.000118
757.631359 0.000112
758.632193 0.000107
759.633028 0.000102
760.633862 0.000097
761.634696 0.000093
762.635530 0.000090
763.636364 0.000087
764.637198 0.000085
765.638032 0.000083
766.638866 0.000082
767.639700 0.000082
768.640534 0.000082
769.641368 0.000082
770.642202 0.000083
771.643036 0.000084
772.643870 0.000085
773.644704 0.000086
774.645538 0.000087
775.646372 0.000088
776.647206 0.000088
777.648040 0.000088
778.648874 0.000088
779.649708 0.000087
780.650542 0.000086
781.651376 0.000085
782.652210 0.000084
783.653044 0.000083
784.653878 0.000083
785.654712 0.000082
786.655546 0.000082
787.656380 0.000083
788.657214 0.000083
789.658048 0.000083
790.658882 0.000083
791.659716 0.000083
792.660550 0.000082
793.661384 0.000082
794.662219 0.000083
795.663053 0.000083
796.663887 0.000084
797.664721 0.000086
798.665555 0.000087
799.666389 0.000088
800.667223 0.000089
801.668057 0.000090
802.668891 0.000090
803.669725 0.000091
804.670559 0.000091
805.671393 0.000092
806.672227 0.000094
807.673061 0.000096
808.673895 0.000099
809.674729 0.000102
810.675563 0.000106
811.676397 0.000110
812.677231 0.000114
813.678065 0.000117
814.678899 0.000119
815.679733 0.000120
816.680567 0.000120
817.681401 0.000119
818.682235 0.000116
819.683069 0.000113
820.683903 0.000110
821.684737 0.000107
822.685571 0.000104
823.686405 0.000102
824.687239 0.000100
825.688073 0.000100
826.688907 0.000099
827.689741 0.000099
828.690575 0.000100
829.691410 0.000100
830.692244 0.000101
831.693078 0.000101
832.693912 0.000102
833.694746 0.000103
834.695580 0.000104
835.696414 0.000105
836.697248 0.000107
837.698082 0.000110
838.698916 0.000114
839.699750 0.000118
840.700584 0.000123
841.701418 0.000129
842.702252 0.000134
843.703086 0.000139
844.703920 0.000143
845.704754 0.000147
846.705588 0.000149
847.706422 0.000151
848.707256 0.000153
849.708090 0.000155
850.708924 0.000160
851.709758 0.000165
852.710592 0.000173
853.711426 0.000183
854.712260 0.000194
855.713094 0.000205
856.713928 0.000217
857.714762 0.000228
858.715596 0.000239
859.716430 0.000249
860.717264 0.000258
861.718098 0.000268
862.718932 0.000280
863.719766 0.000292
864.720601 0.000307
865.721435 0.000324
866.722269 0.000345
867.723103 0.000368
868.723937 0.000394
869.724771 0.000422
870.725605 0.000451
871.726439 0.000480
872.727273 0.000507
873.728107 0.000533
874.728941 0.000556
875.729775 0.000577
876.730609 0.000597
877.731443 0.000616
878.732277 0.000636
879.733111 0.000656
880.733945 0.000678
881.734779 0.000701
882.735613 0.000726
883.736447 0.000751
884.737281 0.000778
885.738115 0.000806
886.738949 0.000834
887.739783 0.000863
888.740617 0.000893
889.741451 0.000923
890.742285 0.000952
891.743119 0.000981
892.743953 0.001007
893.744787 0.001031
894.745621 0.001052
895.746455 0.001070
896.747289 0.001085
897.748123 0.001097
898.748957 0.001107
899.749791 0.001116
900.750626 0.001124
901.751460 0.001131
902.752294 0.001136
903.753128 0.001139
904.753962 0.001141
905.754796 0.001142
906.755630 0.001143
907.756464 0.001146
908.757298 0.001152
909.758132 0.001159
910.758966 0.001166
911.759800 0.001170
912.760634 0.001166
913.761468 0.001151
914.762302 0.001122
915.763136 0.001079
916.763970 0.001022
917.764804 0.000957
918.765638 0.000887
919.766472 0.000816
920.767306 0.000750
921.768140 0.000690
922.768974 0.000636
923.769808 0.000588
924.770642 0.000545
925.771476 0.000506
926.772310 0.000471
927.773144 0.000439
928.773978 0.000410
929.774812 0.000386
930.775646 0.000366
931.776480 0.000351
932.777314 0.000340
933.778148 0.000332
934.778982 0.000327
935.779817 0.000324
936.780651 0.000321
937.781485 0.000319
938.782319 0.000316
939.783153 0.000313
940.783987 0.000309
941.784821 0.000305
942.785655 0.000300
943.786489 0.000295
944.787323 0.000290
945.788157 0.000284
946.788991 0.000278
947.789825 0.000272
948.790659 0.000266
949.791493 0.000261
950.792327 0.000256
951.793161 0.000251
952.793995 0.000248
953.794829 0.000244
954.795663 0.000241
955.796497 0.000238
956.797331 0.000236
957.798165 0.000233
958.798999 0.000230
959.799833 0.000228
960.800667 0.000226
961.801501 0.000225
962.802335 0.000224
963.803169 0.000223
964.804003 0.000222
965.804837 0.000222
966.805671 0.000221
967.806505 0.000219
968.807339 0.000218
969.808173 0.000216
970.809008 0.000213
971.809842 0.000211
972.810676 0.000210
973.811510 0.000208
974.812344 0.000207
975.813178 0.000207
976.814012 0.000207
977.814846 0.000207
978.815680 0.000207
979.816514 0.000207
980.817348 0.000208
981.818182 0.000208
982.819016 0.000208
983.819850 0.000208
984.820684 0.000208
985.821518 0.000207
986.822352 0.000206
987.823186 0.000203
988.824020 0.000200
989.824854 0.000196
990.825688 0.000192
991.826522 0.000188
992.827356 0.000185
993.828190 0.000182
994.829024 0.000180
995.829858 0.000180
996.830692 0.000181
997.831526 0.000183
998.832360 0.000186
999.833194 0.000190
1000.834028 0.000194
1001.834862 0.000197
1002.835696 0.000200
1003.836530 0.000202
1004.837364 0.000203
1005.838198 0.000203
1006.839033 0.000203
1007.839867 0.000202
1008.840701 0.000201
1009.841535 0.000200
1010.842369 0.000200
1011.843203 0.000199
1012.844037 0.000198
1013.844871 0.000197
1014.845705 0.000196
1015.846539 0.000195
1016.847373 0.000194
1017.848207 0.000193
1018.849041 0.000194
1019.849875 0.000195
1020.850709 0.000197
1021.851543 0.000200
1022.852377 0.000203
1023.853211 0.000205
1024.854045 0.000207
1025.854879 0.000207
1026.855713 0.000206
1027.856547 0.000204
1028.857381 0.000201
1029.858215 0.000198
1030.859049 0.000197
1031.859883 0.000196
1032.860717 0.000197
1033.861551 0.000200
1034.862385 0.000204
1035.863219 0.000210
1036.864053 0.000217
1037.864887 0.000226
1038.865721 0.000235
1039.866555 0.000245
1040.867389 0.000256
1041.868224 0.000268
1042.869058 0.000280
1043.869892 0.000293
1044.870726 0.000306
1045.871560 0.000318
1046.872394 0.000330
1047.873228 0.000340
1048.874062 0.000348
1049.874896 0.000355
1050.875730 0.000361
1051.876564 0.000366
1052.877398 0.000371
1053.878232 0.000377
1054.879066 0.000383
1055.879900 0.000389
1056.880734 0.000396
1057.881568 0.000403
1058.882402 0.000410
1059.883236 0.000419
1060.884070 0.000428
1061.884904 0.000440
1062.885738 0.000453
1063.886572 0.000468
1064.887406 0.000485
1065.888240 0.000505
1066.889074 0.000526
1067.889908 0.000550
1068.890742 0.000576
1069.891576 0.000604
1070.892410 0.000632
1071.893244 0.000660
1072.894078 0.000686
1073.894912 0.000709
1074.895746 0.000728
1075.896580 0.000741
1076.897415 0.000749
1077.898249 0.000752
1078.899083 0.000752
1079.899917 0.000750
1080.900751 0.000747
1081.901585 0.000747
1082.902419 0.000750
1083.903253 0.000757
1084.904087 0.000768
1085.904921 0.000784
1086.905755 0.000803
1087.906589 0.000825
1088.907423 0.000848
1089.908257 0.000872
1090.909091 0.000896
1091.909925 0.000922
1092.910759 0.000948
1093.911593 0.000976
1094.912427 0.001006
1095.913261 0.001039
1096.914095 0.001075
1097.914929 0.001116
1098.915763 0.001163
1099.916597 0.001216
1100.917431 0.001275
1101.918265 0.001339
1102.919099 0.001406
1103.919933 0.001472
1104.920767 0.001533
1105.921601 0.001587
1106.922435 0.001630
1107.923269 0.001661
1108.924103 0.001679
1109.924937 0.001684
1110.925771 0.001677
1111.926606 0.001660
1112.927440 0.001633
1113.928274 0.001598
1114.929108 0.001555
1115.929942 0.001507
1116.930776 0.001454
1117.931610 0.001400
1118.932444 0.001345
1119.933278 0.001292
1120.934112 0.001242
1121.934946 0.001197
1122.935780 0.001155
1123.936614 0.001117
1124.937448 0.001083
1125.938282 0.001050
1126.939116 0.001020
1127.939950 0.000992
1128.940784 0.000968
1129.941618 0.000947
1130.942452 0.000931
1131.943286 0.000921
1132.944120 0.000915
1133.944954 0.000914
1134.945788 0.000917
1135.946622 0.000924
1136.947456 0.000933
1137.948290 0.000944
1138.949124 0.000955
1139.949958 0.000965
1140.950792 0.000974
1141.951626 0.000981
1142.952460 0.000986
1143.953294 0.000991
1144.954128 0.000995
1145.954962 0.000998
1146.955796 0.001002
1147.956631 0.001006
1148.957465 0.001011
1149.958299 0.001016
1150.959133 0.001023
1151.959967 0.001030
1152.960801 0.001039
1153.961635 0.001049
1154.962469 0.001060
1155.963303 0.001072
1156.964137 0.001086
1157.964971 0.001101
1158.965805 0.001116
1159.966639 0.001133
1160.967473 0.001149
1161.968307 0.001166
1162.969141 0.001183
1163.969975 0.001201
1164.970809 0.001222
1165.971643 0.001246
1166.972477 0.001275
1167.973311 0.001309
1168.974145 0.001349
1169.974979 0.001396
1170.975813 0.001449
1171.976647 0.001511
1172.977481 0.001581
1173.978315 0.001661
1174.979149 0.001754
1175.979983 0.001859
1176.980817 0.001978
1177.981651 0.002114
1178.982485 0.002267
1179.983319 0.002442
1180.984153 0.002641
1181.984987 0.002867
1182.985822 0.003127
1183.986656 0.003424
1184.987490 0.003764
1185.988324 0.004152
1186.989158 0.004592
1187.989992 0.005085
1188.990826 0.005627
1189.991660 0.006208
1190.992494 0.006809
1191.993328 0.007397
1192.994162 0.007927
1193.994996 0.008342
1194.995830 0.008582
1195.996664 0.008589
1196.997498 0.008327
1197.998332 0.007785
1198.999166 0.006993
1200.000000 0.006015
