0.000000 0.000584
1.000834 0.000628
2.001668 0.000666
3.002502 0.000697
4.003336 0.000720
5.004170 0.000735
6.005004 0.000743
7.005838 0.000744
8.006672 0.000738
9.007506 0.000727
10.008340 0.000711
11.009174 0.000692
12.010008 0.000671
13.010842 0.000649
14.011676 0.000627
15.012510 0.000604
16.013344 0.000582
17.014178 0.000561
18.015013 0.000541
19.015847 0.000523
20.016681 0.000505
21.017515 0.000489
22.018349 0.000474
23.019183 0.000460
24.020017 0.000447
25.020851 0.000435
26.021685 0.000423
27.022519 0.000412
28.023353 0.000401
29.024187 0.000391
30.025021 0.000381
31.025855 0.000372
32.026689 0.000363
33.027523 0.000354
34.028357 0.000346
35.029191 0.000338
36.030025 0.000331
37.030859 0.000324
38.031693 0.000318
39.032527 0.000313
40.033361 0.000309
41.034195 0.000305
42.035029 0.000302
43.035863 0.000299
44.036697 0.000297
45.037531 0.000295
46.038365 0.000293
47.039199 0.000292
48.040033 0.000291
49.040867 0.000290
50.041701 0.000290
51.042535 0.000290
52.043369 0.000289
53.044204 0.000289
54.045038 0.000289
55.045872 0.000290
56.046706 0.000290
57.047540 0.000291
58.048374 0.000292
59.049208 0.000293
60.050042 0.000295
61.050876 0.000296
62.051710 0.000298
63.052544 0.000299
64.053378 0.000301
65.054212 0.000303
66.055046 0.000304
67.055880 0.000306
68.056714 0.000308
69.057548 0.000309
70.058382 0.000310
71.059216 0.000311
72.060050 0.000312
73.060884 0.000313
74.061718 0.000313
75.062552 0.000314
76.063386 0.000314
77.064220 0.000313
78.065054 0.000313
79.065888 0.000312
80.066722 0.000311
81.067556 0.000310
82.068390 0.000309
83.069224 0.000308
84.070058 0.000307
85.070892 0.000306
86.071726 0.000305
87.072560 0.000304
88.073394 0.000304
89.074229 0.000304
90.075063 0.000304
91.075897 0.000305
92.076731 0.000307
93.077565 0.000308
94.078399 0.000311
95.079233 0.000314
96.080067 0.000317
97.080901 0.000321
98.081735 0.000325
99.082569 0.000330
100.083403 0.000335
101.084237 0.000341
102.085071 0.000348
103.085905 0.000355
104.086739 0.000363
105.087573 0.000371
106.088407 0.000380
107.089241 0.000389
108.090075 0.000399
109.090909 0.000409
110.091743 0.000419
111.092577 0.000430
112.093411 0.000440
113.094245 0.000451
114.095079 0.000461
115.095913 0.000471
116.096747 0.000480
117.097581 0.000489
118.098415 0.000497
119.099249 0.000505
120.100083 0.000512
121.100917 0.000517
122.101751 0.000523
123.102585 0.000527
124.103420 0.000532
125.104254 0.000535
126.105088 0.000539
127.105922 0.000543
128.106756 0.000546
129.107590 0.000550
130.108424 0.000554
131.109258 0.000559
132.110092 0.000563
133.110926 0.000569
134.111760 0.000574
135.112594 0.000581
136.113428 0.000587
137.114262 0.000594
138.115096 0.000602
139.115930 0.000610
140.116764 0.000618
141.117598 0.000627
142.118432 0.000636
143.119266 0.000645
144.120100 0.000654
145.120934 0.000663
146.121768 0.000672
147.122602 0.000681
148.123436 0.000689
149.124270 0.000697
150.125104 0.000705
151.125938 0.000712
152.126772 0.000719
153.127606 0.000726
154.128440 0.000732
155.129274 0.000739
156.130108 0.000745
157.130942 0.000752
158.131776 0.000758
159.132611 0.000766
160.133445 0.000773
161.134279 0.000780
162.135113 0.000788
163.135947 0.000797
164.136781 0.000806
165.137615 0.000815
166.138449 0.000824
167.139283 0.000834
168.140117 0.000845
169.140951 0.000856
170.141785 0.000867
171.142619 0.000879
172.143453 0.000892
173.144287 0.000906
174.145121 0.000920
175.145955 0.000934
176.146789 0.000949
177.147623 0.000964
178.148457 0.000978
179.149291 0.000992
180.150125 0.001005
181.150959 0.001015
182.151793 0.001024
183.152627 0.001030
184.153461 0.001034
185.154295 0.001034
186.155129 0.001030
187.155963 0.001023
188.156797 0.001013
189.157631 0.000999
190.158465 0.000981
191.159299 0.000961
192.160133 0.000939
193.160967 0.000914
194.161802 0.000887
195.162636 0.000860
196.163470 0.000832
197.164304 0.000804
198.165138 0.000776
199.165972 0.000749
200.166806 0.000722
201.167640 0.000697
202.168474 0.000674
203.169308 0.000652
204.170142 0.000631
205.170976 0.000613
206.171810 0.000596
207.172644 0.000582
208.173478 0.000569
209.174312 0.000559
210.175146 0.000550
211.175980 0.000542
212.176814 0.000536
213.177648 0.000531
214.178482 0.000526
215.179316 0.000523
216.180150 0.000519
217.180984 0.000516
218.181818 0.000513
219.182652 0.000510
220.183486 0.000507
221.184320 0.000504
222.185154 0.000500
223.185988 0.000497
224.186822 0.000493
225.187656 0.000489
226.188490 0.000486
227.189324 0.000482
228.190158 0.000477
229.190992 0.000473
230.191827 0.000467
231.192661 0.000462
232.193495 0.000455
233.194329 0.000449
234.195163 0.000441
235.195997 0.000433
236.196831 0.000425
237.197665 0.000416
238.198499 0.000407
239.199333 0.000398
240.200167 0.000389
241.201001 0.000381
242.201835 0.000373
243.202669 0.000366
244.203503 0.000360
245.204337 0.000354
246.205171 0.000348
247.206005 0.000343
248.206839 0.000339
249.207673 0.000335
250.208507 0.000331
251.209341 0.000328
252.210175 0.000324
253.211009 0.000321
254.211843 0.000317
255.212677 0.000314
256.213511 0.000311
257.214345 0.000308
258.215179 0.000305
259.216013 0.000302
260.216847 0.000299
261.217681 0.000297
262.218515 0.000295
263.219349 0.000293
264.220183 0.000292
265.221018 0.000291
266.221852 0.000291
267.222686 0.000290
268.223520 0.000290
269.224354 0.000290
270.225188 0.000291
271.226022 0.000292
272.226856 0.000293
273.227690 0.000294
274.228524 0.000295
275.229358 0.000296
276.230192 0.000297
277.231026 0.000298
278.231860 0.000298
279.232694 0.000299
280.233528 0.000299
281.234362 0.000300
282.235196 0.000300
283.236030 0.000300
284.236864 0.000300
285.237698 0.000300
286.238532 0.000300
287.239366 0.000301
288.240200 0.000301
289.241034 0.000301
290.241868 0.000302
291.242702 0.000302
292.243536 0.000302
293.244370 0.000303
294.245204 0.000303
295.246038 0.000303
296.246872 0.000303
297.247706 0.000302
298.248540 0.000302
299.249374 0.000302
300.250209 0.000301
301.251043 0.000301
302.251877 0.000301
303.252711 0.000301
304.253545 0.000302
305.254379 0.000303
306.255213 0.000304
307.256047 0.000306
308.256881 0.000308
309.257715 0.000311
310.258549 0.000315
311.259383 0.000319
312.260217 0.000324
313.261051 0.000330
314.261885 0.000337
315.262719 0.000345
316.263553 0.000354
317.264387 0.000364
318.265221 0.000375
319.266055 0.000386
320.266889 0.000399
321.267723 0.000412
322.268557 0.000426
323.269391 0.000441
324.270225 0.000455
325.271059 0.000470
326.271893 0.000485
327.272727 0.000500
328.273561 0.000515
329.274395 0.000529
330.275229 0.000543
331.276063 0.000556
332.276897 0.000569
333.277731 0.000581
334.278565 0.000593
335.279399 0.000605
336.280234 0.000616
337.281068 0.000628
338.281902 0.000640
339.282736 0.000652
340.283570 0.000665
341.284404 0.000680
342.285238 0.000695
343.286072 0.000711
344.286906 0.000728
345.287740 0.000746
346.288574 0.000765
347.289408 0.000786
348.290242 0.000807
349.291076 0.000829
350.291910 0.000852
351.292744 0.000877
352.293578 0.000902
353.294412 0.000930
354.295246 0.000958
355.296080 0.000989
356.296914 0.001023
357.297748 0.001059
358.298582 0.001098
359.299416 0.001139
360.300250 0.001183
361.301084 0.001230
362.301918 0.001279
363.302752 0.001329
364.303586 0.001379
365.304420 0.001429
366.305254 0.001477
367.306088 0.001522
368.306922 0.001562
369.307756 0.001597
370.308590 0.001626
371.309425 0.001647
372.310259 0.001659
373.311093 0.001663
374.311927 0.001657
375.312761 0.001642
376.313595 0.001617
377.314429 0.001585
378.315263 0.001544
379.316097 0.001497
380.316931 0.001445
381.317765 0.001388
382.318599 0.001329
383.319433 0.001269
384.320267 0.001209
385.321101 0.001149
386.321935 0.001093
387.322769 0.001039
388.323603 0.000989
389.324437 0.000943
390.325271 0.000901
391.326105 0.000863
392.326939 0.000830
393.327773 0.000801
394.328607 0.000776
395.329441 0.000753
396.330275 0.000734
397.331109 0.000717
398.331943 0.000703
399.332777 0.000690
400.333611 0.000679
401.334445 0.000668
402.335279 0.000659
403.336113 0.000650
404.336947 0.000642
405.337781 0.000634
406.338616 0.000626
407.339450 0.000618
408.340284 0.000610
409.341118 0.000603
410.341952 0.000596
411.342786 0.000588
412.343620 0.000581
413.344454 0.000574
414.345288 0.000567
415.346122 0.000561
416.346956 0.000555
417.347790 0.000549
418.348624 0.000543
419.349458 0.000538
420.350292 0.000533
421.351126 0.000529
422.351960 0.000525
423.352794 0.000522
424.353628 0.000519
425.354462 0.000517
426.355296 0.000515
427.356130 0.000514
428.356964 0.000513
429.357798 0.000512
430.358632 0.000511
431.359466 0.000510
432.360300 0.000509
433.361134 0.000507
434.361968 0.000505
435.362802 0.000503
436.363636 0.000500
437.364470 0.000497
438.365304 0.000494
439.366138 0.000490
440.366972 0.000486
441.367807 0.000482
442.368641 0.000478
443.369475 0.000474
444.370309 0.000471
445.371143 0.000467
446.371977 0.000464
447.372811 0.000460
448.373645 0.000457
449.374479 0.000454
450.375313 0.000450
451.376147 0.000446
452.376981 0.000442
453.377815 0.000438
454.378649 0.000434
455.379483 0.000429
456.380317 0.000424
457.381151 0.000419
458.381985 0.000413
459.382819 0.000407
460.383653 0.000402
461.384487 0.000396
462.385321 0.000391
463.386155 0.000386
464.386989 0.000381
465.387823 0.000376
466.388657 0.000372
467.389491 0.000368
468.390325 0.000364
469.391159 0.000360
470.391993 0.000356
471.392827 0.000353
472.393661 0.000349
473.394495 0.000345
474.395329 0.000342
475.396163 0.000338
476.396997 0.000334
477.397832 0.000330
478.398666 0.000326
479.399500 0.000321
480.400334 0.000317
481.401168 0.000313
482.402002 0.000309
483.402836 0.000305
484.403670 0.000301
485.404504 0.000298
486.405338 0.000295
487.406172 0.000292
488.407006 0.000290
489.407840 0.000288
490.408674 0.000288
491.409508 0.000287
492.410342 0.000287
493.411176 0.000288
494.412010 0.000288
495.412844 0.000289
496.413678 0.000290
497.414512 0.000292
498.415346 0.000293
499.416180 0.000294
500.417014 0.000295
501.417848 0.000296
502.418682 0.000297
503.419516 0.000298
504.420350 0.000299
505.421184 0.000300
506.422018 0.000301
507.422852 0.000303
508.423686 0.000304
509.424520 0.000306
510.425354 0.000309
511.426188 0.000311
512.427023 0.000314
513.427857 0.000318
514.428691 0.000321
515.429525 0.000325
516.430359 0.000329
517.431193 0.000333
518.432027 0.000337
519.432861 0.000341
520.433695 0.000344
521.434529 0.000347
522.435363 0.000350
523.436197 0.000352
524.437031 0.000354
525.437865 0.000356
526.438699 0.000356
527.439533 0.000356
528.440367 0.000356
529.441201 0.000355
530.442035 0.000353
531.442869 0.000352
532.443703 0.000350
533.444537 0.000347
534.445371 0.000345
535.446205 0.000343
536.447039 0.000341
537.447873 0.000340
538.448707 0.000338
539.449541 0.000338
540.450375 0.000338
541.451209 0.000339
542.452043 0.000340
543.452877 0.000343
544.453711 0.000345
545.454545 0.000349
546.455379 0.000353
547.456214 0.000357
548.457048 0.000362
549.457882 0.000367
550.458716 0.000372
551.459550 0.000378
552.460384 0.000384
553.461218 0.000390
554.462052 0.000396
555.462886 0.000402
556.463720 0.000409
557.464554 0.000416
558.465388 0.000423
559.466222 0.000431
560.467056 0.000438
561.467890 0.000446
562.468724 0.000455
563.469558 0.000463
564.470392 0.000472
565.471226 0.000480
566.472060 0.000489
567.472894 0.000497
568.473728 0.000506
569.474562 0.000514
570.475396 0.000522
571.476230 0.000530
572.477064 0.000537
573.477898 0.000544
574.478732 0.000551
575.479566 0.000558
576.480400 0.000565
577.481234 0.000571
578.482068 0.000578
579.482902 0.000584
580.483736 0.000590
581.484570 0.000597
582.485405 0.000604
583.486239 0.000611
584.487073 0.000618
585.487907 0.000626
586.488741 0.000633
587.489575 0.000641
588.490409 0.000650
589.491243 0.000658
590.492077 0.000666
591.492911 0.000673
592.493745 0.000680
593.494579 0.000686
594.495413 0.000692
595.496247 0.000697
596.497081 0.000702
597.497915 0.000706
598.498749 0.000710
599.499583 0.000714
600.500417 0.000718
601.501251 0.000722
602.502085 0.000726
603.502919 0.000732
604.503753 0.000738
605.504587 0.000744
606.505421 0.000752
607.506255 0.000761
608.507089 0.000771
609.507923 0.000781
610.508757 0.000792
611.509591 0.000804
612.510425 0.000816
613.511259 0.000829
614.512093 0.000842
615.512927 0.000855
616.513761 0.000867
617.514595 0.000880
618.515430 0.000891
619.516264 0.000903
620.517098 0.000913
621.517932 0.000923
622.518766 0.000933
623.519600 0.000942
624.520434 0.000951
625.521268 0.000960
626.522102 0.000969
627.522936 0.000978
628.523770 0.000988
629.524604 0.000999
630.525438 0.001011
631.526272 0.001024
632.527106 0.001038
633.527940 0.001054
634.528774 0.001071
635.529608 0.001089
636.530442 0.001108
637.531276 0.001129
638.532110 0.001151
639.532944 0.001174
640.533778 0.001198
641.534612 0.001223
642.535446 0.001249
643.536280 0.001276
644.537114 0.001304
645.537948 0.001333
646.538782 0.001363
647.539616 0.001393
648.540450 0.001423
649.541284 0.001454
650.542118 0.001485
651.542952 0.001516
652.543786 0.001547
653.544621 0.001577
654.545455 0.001607
655.546289 0.001637
656.547123 0.001668
657.547957 0.001698
658.548791 0.001729
659.549625 0.001761
660.550459 0.001793
661.551293 0.001828
662.552127 0.001864
663.552961 0.001901
664.553795 0.001941
665.554629 0.001984
666.555463 0.002029
667.556297 0.002076
668.557131 0.002126
669.557965 0.002178
670.558799 0.002233
671.559633 0.002291
672.560467 0.002352
673.561301 0.002415
674.562135 0.002481
675.562969 0.002550
676.563803 0.002622
677.564637 0.002696
678.565471 0.002774
679.566305 0.002854
680.567139 0.002935
681.567973 0.003019
682.568807 0.003102
683.569641 0.003185
684.570475 0.003265
685.571309 0.003341
686.572143 0.003411
687.572977 0.003472
688.573812 0.003523
689.574646 0.003562
690.575480 0.003586
691.576314 0.003594
692.577148 0.003585
693.577982 0.003558
694.578816 0.003512
695.579650 0.003447
696.580484 0.003365
697.581318 0.003265
698.582152 0.003151
699.582986 0.003023
700.583820 0.002884
701.584654 0.002736
702.585488 0.002582
703.586322 0.002424
704.587156 0.002265
705.587990 0.002107
706.588824 0.001953
707.589658 0.001804
708.590492 0.001663
709.591326 0.001529
710.592160 0.001404
711.592994 0.001289
712.593828 0.001184
713.594662 0.001089
714.595496 0.001003
715.596330 0.000926
716.597164 0.000857
717.597998 0.000795
718.598832 0.000740
719.599666 0.000691
720.600500 0.000647
721.601334 0.000607
722.602168 0.000571
723.603003 0.000538
724.603837 0.000508
725.604671 0.000481
726.605505 0.000456
727.606339 0.000433
728.607173 0.000411
729.608007 0.000392
730.608841 0.000374
731.609675 0.000358
732.610509 0.000343
733.611343 0.000330
734.612177 0.000318
735.613011 0.000308
736.613845 0.000299
737.614679 0.000291
738.615513 0.000284
739.616347 0.000279
740.617181 0.000274
741.618015 0.000270
742.618849 0.000266
743.619683 0.000264
744.620517 0.000261
745.621351 0.000259
746.622185 0.000257
747.623019 0.000255
748.623853 0.000253
749.624687 0.000251
750.625521 0.000249
751.626355 0.000248
752.627189 0.000246
753.628023 0.000244
754.628857 0.000243
755.629691 0.000241
756.630525 0.000240
757.631359 0.000239
758.632193 0.000238
759.633028 0.000237
760.633862 0.000236
761.634696 0.000235
762.635530 0.000234
763.636364 0.000234
764.637198 0.000233
765.638032 0.000232
766.638866 0.000232
767.639700 0.000231
768.640534 0.000229
769.641368 0.000228
770.642202 0.000226
771.643036 0.000224
772.643870 0.000222
773.644704 0.000220
774.645538 0.000217
775.646372 0.000214
776.647206 0.000211
777.648040 0.000208
778.648874 0.000206
779.649708 0.000203
780.650542 0.000200
781.651376 0.000198
782.652210 0.000196
783.653044 0.000194
784.653878 0.000192
785.654712 0.000191
786.655546 0.000191
787.656380 0.000190
788.657214 0.000190
789.658048 0.000190
790.658882 0.000191
791.659716 0.000191
792.660550 0.000192
793.661384 0.000193
794.662219 0.000195
795.663053 0.000196
796.663887 0.000198
797.664721 0.000200
798.665555 0.000202
799.666389 0.000205
800.667223 0.000207
801.668057 0.000210
802.668891 0.000214
803.669725 0.000217
804.670559 0.000221
805.671393 0.000225
806.672227 0.000230
807.673061 0.000234
808.673895 0.000239
809.674729 0.000245
810.675563 0.000250
811.676397 0.000256
812.677231 0.000262
813.678065 0.000268
814.678899 0.000275
815.679733 0.000282
816.680567 0.000289
817.681401 0.000296
818.682235 0.000303
819.683069 0.000310
820.683903 0.000317
821.684737 0.000324
822.685571 0.000331
823.686405 0.000338
824.687239 0.000345
825.688073 0.000351
826.688907 0.000358
827.689741 0.000365
828.690575 0.000372
829.691410 0.000379
830.692244 0.000386
831.693078 0.000394
832.693912 0.000403
833.694746 0.000412
834.695580 0.000422
835.696414 0.000432
836.697248 0.000443
837.698082 0.000455
838.698916 0.000467
839.699750 0.000479
840.700584 0.000492
841.701418 0.000505
842.702252 0.000518
843.703086 0.000532
844.703920 0.000545
845.704754 0.000558
846.705588 0.000572
847.706422 0.000585
848.707256 0.000598
849.708090 0.000612
850.708924 0.000625
851.709758 0.000638
852.710592 0.000652
853.711426 0.000665
854.712260 0.000679
855.713094 0.000693
856.713928 0.000707
857.714762 0.000721
858.715596 0.000735
859.716430 0.000749
860.717264 0.000763
861.718098 0.000778
862.718932 0.000792
863.719766 0.000806
864.720601 0.000820
865.721435 0.000834
866.722269 0.000848
867.723103 0.000862
868.723937 0.000876
869.724771 0.000890
870.725605 0.000903
871.726439 0.000917
872.727273 0.000930
873.728107 0.000943
874.728941 0.000955
875.729775 0.000967
876.730609 0.000979
877.731443 0.000989
878.732277 0.000999
879.733111 0.001007
880.733945 0.001014
881.734779 0.001020
882.735613 0.001023
883.736447 0.001025
884.737281 0.001025
885.738115 0.001024
886.738949 0.001020
887.739783 0.001016
888.740617 0.001010
889.741451 0.001003
890.742285 0.000995
891.743119 0.000987
892.743953 0.000979
893.744787 0.000970
894.745621 0.000962
895.746455 0.000955
896.747289 0.000948
897.748123 0.000941
898.748957 0.000936
899.749791 0.000931
900.750626 0.000926
901.751460 0.000922
902.752294 0.000919
903.753128 0.000915
904.753962 0.000912
905.754796 0.000908
906.755630 0.000904
907.756464 0.000900
908.757298 0.000894
909.758132 0.000888
910.758966 0.000881
911.759800 0.000873
912.760634 0.000864
913.761468 0.000854
914.762302 0.000843
915.763136 0.000832
916.763970 0.000821
917.764804 0.000809
918.765638 0.000798
919.766472 0.000786
920.767306 0.000775
921.768140 0.000765
922.768974 0.000756
923.769808 0.000747
924.770642 0.000739
925.771476 0.000731
926.772310 0.000725
927.773144 0.000719
928.773978 0.000713
929.774812 0.000708
930.775646 0.000703
931.776480 0.000698
932.777314 0.000694
933.778148 0.000690
934.778982 0.000685
935.779817 0.000681
936.780651 0.000677
937.781485 0.000673
938.782319 0.000668
939.783153 0.000664
940.783987 0.000660
941.784821 0.000656
942.785655 0.000652
943.786489 0.000648
944.787323 0.000644
945.788157 0.000639
946.788991 0.000635
947.789825 0.000630
948.790659 0.000625
949.791493 0.000620
950.792327 0.000614
951.793161 0.000608
952.793995 0.000601
953.794829 0.000595
954.795663 0.000588
955.796497 0.000581
956.797331 0.000574
957.798165 0.000568
958.798999 0.000562
959.799833 0.000556
960.800667 0.000551
961.801501 0.000547
962.802335 0.000544
963.803169 0.000541
964.804003 0.000539
965.804837 0.000537
966.805671 0.000537
967.806505 0.000536
968.807339 0.000536
969.808173 0.000535
970.809008 0.000535
971.809842 0.000534
972.810676 0.000533
973.811510 0.000531
974.812344 0.000528
975.813178 0.000525
976.814012 0.000521
977.814846 0.000517
978.815680 0.000512
979.816514 0.000507
980.817348 0.000501
981.818182 0.000496
982.819016 0.000490
983.819850 0.000485
984.820684 0.000479
985.821518 0.000474
986.822352 0.000470
987.823186 0.000466
988.824020 0.000462
989.824854 0.000459
990.825688 0.000456
991.826522 0.000454
992.827356 0.000453
993.828190 0.000452
994.829024 0.000451
995.829858 0.000451
996.830692 0.000452
997.831526 0.000452
998.832360 0.000454
999.833194 0.000455
1000.834028 0.000458
1001.834862 0.000460
1002.835696 0.000463
1003.836530 0.000467
1004.837364 0.000470
1005.838198 0.000474
1006.839033 0.000478
1007.839867 0.000483
1008.840701 0.000487
1009.841535 0.000492
1010.842369 0.000497
1011.843203 0.000503
1012.844037 0.000508
1013.844871 0.000514
1014.845705 0.000520
1015.846539 0.000526
1016.847373 0.000533
1017.848207 0.000540
1018.849041 0.000547
1019.849875 0.000554
1020.850709 0.000562
1021.851543 0.000569
1022.852377 0.000576
1023.853211 0.000583
1024.854045 0.000589
1025.854879 0.000596
1026.855713 0.000601
1027.856547 0.000606
1028.857381 0.000611
1029.858215 0.000615
1030.859049 0.000618
1031.859883 0.000622
1032.860717 0.000625
1033.861551 0.000628
1034.862385 0.000632
1035.863219 0.000635
1036.864053 0.000640
1037.864887 0.000645
1038.865721 0.000652
1039.866555 0.000659
1040.867389 0.000668
1041.868224 0.000678
1042.869058 0.000689
1043.869892 0.000701
1044.870726 0.000714
1045.871560 0.000729
1046.872394 0.000744
1047.873228 0.000759
1048.874062 0.000775
1049.874896 0.000792
1050.875730 0.000809
1051.876564 0.000826
1052.877398 0.000844
1053.878232 0.000862
1054.879066 0.000881
1055.879900 0.000900
1056.880734 0.000921
1057.881568 0.000942
1058.882402 0.000965
1059.883236 0.000989
1060.884070 0.001014
1061.884904 0.001041
1062.885738 0.001068
1063.886572 0.001096
1064.887406 0.001124
1065.888240 0.001153
1066.889074 0.001182
1067.889908 0.001210
1068.890742 0.001237
1069.891576 0.001263
1070.892410 0.001288
1071.893244 0.001312
1072.894078 0.001334
1073.894912 0.001354
1074.895746 0.001372
1075.896580 0.001389
1076.897415 0.001404
1077.898249 0.001418
1078.899083 0.001430
1079.899917 0.001441
1080.900751 0.001451
1081.901585 0.001459
1082.902419 0.001466
1083.903253 0.001472
1084.904087 0.001478
1085.904921 0.001482
1086.905755 0.001486
1087.906589 0.001489
1088.907423 0.001492
1089.908257 0.001495
1090.909091 0.001497
1091.909925 0.001500
1092.910759 0.001502
1093.911593 0.001505
1094.912427 0.001508
1095.913261 0.001512
1096.914095 0.001516
1097.914929 0.001520
1098.915763 0.001524
1099.916597 0.001529
1100.917431 0.001534
1101.918265 0.001538
1102.919099 0.001543
1103.919933 0.001547
1104.920767 0.001550
1105.921601 0.001552
1106.922435 0.001554
1107.923269 0.001555
1108.924103 0.001555
1109.924937 0.001554
1110.925771 0.001553
1111.926606 0.001551
1112.927440 0.001548
1113.928274 0.001546
1114.929108 0.001544
1115.929942 0.001542
1116.930776 0.001541
1117.931610 0.001542
1118.932444 0.001543
1119.933278 0.001546
1120.934112 0.001550
1121.934946 0.001556
1122.935780 0.001564
1123.936614 0.001574
1124.937448 0.001585
1125.938282 0.001598
1126.939116 0.001612
1127.939950 0.001628
1128.940784 0.001644
1129.941618 0.001662
1130.942452 0.001681
1131.943286 0.001700
1132.944120 0.001721
1133.944954 0.001742
1134.945788 0.001763
1135.946622 0.001786
1136.947456 0.001809
1137.948290 0.001832
1138.949124 0.001857
1139.949958 0.001882
1140.950792 0.001909
1141.951626 0.001936
1142.952460 0.001963
1143.953294 0.001991
1144.954128 0.002020
1145.954962 0.002049
1146.955796 0.002077
1147.956631 0.002105
1148.957465 0.002132
1149.958299 0.002158
1150.959133 0.002183
1151.959967 0.002206
1152.960801 0.002227
1153.961635 0.002247
1154.962469 0.002264
1155.963303 0.002280
1156.964137 0.002295
1157.964971 0.002309
1158.965805 0.002322
1159.966639 0.002336
1160.967473 0.002349
1161.968307 0.002363
1162.969141 0.002379
1163.969975 0.002396
1164.970809 0.002415
1165.971643 0.002437
1166.972477 0.002461
1167.973311 0.002487
1168.974145 0.002516
1169.974979 0.002548
1170.975813 0.002582
1171.976647 0.002619
1172.977481 0.002658
1173.978315 0.002700
1174.979149 0.002744
1175.979983 0.002790
1176.980817 0.002837
1177.981651 0.002885
1178.982485 0.002934
1179.983319 0.002981
1180.984153 0.003027
1181.984987 0.003070
1182.985822 0.003108
1183.986656 0.003140
1184.987490 0.003164
1185.988324 0.003177
1186.989158 0.003178
1187.989992 0.003165
1188.990826 0.003136
1189.991660 0.003088
1190.992494 0.003021
1191.993328 0.002934
1192.994162 0.002826
1193.994996 0.002699
1194.995830 0.002553
1195.996664 0.002390
1196.997498 0.002214
1197.998332 0.002027
1198.999166 0.001834
1200.000000 0.001639
