0.000000 0.000731
1.000834 0.000827
2.001668 0.000913
3.002502 0.000986
4.003336 0.001042
5.004170 0.001080
6.005004 0.001100
7.005838 0.001103
8.006672 0.001091
9.007506 0.001067
10.008340 0.001035
11.009174 0.000998
12.010008 0.000957
13.010842 0.000916
14.011676 0.000876
15.012510 0.000839
16.013344 0.000804
17.014178 0.000771
18.015013 0.000741
19.015847 0.000711
20.016681 0.000682
21.017515 0.000654
22.018349 0.000624
23.019183 0.000594
24.020017 0.000564
25.020851 0.000534
26.021685 0.000504
27.022519 0.000475
28.023353 0.000447
29.024187 0.000422
30.025021 0.000399
31.025855 0.000378
32.026689 0.000360
33.027523 0.000344
34.028357 0.000330
35.029191 0.000317
36.030025 0.000307
37.030859 0.000299
38.031693 0.000292
39.032527 0.000286
40.033361 0.000281
41.034195 0.000278
42.035029 0.000274
43.035863 0.000271
44.036697 0.000268
45.037531 0.000264
46.038365 0.000260
47.039199 0.000255
48.040033 0.000250
49.040867 0.000244
50.041701 0.000238
51.042535 0.000231
52.043369 0.000226
53.044204 0.000220
54.045038 0.000216
55.045872 0.000212
56.046706 0.000210
57.047540 0.000208
58.048374 0.000207
59.049208 0.000206
60.050042 0.000207
61.050876 0.000207
62.051710 0.000208
63.052544 0.000209
64.053378 0.000210
65.054212 0.000211
66.055046 0.000211
67.055880 0.000211
68.056714 0.000210
69.057548 0.000209
70.058382 0.000208
71.059216 0.000207
72.060050 0.000206
73.060884 0.000205
74.061718 0.000205
75.062552 0.000205
76.063386 0.000205
77.064220 0.000205
78.065054 0.000206
79.065888 0.000207
80.066722 0.000208
81.067556 0.000208
82.068390 0.000209
83.069224 0.000211
84.070058 0.000212
85.070892 0.000213
86.071726 0.000215
87.072560 0.000216
88.073394 0.000217
89.074229 0.000217
90.075063 0.000218
91.075897 0.000218
92.076731 0.000217
93.077565 0.000217
94.078399 0.000217
95.079233 0.000217
96.080067 0.000218
97.080901 0.000219
98.081735 0.000221
99.082569 0.000223
100.083403 0.000225
101.084237 0.000228
102.085071 0.000230
103.085905 0.000232
104.086739 0.000234
105.087573 0.000235
106.088407 0.000237
107.089241 0.000238
108.090075 0.000240
109.090909 0.000242
110.091743 0.000244
111.092577 0.000247
112.093411 0.000251
113.094245 0.000254
114.095079 0.000258
115.095913 0.000261
116.096747 0.000264
117.097581 0.000267
118.098415 0.000270
119.099249 0.000273
120.100083 0.000275
121.100917 0.000278
122.101751 0.000281
123.102585 0.000284
124.103420 0.000288
125.104254 0.000293
126.105088 0.000299
127.105922 0.000305
128.106756 0.000313
129.107590 0.000321
130.108424 0.000330
131.109258 0.000340
132.110092 0.000350
133.110926 0.000359
134.111760 0.000368
135.112594 0.000377
136.113428 0.000384
137.114262 0.000391
138.115096 0.000398
139.115930 0.000404
140.116764 0.000410
141.117598 0.000416
142.118432 0.000424
143.119266 0.000433
144.120100 0.000444
145.120934 0.000456
146.121768 0.000470
147.122602 0.000485
148.123436 0.000501
149.124270 0.000518
150.125104 0.000534
151.125938 0.000551
152.126772 0.000567
153.127606 0.000582
154.128440 0.000596
155.129274 0.000610
156.130108 0.000622
157.130942 0.000633
158.131776 0.000643
159.132611 0.000652
160.133445 0.000660
161.134279 0.000669
162.135113 0.000679
163.135947 0.000689
164.136781 0.000700
165.137615 0.000713
166.138449 0.000727
167.139283 0.000741
168.140117 0.000756
169.140951 0.000770
170.141785 0.000784
171.142619 0.000795
172.143453 0.000805
173.144287 0.000811
174.145121 0.000816
175.145955 0.000818
176.146789 0.000818
177.147623 0.000816
178.148457 0.000813
179.149291 0.000809
180.150125 0.000803
181.150959 0.000796
182.151793 0.000787
183.152627 0.000777
184.153461 0.000766
185.154295 0.000753
186.155129 0.000738
187.155963 0.000723
188.156797 0.000708
189.157631 0.000693
190.158465 0.000679
191.159299 0.000666
192.160133 0.000655
193.160967 0.000646
194.161802 0.000638
195.162636 0.000630
196.163470 0.000623
197.164304 0.000616
198.165138 0.000607
199.165972 0.000598
200.166806 0.000588
201.167640 0.000577
202.168474 0.000565
203.169308 0.000552
204.170142 0.000540
205.170976 0.000528
206.171810 0.000516
207.172644 0.000505
208.173478 0.000495
209.174312 0.000486
210.175146 0.000477
211.175980 0.000470
212.176814 0.000463
213.177648 0.000456
214.178482 0.000451
215.179316 0.000445
216.180150 0.000441
217.180984 0.000436
218.181818 0.000432
219.182652 0.000428
220.183486 0.000424
221.184320 0.000420
222.185154 0.000417
223.185988 0.000413
224.186822 0.000409
225.187656 0.000404
226.188490 0.000400
227.189324 0.000395
228.190158 0.000390
229.190992 0.000386
230.191827 0.000381
231.192661 0.000377
232.193495 0.000373
233.194329 0.000370
234.195163 0.000368
235.195997 0.000366
236.196831 0.000365
237.197665 0.000364
238.198499 0.000364
239.199333 0.000364
240.200167 0.000364
241.201001 0.000365
242.201835 0.000366
243.202669 0.000368
244.203503 0.000369
245.204337 0.000372
246.205171 0.000374
247.206005 0.000377
248.206839 0.000380
249.207673 0.000383
250.208507 0.000385
251.209341 0.000387
252.210175 0.000388
253.211009 0.000388
254.211843 0.000387
255.212677 0.000385
256.213511 0.000381
257.214345 0.000377
258.215179 0.000371
259.216013 0.000365
260.216847 0.000358
261.217681 0.000351
262.218515 0.000345
263.219349 0.000338
264.220183 0.000333
265.221018 0.000329
266.221852 0.000326
267.222686 0.000324
268.223520 0.000324
269.224354 0.000326
270.225188 0.000328
271.226022 0.000332
272.226856 0.000338
273.227690 0.000344
274.228524 0.000352
275.229358 0.000360
276.230192 0.000370
277.231026 0.000380
278.231860 0.000390
279.232694 0.000400
280.233528 0.000410
281.234362 0.000419
282.235196 0.000427
283.236030 0.000434
284.236864 0.000440
285.237698 0.000444
286.238532 0.000448
287.239366 0.000450
288.240200 0.000451
289.241034 0.000452
290.241868 0.000452
291.242702 0.000452
292.243536 0.000451
293.244370 0.000451
294.245204 0.000451
295.246038 0.000450
296.246872 0.000451
297.247706 0.000451
298.248540 0.000452
299.249374 0.000453
300.250209 0.000454
301.251043 0.000456
302.251877 0.000458
303.252711 0.000461
304.253545 0.000464
305.254379 0.000467
306.255213 0.000470
307.256047 0.000474
308.256881 0.000477
309.257715 0.000480
310.258549 0.000484
311.259383 0.000487
312.260217 0.000490
313.261051 0.000494
314.261885 0.000498
315.262719 0.000503
316.263553 0.000509
317.264387 0.000516
318.265221 0.000524
319.266055 0.000532
320.266889 0.000541
321.267723 0.000551
322.268557 0.000560
323.269391 0.000570
324.270225 0.000579
325.271059 0.000589
326.271893 0.000599
327.272727 0.000610
328.273561 0.000622
329.274395 0.000634
330.275229 0.000648
331.276063 0.000662
332.276897 0.000677
333.277731 0.000693
334.278565 0.000708
335.279399 0.000723
336.280234 0.000738
337.281068 0.000752
338.281902 0.000765
339.282736 0.000778
340.283570 0.000789
341.284404 0.000801
342.285238 0.000812
343.286072 0.000822
344.286906 0.000831
345.287740 0.000840
346.288574 0.000848
347.289408 0.000855
348.290242 0.000861
349.291076 0.000866
350.291910 0.000869
351.292744 0.000872
352.293578 0.000873
353.294412 0.000874
354.295246 0.000875
355.296080 0.000875
356.296914 0.000875
357.297748 0.000875
358.298582 0.000876
359.299416 0.000877
360.300250 0.000879
361.301084 0.000881
362.301918 0.000884
363.302752 0.000885
364.303586 0.000887
365.304420 0.000887
366.305254 0.000885
367.306088 0.000883
368.306922 0.000879
369.307756 0.000874
370.308590 0.000869
371.309425 0.000863
372.310259 0.000858
373.311093 0.000852
374.311927 0.000847
375.312761 0.000841
376.313595 0.000836
377.314429 0.000831
378.315263 0.000825
379.316097 0.000819
380.316931 0.000813
381.317765 0.000807
382.318599 0.000800
383.319433 0.000792
384.320267 0.000784
385.321101 0.000775
386.321935 0.000766
387.322769 0.000755
388.323603 0.000744
389.324437 0.000733
390.325271 0.000722
391.326105 0.000711
392.326939 0.000700
393.327773 0.000690
394.328607 0.000680
395.329441 0.000672
396.330275 0.000666
397.331109 0.000660
398.331943 0.000657
399.332777 0.000654
400.333611 0.000652
401.334445 0.000651
402.335279 0.000651
403.336113 0.000649
404.336947 0.000648
405.337781 0.000645
406.338616 0.000641
407.339450 0.000636
408.340284 0.000631
409.341118 0.000625
410.341952 0.000618
411.342786 0.000612
412.343620 0.000606
413.344454 0.000601
414.345288 0.000596
415.346122 0.000591
416.346956 0.000586
417.347790 0.000582
418.348624 0.000577
419.349458 0.000572
420.350292 0.000567
421.351126 0.000562
422.351960 0.000557
423.352794 0.000553
424.353628 0.000549
425.354462 0.000547
426.355296 0.000545
427.356130 0.000544
428.356964 0.000544
429.357798 0.000545
430.358632 0.000548
431.359466 0.000550
432.360300 0.000553
433.361134 0.000556
434.361968 0.000560
435.362802 0.000563
436.363636 0.000565
437.364470 0.000568
438.365304 0.000569
439.366138 0.000571
440.366972 0.000572
441.367807 0.000572
442.368641 0.000573
443.369475 0.000573
444.370309 0.000573
445.371143 0.000572
446.371977 0.000571
447.372811 0.000569
448.373645 0.000565
449.374479 0.000560
450.375313 0.000554
451.376147 0.000545
452.376981 0.000535
453.377815 0.000524
454.378649 0.000512
455.379483 0.000500
456.380317 0.000488
457.381151 0.000477
458.381985 0.000467
459.382819 0.000458
460.383653 0.000451
461.384487 0.000445
462.385321 0.000440
463.386155 0.000435
464.386989 0.000431
465.387823 0.000427
466.388657 0.000424
467.389491 0.000420
468.390325 0.000416
469.391159 0.000412
470.391993 0.000408
471.392827 0.000405
472.393661 0.000401
473.394495 0.000397
474.395329 0.000393
475.396163 0.000388
476.396997 0.000384
477.397832 0.000380
478.398666 0.000375
479.399500 0.000370
480.400334 0.000365
481.401168 0.000360
482.402002 0.000355
483.402836 0.000349
484.403670 0.000343
485.404504 0.000337
486.405338 0.000331
487.406172 0.000325
488.407006 0.000320
489.407840 0.000316
490.408674 0.000312
491.409508 0.000309
492.410342 0.000308
493.411176 0.000307
494.412010 0.000307
495.412844 0.000307
496.413678 0.000308
497.414512 0.000309
498.415346 0.000310
499.416180 0.000311
500.417014 0.000311
501.417848 0.000311
502.418682 0.000310
503.419516 0.000309
504.420350 0.000308
505.421184 0.000307
506.422018 0.000306
507.422852 0.000306
508.423686 0.000306
509.424520 0.000306
510.425354 0.000308
511.426188 0.000309
512.427023 0.000311
513.427857 0.000313
514.428691 0.000315
515.429525 0.000318
516.430359 0.000320
517.431193 0.000322
518.432027 0.000324
519.432861 0.000326
520.433695 0.000329
521.434529 0.000331
522.435363 0.000335
523.436197 0.000338
524.437031 0.000342
525.437865 0.000346
526.438699 0.000351
527.439533 0.000355
528.440367 0.000359
529.441201 0.000363
530.442035 0.000366
531.442869 0.000369
532.443703 0.000371
533.444537 0.000373
534.445371 0.000375
535.446205 0.000377
536.447039 0.000378
537.447873 0.000379
538.448707 0.000380
539.449541 0.000381
540.450375 0.000381
541.451209 0.000381
542.452043 0.000380
543.452877 0.000379
544.453711 0.000379
545.454545 0.000378
546.455379 0.000379
547.456214 0.000380
548.457048 0.000382
549.457882 0.000385
550.458716 0.000389
551.459550 0.000394
552.460384 0.000399
553.461218 0.000405
554.462052 0.000410
555.462886 0.000415
556.463720 0.000421
557.464554 0.000425
558.465388 0.000429
559.466222 0.000433
560.467056 0.000436
561.467890 0.000439
562.468724 0.000442
563.469558 0.000445
564.470392 0.000448
565.471226 0.000451
566.472060 0.000454
567.472894 0.000458
568.473728 0.000461
569.474562 0.000465
570.475396 0.000469
571.476230 0.000472
572.477064 0.000476
573.477898 0.000480
574.478732 0.000485
575.479566 0.000490
576.480400 0.000496
577.481234 0.000502
578.482068 0.000508
579.482902 0.000515
580.483736 0.000522
581.484570 0.000529
582.485405 0.000536
583.486239 0.000542
584.487073 0.000549
585.487907 0.000555
586.488741 0.000562
587.489575 0.000569
588.490409 0.000576
589.491243 0.000584
590.492077 0.000592
591.492911 0.000600
592.493745 0.000609
593.494579 0.000619
594.495413 0.000629
595.496247 0.000640
596.497081 0.000651
597.497915 0.000663
598.498749 0.000676
599.499583 0.000690
600.500417 0.000705
601.501251 0.000720
602.502085 0.000736
603.502919 0.000753
604.503753 0.000770
605.504587 0.000787
606.505421 0.000804
607.506255 0.000822
608.507089 0.000839
609.507923 0.000857
610.508757 0.000874
611.509591 0.000892
612.510425 0.000911
613.511259 0.000930
614.512093 0.000950
615.512927 0.000971
616.513761 0.000993
617.514595 0.001016
618.515430 0.001040
619.516264 0.001066
620.517098 0.001093
621.517932 0.001122
622.518766 0.001151
623.519600 0.001181
624.520434 0.001212
625.521268 0.001243
626.522102 0.001273
627.522936 0.001302
628.523770 0.001331
629.524604 0.001360
630.525438 0.001388
631.526272 0.001415
632.527106 0.001444
633.527940 0.001474
634.528774 0.001506
635.529608 0.001540
636.530442 0.001577
637.531276 0.001617
638.532110 0.001661
639.532944 0.001707
640.533778 0.001756
641.534612 0.001807
642.535446 0.001859
643.536280 0.001911
644.537114 0.001963
645.537948 0.002013
646.538782 0.002061
647.539616 0.002107
648.540450 0.002151
649.541284 0.002192
650.542118 0.002231
651.542952 0.002269
652.543786 0.002306
653.544621 0.002344
654.545455 0.002384
655.546289 0.002425
656.547123 0.002469
657.547957 0.002517
658.548791 0.002567
659.549625 0.002620
660.550459 0.002676
661.551293 0.002734
662.552127 0.002794
663.552961 0.002855
664.553795 0.002918
665.554629 0.002982
666.555463 0.003046
667.556297 0.003112
668.557131 0.003178
669.557965 0.003244
670.558799 0.003310
671.559633 0.003374
672.560467 0.003435
673.561301 0.003495
674.562135 0.003551
675.562969 0.003605
676.563803 0.003656
677.564637 0.003705
678.565471 0.003755
679.566305 0.003804
680.567139 0.003854
681.567973 0.003905
682.568807 0.003956
683.569641 0.004005
684.570475 0.004051
685.571309 0.004092
686.572143 0.004123
687.572977 0.004143
688.573812 0.004148
689.574646 0.004137
690.575480 0.004108
691.576314 0.004061
692.577148 0.003995
693.577982 0.003912
694.578816 0.003812
695.579650 0.003697
696.580484 0.003568
697.581318 0.003426
698.582152 0.003274
699.582986 0.003113
700.583820 0.002945
701.584654 0.002772
702.585488 0.002597
703.586322 0.002423
704.587156 0.002253
705.587990 0.002089
706.588824 0.001933
707.589658 0.001786
708.590492 0.001649
709.591326 0.001523
710.592160 0.001405
711.592994 0.001298
712.593828 0.001198
713.594662 0.001107
714.595496 0.001023
715.596330 0.000946
716.597164 0.000876
717.597998 0.000812
718.598832 0.000755
719.599666 0.000703
720.600500 0.000658
721.601334 0.000617
722.602168 0.000582
723.603003 0.000550
724.603837 0.000521
725.604671 0.000496
726.605505 0.000473
727.606339 0.000452
728.607173 0.000433
729.608007 0.000415
730.608841 0.000399
731.609675 0.000384
732.610509 0.000370
733.611343 0.000357
734.612177 0.000345
735.613011 0.000334
736.613845 0.000323
737.614679 0.000313
738.615513 0.000302
739.616347 0.000293
740.617181 0.000283
741.618015 0.000275
742.618849 0.000266
743.619683 0.000259
744.620517 0.000252
745.621351 0.000245
746.622185 0.000240
747.623019 0.000235
748.623853 0.000230
749.624687 0.000227
750.625521 0.000223
751.626355 0.000220
752.627189 0.000217
753.628023 0.000215
754.628857 0.000213
755.629691 0.000210
756.630525 0.000208
757.631359 0.000206
758.632193 0.000204
759.633028 0.000201
760.633862 0.000198
761.634696 0.000195
762.635530 0.000192
763.636364 0.000189
764.637198 0.000185
765.638032 0.000182
766.638866 0.000179
767.639700 0.000176
768.640534 0.000173
769.641368 0.000171
770.642202 0.000169
771.643036 0.000168
772.643870 0.000168
773.644704 0.000169
774.645538 0.000171
775.646372 0.000175
776.647206 0.000180
777.648040 0.000185
778.648874 0.000192
779.649708 0.000200
780.650542 0.000208
781.651376 0.000216
782.652210 0.000224
783.653044 0.000231
784.653878 0.000237
785.654712 0.000242
786.655546 0.000247
787.656380 0.000250
788.657214 0.000252
789.658048 0.000254
790.658882 0.000255
791.659716 0.000256
792.660550 0.000256
793.661384 0.000256
794.662219 0.000255
795.663053 0.000255
796.663887 0.000254
797.664721 0.000253
798.665555 0.000252
799.666389 0.000251
800.667223 0.000250
801.668057 0.000250
802.668891 0.000249
803.669725 0.000249
804.670559 0.000249
805.671393 0.000249
806.672227 0.000249
807.673061 0.000249
808.673895 0.000249
809.674729 0.000248
810.675563 0.000248
811.676397 0.000247
812.677231 0.000247
813.678065 0.000246
814.678899 0.000246
815.679733 0.000246
816.680567 0.000246
817.681401 0.000247
818.682235 0.000248
819.683069 0.000249
820.683903 0.000251
821.684737 0.000253
822.685571 0.000256
823.686405 0.000259
824.687239 0.000263
825.688073 0.000266
826.688907 0.000270
827.689741 0.000274
828.690575 0.000278
829.691410 0.000283
830.692244 0.000287
831.693078 0.000291
832.693912 0.000296
833.694746 0.000301
834.695580 0.000307
835.696414 0.000315
836.697248 0.000323
837.698082 0.000333
838.698916 0.000343
839.699750 0.000354
840.700584 0.000366
841.701418 0.000377
842.702252 0.000388
843.703086 0.000398
844.703920 0.000407
845.704754 0.000415
846.705588 0.000422
847.706422 0.000429
848.707256 0.000435
849.708090 0.000441
850.708924 0.000447
851.709758 0.000455
852.710592 0.000464
853.711426 0.000474
854.712260 0.000487
855.713094 0.000501
856.713928 0.000516
857.714762 0.000533
858.715596 0.000550
859.716430 0.000566
860.717264 0.000582
861.718098 0.000596
862.718932 0.000608
863.719766 0.000619
864.720601 0.000627
865.721435 0.000633
866.722269 0.000637
867.723103 0.000639
868.723937 0.000641
869.724771 0.000642
870.725605 0.000642
871.726439 0.000643
872.727273 0.000644
873.728107 0.000645
874.728941 0.000647
875.729775 0.000650
876.730609 0.000654
877.731443 0.000660
878.732277 0.000666
879.733111 0.000675
880.733945 0.000684
881.734779 0.000695
882.735613 0.000707
883.736447 0.000720
884.737281 0.000732
885.738115 0.000744
886.738949 0.000755
887.739783 0.000765
888.740617 0.000772
889.741451 0.000778
890.742285 0.000782
891.743119 0.000784
892.743953 0.000785
893.744787 0.000785
894.745621 0.000784
895.746455 0.000782
896.747289 0.000780
897.748123 0.000777
898.748957 0.000774
899.749791 0.000770
900.750626 0.000766
901.751460 0.000761
902.752294 0.000755
903.753128 0.000747
904.753962 0.000739
905.754796 0.000730
906.755630 0.000721
907.756464 0.000712
908.757298 0.000704
909.758132 0.000696
910.758966 0.000690
911.759800 0.000685
912.760634 0.000681
913.761468 0.000678
914.762302 0.000677
915.763136 0.000675
916.763970 0.000674
917.764804 0.000672
918.765638 0.000670
919.766472 0.000667
920.767306 0.000663
921.768140 0.000659
922.768974 0.000653
923.769808 0.000646
924.770642 0.000639
925.771476 0.000631
926.772310 0.000622
927.773144 0.000613
928.773978 0.000604
929.774812 0.000595
930.775646 0.000587
931.776480 0.000579
932.777314 0.000571
933.778148 0.000565
934.778982 0.000560
935.779817 0.000555
936.780651 0.000552
937.781485 0.000549
938.782319 0.000546
939.783153 0.000543
940.783987 0.000541
941.784821 0.000539
942.785655 0.000536
943.786489 0.000534
944.787323 0.000533
945.788157 0.000531
946.788991 0.000530
947.789825 0.000529
948.790659 0.000528
949.791493 0.000526
950.792327 0.000524
951.793161 0.000522
952.793995 0.000519
953.794829 0.000516
954.795663 0.000511
955.796497 0.000506
956.797331 0.000501
957.798165 0.000495
958.798999 0.000489
959.799833 0.000483
960.800667 0.000477
961.801501 0.000472
962.802335 0.000467
963.803169 0.000462
964.804003 0.000457
965.804837 0.000453
966.805671 0.000448
967.806505 0.000443
968.807339 0.000437
969.808173 0.000432
970.809008 0.000426
971.809842 0.000421
972.810676 0.000417
973.811510 0.000413
974.812344 0.000411
975.813178 0.000410
976.814012 0.000409
977.814846 0.000409
978.815680 0.000410
979.816514 0.000410
980.817348 0.000410
981.818182 0.000410
982.819016 0.000410
983.819850 0.000409
984.820684 0.000408
985.821518 0.000407
986.822352 0.000406
987.823186 0.000406
988.824020 0.000407
989.824854 0.000409
990.825688 0.000412
991.826522 0.000417
992.827356 0.000422
993.828190 0.000429
994.829024 0.000436
995.829858 0.000444
996.830692 0.000451
997.831526 0.000458
998.832360 0.000464
999.833194 0.000469
1000.834028 0.000472
1001.834862 0.000474
1002.835696 0.000474
1003.836530 0.000473
1004.837364 0.000471
1005.838198 0.000468
1006.839033 0.000465
1007.839867 0.000462
1008.840701 0.000460
1009.841535 0.000459
1010.842369 0.000460
1011.843203 0.000463
1012.844037 0.000466
1013.844871 0.000471
1014.845705 0.000478
1015.846539 0.000485
1016.847373 0.000493
1017.848207 0.000501
1018.849041 0.000509
1019.849875 0.000517
1020.850709 0.000525
1021.851543 0.000532
1022.852377 0.000538
1023.853211 0.000543
1024.854045 0.000548
1025.854879 0.000553
1026.855713 0.000556
1027.856547 0.000560
1028.857381 0.000563
1029.858215 0.000566
1030.859049 0.000569
1031.859883 0.000572
1032.860717 0.000575
1033.861551 0.000578
1034.862385 0.000581
1035.863219 0.000585
1036.864053 0.000589
1037.864887 0.000594
1038.865721 0.000600
1039.866555 0.000607
1040.867389 0.000614
1041.868224 0.000621
1042.869058 0.000630
1043.869892 0.000638
1044.870726 0.000646
1045.871560 0.000654
1046.872394 0.000662
1047.873228 0.000670
1048.874062 0.000677
1049.874896 0.000684
1050.875730 0.000692
1051.876564 0.000699
1052.877398 0.000707
1053.878232 0.000715
1054.879066 0.000723
1055.879900 0.000731
1056.880734 0.000739
1057.881568 0.000748
1058.882402 0.000756
1059.883236 0.000765
1060.884070 0.000774
1061.884904 0.000782
1062.885738 0.000791
1063.886572 0.000800
1064.887406 0.000809
1065.888240 0.000818
1066.889074 0.000827
1067.889908 0.000837
1068.890742 0.000847
1069.891576 0.000856
1070.892410 0.000866
1071.893244 0.000876
1072.894078 0.000886
1073.894912 0.000896
1074.895746 0.000906
1075.896580 0.000916
1076.897415 0.000927
1077.898249 0.000939
1078.899083 0.000952
1079.899917 0.000966
1080.900751 0.000981
1081.901585 0.000997
1082.902419 0.001014
1083.903253 0.001031
1084.904087 0.001049
1085.904921 0.001067
1086.905755 0.001085
1087.906589 0.001102
1088.907423 0.001118
1089.908257 0.001133
1090.909091 0.001148
1091.909925 0.001161
1092.910759 0.001173
1093.911593 0.001184
1094.912427 0.001194
1095.913261 0.001203
1096.914095 0.001211
1097.914929 0.001219
1098.915763 0.001227
1099.916597 0.001234
1100.917431 0.001241
1101.918265 0.001249
1102.919099 0.001257
1103.919933 0.001266
1104.920767 0.001277
1105.921601 0.001288
1106.922435 0.001300
1107.923269 0.001313
1108.924103 0.001327
1109.924937 0.001342
1110.925771 0.001357
1111.926606 0.001374
1112.927440 0.001392
1113.928274 0.001411
1114.929108 0.001432
1115.929942 0.001453
1116.930776 0.001475
1117.931610 0.001497
1118.932444 0.001520
1119.933278 0.001543
1120.934112 0.001566
1121.934946 0.001588
1122.935780 0.001611
1123.936614 0.001634
1124.937448 0.001658
1125.938282 0.001684
1126.939116 0.001711
1127.939950 0.001741
1128.940784 0.001774
1129.941618 0.001809
1130.942452 0.001848
1131.943286 0.001889
1132.944120 0.001932
1133.944954 0.001977
1134.945788 0.002023
1135.946622 0.002070
1136.947456 0.002116
1137.948290 0.002161
1138.949124 0.002204
1139.949958 0.002245
1140.950792 0.002285
1141.951626 0.002322
1142.952460 0.002359
1143.953294 0.002394
1144.954128 0.002430
1145.954962 0.002467
1146.955796 0.002505
1147.956631 0.002545
1148.957465 0.002586
1149.958299 0.002629
1150.959133 0.002674
1151.959967 0.002718
1152.960801 0.002763
1153.961635 0.002806
1154.962469 0.002847
1155.963303 0.002886
1156.964137 0.002922
1157.964971 0.002954
1158.965805 0.002985
1159.966639 0.003013
1160.967473 0.003039
1161.968307 0.003065
1162.969141 0.003092
1163.969975 0.003119
1164.970809 0.003148
1165.971643 0.003178
1166.972477 0.003210
1167.973311 0.003243
1168.974145 0.003275
1169.974979 0.003307
1170.975813 0.003336
1171.976647 0.003361
1172.977481 0.003381
1173.978315 0.003395
1174.979149 0.003402
1175.979983 0.003401
1176.980817 0.003392
1177.981651 0.003376
1178.982485 0.003352
1179.983319 0.003323
1180.984153 0.003290
1181.984987 0.003253
1182.985822 0.003215
1183.986656 0.003175
1184.987490 0.003134
1185.988324 0.003092
1186.989158 0.003047
1187.989992 0.002997
1188.990826 0.002939
1189.991660 0.002870
1190.992494 0.002786
1191.993328 0.002684
1192.994162 0.002562
1193.994996 0.002417
1194.995830 0.002251
1195.996664 0.002064
1196.997498 0.001861
1197.998332 0.001647
1198.999166 0.001428
1200.000000 0.001211
