0.500000 0.001868
1.500000 0.001868
2.500000 0.001639
3.500000 0.001334
4.500000 0.001029
5.500000 0.000801
6.500000 0.000877
7.500000 0.000610
8.500000 0.000781
9.500000 0.000762
10.500000 0.000648
11.500000 0.000534
12.500000 0.000648
13.500000 0.000610
14.500000 0.000610
15.500000 0.000476
16.500000 0.000476
17.500000 0.000610
18.500000 0.000515
19.500000 0.000553
20.500000 0.000381
21.500000 0.000515
22.500000 0.000438
23.500000 0.000381
24.500000 0.000305
25.500000 0.000476
26.500000 0.000496
27.500000 0.000553
28.500000 0.000381
29.500000 0.000267
30.500000 0.000324
31.500000 0.000381
32.500000 0.000400
33.500000 0.000343
34.500000 0.000343
35.500000 0.000324
36.500000 0.000286
37.500000 0.000305
38.500000 0.000438
39.500000 0.000152
40.500000 0.000172
41.500000 0.000362
42.500000 0.000152
43.500000 0.000248
44.500000 0.000419
45.500000 0.000343
46.500000 0.000343
47.500000 0.000267
48.500000 0.000305
49.500000 0.000229
50.500000 0.000343
51.500000 0.000210
52.500000 0.000286
53.500000 0.000362
54.500000 0.000248
55.500000 0.000210
56.500000 0.000286
57.500000 0.000267
58.500000 0.000324
59.500000 0.000476
60.500000 0.000191
61.500000 0.000210
62.500000 0.000286
63.500000 0.000267
64.500000 0.000267
65.500000 0.000362
66.500000 0.000343
67.500000 0.000381
68.500000 0.000305
69.500000 0.000305
70.500000 0.000324
71.500000 0.000286
72.500000 0.000248
73.500000 0.000305
74.500000 0.000286
75.500000 0.000400
76.500000 0.000324
77.500000 0.000286
78.500000 0.000419
79.500000 0.000381
80.500000 0.000286
81.500000 0.000305
82.500000 0.000191
83.500000 0.000267
84.500000 0.000438
85.500000 0.000286
86.500000 0.000381
87.500000 0.000191
88.500000 0.000229
89.500000 0.000305
90.500000 0.000248
91.500000 0.000400
92.500000 0.000324
93.500000 0.000286
94.500000 0.000362
95.500000 0.000229
96.500000 0.000191
97.500000 0.000324
98.500000 0.000305
99.500000 0.000400
100.500000 0.000381
101.500000 0.000286
102.500000 0.000343
103.500000 0.000381
104.500000 0.000286
105.500000 0.000457
106.500000 0.000324
107.500000 0.000248
108.500000 0.000267
109.500000 0.000419
110.500000 0.000572
111.500000 0.000496
112.500000 0.000400
113.500000 0.000457
114.500000 0.000496
115.500000 0.000476
116.500000 0.000496
117.500000 0.000419
118.500000 0.000534
119.500000 0.000534
120.500000 0.000381
121.500000 0.000839
122.500000 0.000686
123.500000 0.000591
124.500000 0.000419
125.500000 0.000534
126.500000 0.000476
127.500000 0.000515
128.500000 0.000457
129.500000 0.000572
130.500000 0.000515
131.500000 0.000496
132.500000 0.000572
133.500000 0.000553
134.500000 0.000591
135.500000 0.000724
136.500000 0.000515
137.500000 0.000667
138.500000 0.000610
139.500000 0.000572
140.500000 0.000419
141.500000 0.000610
142.500000 0.000724
143.500000 0.000686
144.500000 0.000381
145.500000 0.000686
146.500000 0.000686
147.500000 0.000934
148.500000 0.000820
149.500000 0.000743
150.500000 0.000667
151.500000 0.000667
152.500000 0.000839
153.500000 0.000686
154.500000 0.000553
155.500000 0.000801
156.500000 0.000762
157.500000 0.000896
158.500000 0.000724
159.500000 0.000686
160.500000 0.000762
161.500000 0.000553
162.500000 0.000839
163.500000 0.000801
164.500000 0.000915
165.500000 0.000801
166.500000 0.000991
167.500000 0.000705
168.500000 0.000858
169.500000 0.000762
170.500000 0.001067
171.500000 0.000648
172.500000 0.000858
173.500000 0.000858
174.500000 0.000762
175.500000 0.000972
176.500000 0.001010
177.500000 0.001010
178.500000 0.001048
179.500000 0.000839
180.500000 0.001144
181.500000 0.001010
182.500000 0.000953
183.500000 0.001277
184.500000 0.001067
185.500000 0.001220
186.500000 0.001105
187.500000 0.001315
188.500000 0.001468
189.500000 0.001067
190.500000 0.000991
191.500000 0.000991
192.500000 0.000877
193.500000 0.000724
194.500000 0.000972
195.500000 0.000839
196.500000 0.000896
197.500000 0.000781
198.500000 0.000705
199.500000 0.000610
200.500000 0.000724
201.500000 0.000591
202.500000 0.000648
203.500000 0.000781
204.500000 0.000515
205.500000 0.000591
206.500000 0.000591
207.500000 0.000324
208.500000 0.000553
209.500000 0.000400
210.500000 0.000400
211.500000 0.000629
212.500000 0.000419
213.500000 0.000515
214.500000 0.000553
215.500000 0.000591
216.500000 0.000648
217.500000 0.000419
218.500000 0.000667
219.500000 0.000419
220.500000 0.000553
221.500000 0.000534
222.500000 0.000496
223.500000 0.000572
224.500000 0.000381
225.500000 0.000362
226.500000 0.000381
227.500000 0.000610
228.500000 0.000419
229.500000 0.000496
230.500000 0.000419
231.500000 0.000572
232.500000 0.000496
233.500000 0.000610
234.500000 0.000610
235.500000 0.000515
236.500000 0.000267
237.500000 0.000267
238.500000 0.000438
239.500000 0.000419
240.500000 0.000381
241.500000 0.000438
242.500000 0.000286
243.500000 0.000381
244.500000 0.000114
245.500000 0.000286
246.500000 0.000381
247.500000 0.000305
248.500000 0.000324
249.500000 0.000515
250.500000 0.000343
251.500000 0.000324
252.500000 0.000305
253.500000 0.000381
254.500000 0.000362
255.500000 0.000172
256.500000 0.000324
257.500000 0.000305
258.500000 0.000248
259.500000 0.000324
260.500000 0.000286
261.500000 0.000248
262.500000 0.000286
263.500000 0.000362
264.500000 0.000191
265.500000 0.000305
266.500000 0.000286
267.500000 0.000362
268.500000 0.000229
269.500000 0.000381
270.500000 0.000267
271.500000 0.000229
272.500000 0.000229
273.500000 0.000229
274.500000 0.000362
275.500000 0.000343
276.500000 0.000248
277.500000 0.000152
278.500000 0.000457
279.500000 0.000343
280.500000 0.000438
281.500000 0.000324
282.500000 0.000267
283.500000 0.000362
284.500000 0.000191
285.500000 0.000210
286.500000 0.000229
287.500000 0.000343
288.500000 0.000324
289.500000 0.000210
290.500000 0.000381
291.500000 0.000267
292.500000 0.000229
293.500000 0.000457
294.500000 0.000381
295.500000 0.000324
296.500000 0.000362
297.500000 0.000229
298.500000 0.000191
299.500000 0.000438
300.500000 0.000305
301.500000 0.000286
302.500000 0.000172
303.500000 0.000286
304.500000 0.000305
305.500000 0.000229
306.500000 0.000362
307.500000 0.000305
308.500000 0.000343
309.500000 0.000286
310.500000 0.000286
311.500000 0.000343
312.500000 0.000362
313.500000 0.000248
314.500000 0.000305
315.500000 0.000172
316.500000 0.000438
317.500000 0.000248
318.500000 0.000381
319.500000 0.000324
320.500000 0.000438
321.500000 0.000324
322.500000 0.000476
323.500000 0.000496
324.500000 0.000515
325.500000 0.000381
326.500000 0.000343
327.500000 0.000438
328.500000 0.000572
329.500000 0.000629
330.500000 0.000553
331.500000 0.000705
332.500000 0.000648
333.500000 0.000648
334.500000 0.000610
335.500000 0.000572
336.500000 0.000629
337.500000 0.000553
338.500000 0.000610
339.500000 0.000572
340.500000 0.000820
341.500000 0.000534
342.500000 0.000743
343.500000 0.000667
344.500000 0.000553
345.500000 0.000801
346.500000 0.000610
347.500000 0.000667
348.500000 0.000705
349.500000 0.000934
350.500000 0.001125
351.500000 0.000781
352.500000 0.001144
353.500000 0.000991
354.500000 0.000724
355.500000 0.001048
356.500000 0.000953
357.500000 0.000858
358.500000 0.000915
359.500000 0.000839
360.500000 0.001125
361.500000 0.001105
362.500000 0.000896
363.500000 0.001487
364.500000 0.001353
365.500000 0.001582
366.500000 0.001391
367.500000 0.001601
368.500000 0.001658
369.500000 0.001963
370.500000 0.002058
371.500000 0.001887
372.500000 0.001773
373.500000 0.002173
374.500000 0.002154
375.500000 0.001944
376.500000 0.001773
377.500000 0.002077
378.500000 0.001792
379.500000 0.001658
380.500000 0.001773
381.500000 0.001391
382.500000 0.001220
383.500000 0.000991
384.500000 0.001010
385.500000 0.000820
386.500000 0.001048
387.500000 0.000877
388.500000 0.000743
389.500000 0.000762
390.500000 0.000743
391.500000 0.000934
392.500000 0.000629
393.500000 0.000629
394.500000 0.000686
395.500000 0.000781
396.500000 0.000705
397.500000 0.000553
398.500000 0.000781
399.500000 0.000553
400.500000 0.000820
401.500000 0.000705
402.500000 0.000591
403.500000 0.000648
404.500000 0.000476
405.500000 0.000534
406.500000 0.000743
407.500000 0.000801
408.500000 0.000667
409.500000 0.000705
410.500000 0.000553
411.500000 0.000534
412.500000 0.000286
413.500000 0.000629
414.500000 0.000419
415.500000 0.000476
416.500000 0.000858
417.500000 0.000629
418.500000 0.000534
419.500000 0.000629
420.500000 0.000496
421.500000 0.000419
422.500000 0.000362
423.500000 0.000457
424.500000 0.000610
425.500000 0.000534
426.500000 0.000515
427.500000 0.000496
428.500000 0.000324
429.500000 0.000534
430.500000 0.000476
431.500000 0.000476
432.500000 0.000591
433.500000 0.000705
434.500000 0.000629
435.500000 0.000496
436.500000 0.000648
437.500000 0.000381
438.500000 0.000362
439.500000 0.000553
440.500000 0.000381
441.500000 0.000476
442.500000 0.000457
443.500000 0.000476
444.500000 0.000686
445.500000 0.000419
446.500000 0.000362
447.500000 0.000305
448.500000 0.000457
449.500000 0.000572
450.500000 0.000438
451.500000 0.000324
452.500000 0.000591
453.500000 0.000457
454.500000 0.000381
455.500000 0.000515
456.500000 0.000438
457.500000 0.000553
458.500000 0.000438
459.500000 0.000343
460.500000 0.000400
461.500000 0.000248
462.500000 0.000381
463.500000 0.000419
464.500000 0.000267
465.500000 0.000267
466.500000 0.000515
467.500000 0.000476
468.500000 0.000362
469.500000 0.000343
470.500000 0.000343
471.500000 0.000343
472.500000 0.000267
473.500000 0.000248
474.500000 0.000496
475.500000 0.000419
476.500000 0.000324
477.500000 0.000362
478.500000 0.000210
479.500000 0.000362
480.500000 0.000343
481.500000 0.000305
482.500000 0.000381
483.500000 0.000229
484.500000 0.000229
485.500000 0.000343
486.500000 0.000324
487.500000 0.000324
488.500000 0.000229
489.500000 0.000191
490.500000 0.000229
491.500000 0.000305
492.500000 0.000229
493.500000 0.000267
494.500000 0.000286
495.500000 0.000362
496.500000 0.000305
497.500000 0.000248
498.500000 0.000286
499.500000 0.000343
500.500000 0.000286
501.500000 0.000400
502.500000 0.000286
503.500000 0.000286
504.500000 0.000229
505.500000 0.000381
506.500000 0.000305
507.500000 0.000210
508.500000 0.000267
509.500000 0.000286
510.500000 0.000362
511.500000 0.000324
512.500000 0.000343
513.500000 0.000248
514.500000 0.000286
515.500000 0.000191
516.500000 0.000286
517.500000 0.000419
518.500000 0.000438
519.500000 0.000286
520.500000 0.000438
521.500000 0.000267
522.500000 0.000476
523.500000 0.000210
524.500000 0.000381
525.500000 0.000476
526.500000 0.000400
527.500000 0.000457
528.500000 0.000248
529.500000 0.000362
530.500000 0.000343
531.500000 0.000419
532.500000 0.000324
533.500000 0.000324
534.500000 0.000362
535.500000 0.000400
536.500000 0.000400
537.500000 0.000343
538.500000 0.000229
539.500000 0.000172
540.500000 0.000286
541.500000 0.000476
542.500000 0.000324
543.500000 0.000267
544.500000 0.000267
545.500000 0.000324
546.500000 0.000324
547.500000 0.000362
548.500000 0.000438
549.500000 0.000438
550.500000 0.000343
551.500000 0.000343
552.500000 0.000381
553.500000 0.000362
554.500000 0.000476
555.500000 0.000248
556.500000 0.000591
557.500000 0.000324
558.500000 0.000400
559.500000 0.000400
560.500000 0.000457
561.500000 0.000381
562.500000 0.000362
563.500000 0.000496
564.500000 0.000496
565.500000 0.000572
566.500000 0.000534
567.500000 0.000419
568.500000 0.000476
569.500000 0.000438
570.500000 0.000705
571.500000 0.000610
572.500000 0.000457
573.500000 0.000610
574.500000 0.000476
575.500000 0.000438
576.500000 0.000629
577.500000 0.000457
578.500000 0.000591
579.500000 0.000762
580.500000 0.000705
581.500000 0.000801
582.500000 0.000553
583.500000 0.000438
584.500000 0.000610
585.500000 0.000476
586.500000 0.000362
587.500000 0.000610
588.500000 0.000705
589.500000 0.000781
590.500000 0.000648
591.500000 0.000591
592.500000 0.000877
593.500000 0.000648
594.500000 0.001029
595.500000 0.000820
596.500000 0.000648
597.500000 0.000553
598.500000 0.000801
599.500000 0.000648
600.500000 0.000629
601.500000 0.000648
602.500000 0.000686
603.500000 0.000839
604.500000 0.000667
605.500000 0.000648
606.500000 0.000762
607.500000 0.000839
608.500000 0.000762
609.500000 0.000515
610.500000 0.000839
611.500000 0.000686
612.500000 0.000915
613.500000 0.000839
614.500000 0.000781
615.500000 0.000705
616.500000 0.000991
617.500000 0.001048
618.500000 0.001048
619.500000 0.000839
620.500000 0.000972
621.500000 0.000781
622.500000 0.001048
623.500000 0.000801
624.500000 0.001010
625.500000 0.001125
626.500000 0.001086
627.500000 0.000915
628.500000 0.000915
629.500000 0.000953
630.500000 0.000858
631.500000 0.000915
632.500000 0.001067
633.500000 0.000896
634.500000 0.001067
635.500000 0.000972
636.500000 0.001220
637.500000 0.000934
638.500000 0.001296
639.500000 0.001372
640.500000 0.001048
641.500000 0.001125
642.500000 0.001353
643.500000 0.001277
644.500000 0.001105
645.500000 0.001239
646.500000 0.001258
647.500000 0.001410
648.500000 0.001239
649.500000 0.001620
650.500000 0.001506
651.500000 0.001620
652.500000 0.001296
653.500000 0.001811
654.500000 0.001792
655.500000 0.001677
656.500000 0.001468
657.500000 0.001887
658.500000 0.001734
659.500000 0.001696
660.500000 0.001449
661.500000 0.002020
662.500000 0.001830
663.500000 0.001982
664.500000 0.001544
665.500000 0.001830
666.500000 0.001963
667.500000 0.001849
668.500000 0.002344
669.500000 0.002249
670.500000 0.001906
671.500000 0.002249
672.500000 0.002363
673.500000 0.002478
674.500000 0.002440
675.500000 0.002249
676.500000 0.002478
677.500000 0.002802
678.500000 0.002897
679.500000 0.002897
680.500000 0.002459
681.500000 0.002726
682.500000 0.002954
683.500000 0.003183
684.500000 0.003107
685.500000 0.002935
686.500000 0.003488
687.500000 0.004003
688.500000 0.003564
689.500000 0.003907
690.500000 0.004384
691.500000 0.004384
692.500000 0.005032
693.500000 0.004250
694.500000 0.003907
695.500000 0.004041
696.500000 0.003640
697.500000 0.004174
698.500000 0.003469
699.500000 0.003354
700.500000 0.002992
701.500000 0.002992
702.500000 0.003164
703.500000 0.002611
704.500000 0.001868
705.500000 0.001906
706.500000 0.001525
707.500000 0.001353
708.500000 0.001391
709.500000 0.001125
710.500000 0.001105
711.500000 0.001048
712.500000 0.000667
713.500000 0.000476
714.500000 0.000781
715.500000 0.000877
716.500000 0.000839
717.500000 0.000953
718.500000 0.000705
719.500000 0.000496
720.500000 0.000553
721.500000 0.000496
722.500000 0.000457
723.500000 0.000381
724.500000 0.000438
725.500000 0.000572
726.500000 0.000515
727.500000 0.000457
728.500000 0.000286
729.500000 0.000438
730.500000 0.000286
731.500000 0.000229
732.500000 0.000324
733.500000 0.000343
734.500000 0.000267
735.500000 0.000286
736.500000 0.000267
737.500000 0.000362
738.500000 0.000210
739.500000 0.000172
740.500000 0.000248
741.500000 0.000172
742.500000 0.000305
743.500000 0.000267
744.500000 0.000324
745.500000 0.000248
746.500000 0.000210
747.500000 0.000305
748.500000 0.000286
749.500000 0.000305
750.500000 0.000248
751.500000 0.000210
752.500000 0.000210
753.500000 0.000248
754.500000 0.000191
755.500000 0.000343
756.500000 0.000133
757.500000 0.000229
758.500000 0.000229
759.500000 0.000172
760.500000 0.000286
761.500000 0.000305
762.500000 0.000286
763.500000 0.000210
764.500000 0.000133
765.500000 0.000210
766.500000 0.000324
767.500000 0.000191
768.500000 0.000305
769.500000 0.000229
770.500000 0.000172
771.500000 0.000305
772.500000 0.000172
773.500000 0.000267
774.500000 0.000191
775.500000 0.000267
776.500000 0.000286
777.500000 0.000210
778.500000 0.000133
779.500000 0.000191
780.500000 0.000133
781.500000 0.000248
782.500000 0.000172
783.500000 0.000152
784.500000 0.000191
785.500000 0.000152
786.500000 0.000191
787.500000 0.000210
788.500000 0.000133
789.500000 0.000095
790.500000 0.000343
791.500000 0.000172
792.500000 0.000210
793.500000 0.000229
794.500000 0.000152
795.500000 0.000172
796.500000 0.000210
797.500000 0.000191
798.500000 0.000191
799.500000 0.000114
800.500000 0.000229
801.500000 0.000210
802.500000 0.000248
803.500000 0.000191
804.500000 0.000267
805.500000 0.000172
806.500000 0.000191
807.500000 0.000286
808.500000 0.000210
809.500000 0.000210
810.500000 0.000286
811.500000 0.000248
812.500000 0.000324
813.500000 0.000152
814.500000 0.000229
815.500000 0.000191
816.500000 0.000362
817.500000 0.000286
818.500000 0.000362
819.500000 0.000286
820.500000 0.000324
821.500000 0.000305
822.500000 0.000400
823.500000 0.000381
824.500000 0.000362
825.500000 0.000343
826.500000 0.000267
827.500000 0.000286
828.500000 0.000496
829.500000 0.000343
830.500000 0.000438
831.500000 0.000324
832.500000 0.000476
833.500000 0.000381
834.500000 0.000267
835.500000 0.000381
836.500000 0.000305
837.500000 0.000572
838.500000 0.000476
839.500000 0.000476
840.500000 0.000400
841.500000 0.000591
842.500000 0.000496
843.500000 0.000457
844.500000 0.000457
845.500000 0.000762
846.500000 0.000457
847.500000 0.000667
848.500000 0.000839
849.500000 0.000591
850.500000 0.000438
851.500000 0.000534
852.500000 0.000534
853.500000 0.000629
854.500000 0.000705
855.500000 0.000858
856.500000 0.000648
857.500000 0.000686
858.500000 0.000915
859.500000 0.000648
860.500000 0.000839
861.500000 0.000820
862.500000 0.000629
863.500000 0.000705
864.500000 0.000896
865.500000 0.000648
866.500000 0.000762
867.500000 0.001125
868.500000 0.001010
869.500000 0.000839
870.500000 0.000934
871.500000 0.001029
872.500000 0.000743
873.500000 0.001105
874.500000 0.000781
875.500000 0.000934
876.500000 0.000953
877.500000 0.000877
878.500000 0.000972
879.500000 0.001125
880.500000 0.000915
881.500000 0.001144
882.500000 0.001182
883.500000 0.001315
884.500000 0.001277
885.500000 0.001048
886.500000 0.000991
887.500000 0.000972
888.500000 0.000896
889.500000 0.000991
890.500000 0.001048
891.500000 0.001277
892.500000 0.000820
893.500000 0.000972
894.500000 0.000762
895.500000 0.000858
896.500000 0.001220
897.500000 0.000896
898.500000 0.000743
899.500000 0.000858
900.500000 0.000953
901.500000 0.001105
902.500000 0.000877
903.500000 0.000820
904.500000 0.000801
905.500000 0.000896
906.500000 0.000934
907.500000 0.000934
908.500000 0.000820
909.500000 0.001048
910.500000 0.001105
911.500000 0.001029
912.500000 0.000877
913.500000 0.000820
914.500000 0.000781
915.500000 0.000896
916.500000 0.000915
917.500000 0.000820
918.500000 0.000724
919.500000 0.000648
920.500000 0.000839
921.500000 0.000667
922.500000 0.000610
923.500000 0.000820
924.500000 0.000858
925.500000 0.000743
926.500000 0.000610
927.500000 0.000515
928.500000 0.000743
929.500000 0.000801
930.500000 0.000724
931.500000 0.000781
932.500000 0.000515
933.500000 0.000839
934.500000 0.000705
935.500000 0.000610
936.500000 0.000705
937.500000 0.000705
938.500000 0.000762
939.500000 0.000591
940.500000 0.000553
941.500000 0.000629
942.500000 0.000591
943.500000 0.000743
944.500000 0.000610
945.500000 0.000667
946.500000 0.000629
947.500000 0.000610
948.500000 0.000724
949.500000 0.000610
950.500000 0.000724
951.500000 0.000572
952.500000 0.000667
953.500000 0.000686
954.500000 0.000476
955.500000 0.000591
956.500000 0.000457
957.500000 0.000705
958.500000 0.000667
959.500000 0.000438
960.500000 0.000476
961.500000 0.000572
962.500000 0.000400
963.500000 0.000438
964.500000 0.000419
965.500000 0.000629
966.500000 0.000572
967.500000 0.000572
968.500000 0.000381
969.500000 0.000629
970.500000 0.000553
971.500000 0.000724
972.500000 0.000553
973.500000 0.000362
974.500000 0.000476
975.500000 0.000667
976.500000 0.000572
977.500000 0.000610
978.500000 0.000648
979.500000 0.000438
980.500000 0.000381
981.500000 0.000534
982.500000 0.000534
983.500000 0.000610
984.500000 0.000343
985.500000 0.000362
986.500000 0.000362
987.500000 0.000457
988.500000 0.000686
989.500000 0.000248
990.500000 0.000515
991.500000 0.000267
992.500000 0.000610
993.500000 0.000400
994.500000 0.000515
995.500000 0.000534
996.500000 0.000496
997.500000 0.000381
998.500000 0.000324
999.500000 0.000438
1000.500000 0.000438
1001.500000 0.000496
1002.500000 0.000381
1003.500000 0.000419
1004.500000 0.000381
1005.500000 0.000476
1006.500000 0.000515
1007.500000 0.000572
1008.500000 0.000667
1009.500000 0.000572
1010.500000 0.000343
1011.500000 0.000400
1012.500000 0.000400
1013.500000 0.000515
1014.500000 0.000667
1015.500000 0.000457
1016.500000 0.000515
1017.500000 0.000553
1018.500000 0.000476
1019.500000 0.000515
1020.500000 0.000591
1021.500000 0.000515
1022.500000 0.000534
1023.500000 0.000629
1024.500000 0.000610
1025.500000 0.000553
1026.500000 0.000629
1027.500000 0.000743
1028.500000 0.000629
1029.500000 0.000762
1030.500000 0.000496
1031.500000 0.000572
1032.500000 0.000610
1033.500000 0.000705
1034.500000 0.000686
1035.500000 0.000667
1036.500000 0.000515
1037.500000 0.000648
1038.500000 0.000762
1039.500000 0.000400
1040.500000 0.000515
1041.500000 0.000648
1042.500000 0.000705
1043.500000 0.000667
1044.500000 0.000724
1045.500000 0.000553
1046.500000 0.000801
1047.500000 0.000877
1048.500000 0.000591
1049.500000 0.000724
1050.500000 0.000781
1051.500000 0.000896
1052.500000 0.000972
1053.500000 0.000972
1054.500000 0.000743
1055.500000 0.000972
1056.500000 0.000858
1057.500000 0.000972
1058.500000 0.000801
1059.500000 0.000915
1060.500000 0.000648
1061.500000 0.001029
1062.500000 0.001048
1063.500000 0.001086
1064.500000 0.001067
1065.500000 0.001296
1066.500000 0.001220
1067.500000 0.001201
1068.500000 0.001277
1069.500000 0.001353
1070.500000 0.001029
1071.500000 0.001277
1072.500000 0.001525
1073.500000 0.001601
1074.500000 0.001410
1075.500000 0.001563
1076.500000 0.001334
1077.500000 0.001525
1078.500000 0.001315
1079.500000 0.001315
1080.500000 0.001544
1081.500000 0.001353
1082.500000 0.001582
1083.500000 0.001582
1084.500000 0.001239
1085.500000 0.001887
1086.500000 0.001468
1087.500000 0.001677
1088.500000 0.001468
1089.500000 0.001372
1090.500000 0.001506
1091.500000 0.001391
1092.500000 0.001315
1093.500000 0.001601
1094.500000 0.001620
1095.500000 0.001620
1096.500000 0.001334
1097.500000 0.001544
1098.500000 0.001315
1099.500000 0.001582
1100.500000 0.001620
1101.500000 0.001429
1102.500000 0.001449
1103.500000 0.001773
1104.500000 0.001468
1105.500000 0.001773
1106.500000 0.001544
1107.500000 0.001506
1108.500000 0.001677
1109.500000 0.001410
1110.500000 0.001811
1111.500000 0.001639
1112.500000 0.001353
1113.500000 0.001449
1114.500000 0.001677
1115.500000 0.001620
1116.500000 0.001563
1117.500000 0.001544
1118.500000 0.001277
1119.500000 0.001639
1120.500000 0.001410
1121.500000 0.001544
1122.500000 0.001410
1123.500000 0.001429
1124.500000 0.001544
1125.500000 0.001296
1126.500000 0.001792
1127.500000 0.001887
1128.500000 0.001449
1129.500000 0.001601
1130.500000 0.001773
1131.500000 0.001525
1132.500000 0.001639
1133.500000 0.001696
1134.500000 0.001715
1135.500000 0.001792
1136.500000 0.001925
1137.500000 0.002077
1138.500000 0.001773
1139.500000 0.001468
1140.500000 0.001715
1141.500000 0.002058
1142.500000 0.002421
1143.500000 0.001639
1144.500000 0.001715
1145.500000 0.002020
1146.500000 0.002154
1147.500000 0.001944
1148.500000 0.001925
1149.500000 0.002363
1150.500000 0.002440
1151.500000 0.002192
1152.500000 0.002382
1153.500000 0.002192
1154.500000 0.002516
1155.500000 0.002268
1156.500000 0.002459
1157.500000 0.002459
1158.500000 0.002211
1159.500000 0.002421
1160.500000 0.002230
1161.500000 0.002192
1162.500000 0.002306
1163.500000 0.002249
1164.500000 0.002497
1165.500000 0.002287
1166.500000 0.002230
1167.500000 0.002478
1168.500000 0.001982
1169.500000 0.002745
1170.500000 0.002878
1171.500000 0.002706
1172.500000 0.002459
1173.500000 0.002497
1174.500000 0.002306
1175.500000 0.002440
1176.500000 0.003011
1177.500000 0.002878
1178.500000 0.003088
1179.500000 0.003069
1180.500000 0.002783
1181.500000 0.003145
1182.500000 0.002878
1183.500000 0.002840
1184.500000 0.003526
1185.500000 0.003221
1186.500000 0.003850
1187.500000 0.003774
1188.500000 0.003526
1189.500000 0.003354
1190.500000 0.003583
1191.500000 0.003831
1192.500000 0.003316
1193.500000 0.003564
1194.500000 0.003488
1195.500000 0.003583
1196.500000 0.003621
1197.500000 0.003488
1198.500000 0.002859
1199.500000 0.002249
