0.000000 0.004105
1.000834 0.004752
2.001668 0.005247
3.002502 0.005539
4.003336 0.005607
5.004170 0.005459
6.005004 0.005129
7.005838 0.004669
8.006672 0.004136
9.007506 0.003583
10.008340 0.003053
11.009174 0.002576
12.010008 0.002167
13.010842 0.001829
14.011676 0.001561
15.012510 0.001350
16.013344 0.001188
17.014178 0.001062
18.015013 0.000962
19.015847 0.000880
20.016681 0.000812
21.017515 0.000754
22.018349 0.000704
23.019183 0.000660
24.020017 0.000621
25.020851 0.000586
26.021685 0.000554
27.022519 0.000525
28.023353 0.000497
29.024187 0.000471
30.025021 0.000446
31.025855 0.000422
32.026689 0.000398
33.027523 0.000376
34.028357 0.000355
35.029191 0.000335
36.030025 0.000318
37.030859 0.000303
38.031693 0.000291
39.032527 0.000281
40.033361 0.000273
41.034195 0.000267
42.035029 0.000263
43.035863 0.000259
44.036697 0.000256
45.037531 0.000251
46.038365 0.000245
47.039199 0.000238
48.040033 0.000230
49.040867 0.000221
50.041701 0.000212
51.042535 0.000203
52.043369 0.000195
53.044204 0.000187
54.045038 0.000179
55.045872 0.000172
56.046706 0.000164
57.047540 0.000156
58.048374 0.000149
59.049208 0.000142
60.050042 0.000137
61.050876 0.000132
62.051710 0.000130
63.052544 0.000129
64.053378 0.000130
65.054212 0.000132
66.055046 0.000135
67.055880 0.000139
68.056714 0.000143
69.057548 0.000147
70.058382 0.000149
71.059216 0.000151
72.060050 0.000150
73.060884 0.000148
74.061718 0.000144
75.062552 0.000139
76.063386 0.000134
77.064220 0.000129
78.065054 0.000125
79.065888 0.000121
80.066722 0.000118
81.067556 0.000115
82.068390 0.000113
83.069224 0.000111
84.070058 0.000108
85.070892 0.000105
86.071726 0.000101
87.072560 0.000098
88.073394 0.000095
89.074229 0.000094
90.075063 0.000094
91.075897 0.000095
92.076731 0.000098
93.077565 0.000103
94.078399 0.000108
95.079233 0.000113
96.080067 0.000118
97.080901 0.000123
98.081735 0.000126
99.082569 0.000128
100.083403 0.000128
101.084237 0.000128
102.085071 0.000127
103.085905 0.000125
104.086739 0.000124
105.087573 0.000124
106.088407 0.000126
107.089241 0.000129
108.090075 0.000135
109.090909 0.000142
110.091743 0.000150
111.092577 0.000159
112.093411 0.000167
113.094245 0.000174
114.095079 0.000178
115.095913 0.000181
116.096747 0.000182
117.097581 0.000182
118.098415 0.000182
119.099249 0.000182
120.100083 0.000183
121.100917 0.000184
122.101751 0.000187
123.102585 0.000191
124.103420 0.000196
125.104254 0.000202
126.105088 0.000209
127.105922 0.000216
128.106756 0.000223
129.107590 0.000229
130.108424 0.000236
131.109258 0.000242
132.110092 0.000248
133.110926 0.000253
134.111760 0.000258
135.112594 0.000262
136.113428 0.000265
137.114262 0.000267
138.115096 0.000266
139.115930 0.000264
140.116764 0.000260
141.117598 0.000255
142.118432 0.000250
143.119266 0.000245
144.120100 0.000241
145.120934 0.000239
146.121768 0.000239
147.122602 0.000242
148.123436 0.000247
149.124270 0.000255
150.125104 0.000266
151.125938 0.000278
152.126772 0.000292
153.127606 0.000307
154.128440 0.000323
155.129274 0.000337
156.130108 0.000352
157.130942 0.000366
158.131776 0.000380
159.132611 0.000394
160.133445 0.000410
161.134279 0.000427
162.135113 0.000446
163.135947 0.000465
164.136781 0.000486
165.137615 0.000507
166.138449 0.000530
167.139283 0.000557
168.140117 0.000588
169.140951 0.000626
170.141785 0.000671
171.142619 0.000722
172.143453 0.000776
173.144287 0.000833
174.145121 0.000888
175.145955 0.000940
176.146789 0.000990
177.147623 0.001038
178.148457 0.001087
179.149291 0.001141
180.150125 0.001204
181.150959 0.001280
182.151793 0.001370
183.152627 0.001477
184.153461 0.001598
185.154295 0.001732
186.155129 0.001875
187.155963 0.002021
188.156797 0.002162
189.157631 0.002293
190.158465 0.002409
191.159299 0.002508
192.160133 0.002588
193.160967 0.002651
194.161802 0.002698
195.162636 0.002727
196.163470 0.002739
197.164304 0.002731
198.165138 0.002701
199.165972 0.002650
200.166806 0.002578
201.167640 0.002488
202.168474 0.002383
203.169308 0.002267
204.170142 0.002142
205.170976 0.002011
206.171810 0.001877
207.172644 0.001743
208.173478 0.001611
209.174312 0.001485
210.175146 0.001365
211.175980 0.001253
212.176814 0.001151
213.177648 0.001058
214.178482 0.000976
215.179316 0.000904
216.180150 0.000842
217.180984 0.000789
218.181818 0.000745
219.182652 0.000709
220.183486 0.000679
221.184320 0.000654
222.185154 0.000633
223.185988 0.000614
224.186822 0.000597
225.187656 0.000580
226.188490 0.000565
227.189324 0.000549
228.190158 0.000534
229.190992 0.000519
230.191827 0.000505
231.192661 0.000491
232.193495 0.000479
233.194329 0.000467
234.195163 0.000455
235.195997 0.000444
236.196831 0.000433
237.197665 0.000423
238.198499 0.000414
239.199333 0.000405
240.200167 0.000396
241.201001 0.000388
242.201835 0.000380
243.202669 0.000371
244.203503 0.000363
245.204337 0.000355
246.205171 0.000348
247.206005 0.000342
248.206839 0.000337
249.207673 0.000333
250.208507 0.000330
251.209341 0.000326
252.210175 0.000321
253.211009 0.000315
254.211843 0.000307
255.212677 0.000297
256.213511 0.000287
257.214345 0.000276
258.215179 0.000265
259.216013 0.000256
260.216847 0.000247
261.217681 0.000240
262.218515 0.000234
263.219349 0.000229
264.220183 0.000225
265.221018 0.000221
266.221852 0.000218
267.222686 0.000213
268.223520 0.000208
269.224354 0.000202
270.225188 0.000195
271.226022 0.000188
272.226856 0.000181
273.227690 0.000175
274.228524 0.000171
275.229358 0.000167
276.230192 0.000165
277.231026 0.000164
278.231860 0.000162
279.232694 0.000160
280.233528 0.000157
281.234362 0.000153
282.235196 0.000149
283.236030 0.000144
284.236864 0.000139
285.237698 0.000135
286.238532 0.000131
287.239366 0.000127
288.240200 0.000123
289.241034 0.000120
290.241868 0.000117
291.242702 0.000113
292.243536 0.000110
293.244370 0.000108
294.245204 0.000106
295.246038 0.000105
296.246872 0.000106
297.247706 0.000107
298.248540 0.000110
299.249374 0.000113
300.250209 0.000117
301.251043 0.000121
302.251877 0.000124
303.252711 0.000127
304.253545 0.000129
305.254379 0.000130
306.255213 0.000131
307.256047 0.000131
308.256881 0.000132
309.257715 0.000134
310.258549 0.000135
311.259383 0.000137
312.260217 0.000140
313.261051 0.000142
314.261885 0.000144
315.262719 0.000146
316.263553 0.000147
317.264387 0.000148
318.265221 0.000150
319.266055 0.000151
320.266889 0.000152
321.267723 0.000153
322.268557 0.000153
323.269391 0.000154
324.270225 0.000154
325.271059 0.000155
326.271893 0.000155
327.272727 0.000157
328.273561 0.000159
329.274395 0.000161
330.275229 0.000165
331.276063 0.000168
332.276897 0.000172
333.277731 0.000176
334.278565 0.000180
335.279399 0.000184
336.280234 0.000187
337.281068 0.000191
338.281902 0.000195
339.282736 0.000199
340.283570 0.000203
341.284404 0.000207
342.285238 0.000212
343.286072 0.000217
344.286906 0.000224
345.287740 0.000231
346.288574 0.000239
347.289408 0.000247
348.290242 0.000256
349.291076 0.000265
350.291910 0.000273
351.292744 0.000281
352.293578 0.000290
353.294412 0.000299
354.295246 0.000311
355.296080 0.000325
356.296914 0.000342
357.297748 0.000363
358.298582 0.000389
359.299416 0.000421
360.300250 0.000460
361.301084 0.000508
362.301918 0.000565
363.302752 0.000633
364.303586 0.000712
365.304420 0.000802
366.305254 0.000902
367.306088 0.001009
368.306922 0.001123
369.307756 0.001241
370.308590 0.001363
371.309425 0.001487
372.310259 0.001611
373.311093 0.001735
374.311927 0.001857
375.312761 0.001976
376.313595 0.002090
377.314429 0.002200
378.315263 0.002306
379.316097 0.002411
380.316931 0.002513
381.317765 0.002614
382.318599 0.002713
383.319433 0.002808
384.320267 0.002896
385.321101 0.002971
386.321935 0.003028
387.322769 0.003057
388.323603 0.003051
389.324437 0.003003
390.325271 0.002912
391.326105 0.002778
392.326939 0.002610
393.327773 0.002418
394.328607 0.002214
395.329441 0.002010
396.330275 0.001818
397.331109 0.001645
398.331943 0.001494
399.332777 0.001367
400.333611 0.001262
401.334445 0.001175
402.335279 0.001104
403.336113 0.001043
404.336947 0.000990
405.337781 0.000944
406.338616 0.000902
407.339450 0.000863
408.340284 0.000828
409.341118 0.000796
410.341952 0.000768
411.342786 0.000744
412.343620 0.000723
413.344454 0.000705
414.345288 0.000691
415.346122 0.000679
416.346956 0.000668
417.347790 0.000659
418.348624 0.000649
419.349458 0.000639
420.350292 0.000627
421.351126 0.000613
422.351960 0.000598
423.352794 0.000582
424.353628 0.000566
425.354462 0.000552
426.355296 0.000539
427.356130 0.000529
428.356964 0.000522
429.357798 0.000515
430.358632 0.000510
431.359466 0.000504
432.360300 0.000498
433.361134 0.000490
434.361968 0.000480
435.362802 0.000470
436.363636 0.000460
437.364470 0.000451
438.365304 0.000442
439.366138 0.000434
440.366972 0.000427
441.367807 0.000420
442.368641 0.000414
443.369475 0.000406
444.370309 0.000397
445.371143 0.000386
446.371977 0.000373
447.372811 0.000358
448.373645 0.000342
449.374479 0.000325
450.375313 0.000309
451.376147 0.000292
452.376981 0.000277
453.377815 0.000262
454.378649 0.000249
455.379483 0.000238
456.380317 0.000229
457.381151 0.000220
458.381985 0.000213
459.382819 0.000206
460.383653 0.000199
461.384487 0.000191
462.385321 0.000183
463.386155 0.000174
464.386989 0.000164
465.387823 0.000155
466.388657 0.000147
467.389491 0.000141
468.390325 0.000136
469.391159 0.000133
470.391993 0.000131
471.392827 0.000129
472.393661 0.000127
473.394495 0.000124
474.395329 0.000121
475.396163 0.000118
476.396997 0.000115
477.397832 0.000114
478.398666 0.000113
479.399500 0.000113
480.400334 0.000113
481.401168 0.000114
482.402002 0.000113
483.402836 0.000112
484.403670 0.000111
485.404504 0.000110
486.405338 0.000109
487.406172 0.000108
488.407006 0.000108
489.407840 0.000108
490.408674 0.000109
491.409508 0.000109
492.410342 0.000109
493.411176 0.000109
494.412010 0.000108
495.412844 0.000108
496.413678 0.000108
497.414512 0.000108
498.415346 0.000108
499.416180 0.000108
500.417014 0.000108
501.417848 0.000108
502.418682 0.000109
503.419516 0.000111
504.420350 0.000113
505.421184 0.000116
506.422018 0.000119
507.422852 0.000123
508.423686 0.000126
509.424520 0.000129
510.425354 0.000130
511.426188 0.000129
512.427023 0.000128
513.427857 0.000125
514.428691 0.000122
515.429525 0.000119
516.430359 0.000117
517.431193 0.000115
518.432027 0.000114
519.432861 0.000114
520.433695 0.000115
521.434529 0.000116
522.435363 0.000116
523.436197 0.000115
524.437031 0.000113
525.437865 0.000109
526.438699 0.000104
527.439533 0.000098
528.440367 0.000093
529.441201 0.000089
530.442035 0.000087
531.442869 0.000088
532.443703 0.000090
533.444537 0.000093
534.445371 0.000097
535.446205 0.000102
536.447039 0.000108
537.447873 0.000113
538.448707 0.000118
539.449541 0.000124
540.450375 0.000129
541.451209 0.000134
542.452043 0.000139
543.452877 0.000144
544.453711 0.000149
545.454545 0.000153
546.455379 0.000158
547.456214 0.000162
548.457048 0.000166
549.457882 0.000169
550.458716 0.000172
551.459550 0.000175
552.460384 0.000179
553.461218 0.000184
554.462052 0.000190
555.462886 0.000198
556.463720 0.000208
557.464554 0.000219
558.465388 0.000231
559.466222 0.000243
560.467056 0.000255
561.467890 0.000267
562.468724 0.000278
563.469558 0.000287
564.470392 0.000293
565.471226 0.000295
566.472060 0.000293
567.472894 0.000287
568.473728 0.000278
569.474562 0.000266
570.475396 0.000253
571.476230 0.000240
572.477064 0.000228
573.477898 0.000218
574.478732 0.000210
575.479566 0.000204
576.480400 0.000202
577.481234 0.000202
578.482068 0.000206
579.482902 0.000211
580.483736 0.000218
581.484570 0.000226
582.485405 0.000233
583.486239 0.000239
584.487073 0.000242
585.487907 0.000243
586.488741 0.000242
587.489575 0.000239
588.490409 0.000237
589.491243 0.000236
590.492077 0.000239
591.492911 0.000244
592.493745 0.000254
593.494579 0.000267
594.495413 0.000282
595.496247 0.000299
596.497081 0.000317
597.497915 0.000333
598.498749 0.000348
599.499583 0.000360
600.500417 0.000369
601.501251 0.000375
602.502085 0.000378
603.502919 0.000377
604.503753 0.000374
605.504587 0.000368
606.505421 0.000359
607.506255 0.000349
608.507089 0.000337
609.507923 0.000324
610.508757 0.000311
611.509591 0.000300
612.510425 0.000291
613.511259 0.000284
614.512093 0.000280
615.512927 0.000280
616.513761 0.000283
617.514595 0.000288
618.515430 0.000296
619.516264 0.000305
620.517098 0.000317
621.517932 0.000329
622.518766 0.000344
623.519600 0.000359
624.520434 0.000376
625.521268 0.000394
626.522102 0.000411
627.522936 0.000428
628.523770 0.000442
629.524604 0.000454
630.525438 0.000462
631.526272 0.000466
632.527106 0.000466
633.527940 0.000464
634.528774 0.000460
635.529608 0.000455
636.530442 0.000451
637.531276 0.000449
638.532110 0.000449
639.532944 0.000451
640.533778 0.000456
641.534612 0.000464
642.535446 0.000473
643.536280 0.000484
644.537114 0.000496
645.537948 0.000508
646.538782 0.000521
647.539616 0.000534
648.540450 0.000548
649.541284 0.000563
650.542118 0.000577
651.542952 0.000593
652.543786 0.000608
653.544621 0.000623
654.545455 0.000638
655.546289 0.000651
656.547123 0.000664
657.547957 0.000676
658.548791 0.000688
659.549625 0.000702
660.550459 0.000717
661.551293 0.000734
662.552127 0.000754
663.552961 0.000777
664.553795 0.000804
665.554629 0.000835
666.555463 0.000869
667.556297 0.000907
668.557131 0.000949
669.557965 0.000997
670.558799 0.001050
671.559633 0.001111
672.560467 0.001180
673.561301 0.001260
674.562135 0.001352
675.562969 0.001459
676.563803 0.001586
677.564637 0.001738
678.565471 0.001922
679.566305 0.002146
680.567139 0.002421
681.567973 0.002754
682.568807 0.003152
683.569641 0.003615
684.570475 0.004139
685.571309 0.004709
686.572143 0.005303
687.572977 0.005893
688.573812 0.006444
689.574646 0.006925
690.575480 0.007306
691.576314 0.007567
692.577148 0.007699
693.577982 0.007705
694.578816 0.007600
695.579650 0.007408
696.580484 0.007158
697.581318 0.006879
698.582152 0.006592
699.582986 0.006313
700.583820 0.006045
701.584654 0.005781
702.585488 0.005510
703.586322 0.005218
704.587156 0.004892
705.587990 0.004526
706.588824 0.004121
707.589658 0.003686
708.590492 0.003236
709.591326 0.002789
710.592160 0.002364
711.592994 0.001977
712.593828 0.001638
713.594662 0.001354
714.595496 0.001124
715.596330 0.000942
716.597164 0.000801
717.597998 0.000692
718.598832 0.000607
719.599666 0.000539
720.600500 0.000484
721.601334 0.000439
722.602168 0.000401
723.603003 0.000370
724.603837 0.000345
725.604671 0.000323
726.605505 0.000304
727.606339 0.000287
728.607173 0.000272
729.608007 0.000257
730.608841 0.000243
731.609675 0.000228
732.610509 0.000214
733.611343 0.000200
734.612177 0.000188
735.613011 0.000177
736.613845 0.000169
737.614679 0.000162
738.615513 0.000158
739.616347 0.000155
740.617181 0.000153
741.618015 0.000153
742.618849 0.000152
743.619683 0.000152
744.620517 0.000151
745.621351 0.000151
746.622185 0.000149
747.623019 0.000148
748.623853 0.000147
749.624687 0.000146
750.625521 0.000146
751.626355 0.000146
752.627189 0.000146
753.628023 0.000146
754.628857 0.000144
755.629691 0.000139
756.630525 0.000133
757.631359 0.000124
758.632193 0.000115
759.633028 0.000104
760.633862 0.000094
761.634696 0.000085
762.635530 0.000078
763.636364 0.000072
764.637198 0.000069
765.638032 0.000067
766.638866 0.000066
767.639700 0.000067
768.640534 0.000067
769.641368 0.000068
770.642202 0.000069
771.643036 0.000070
772.643870 0.000071
773.644704 0.000072
774.645538 0.000073
775.646372 0.000074
776.647206 0.000075
777.648040 0.000076
778.648874 0.000076
779.649708 0.000076
780.650542 0.000076
781.651376 0.000076
782.652210 0.000075
783.653044 0.000074
784.653878 0.000073
785.654712 0.000071
786.655546 0.000070
787.656380 0.000068
788.657214 0.000065
789.658048 0.000063
790.658882 0.000061
791.659716 0.000059
792.660550 0.000057
793.661384 0.000056
794.662219 0.000056
795.663053 0.000057
796.663887 0.000059
797.664721 0.000062
798.665555 0.000065
799.666389 0.000069
800.667223 0.000073
801.668057 0.000078
802.668891 0.000082
803.669725 0.000087
804.670559 0.000091
805.671393 0.000095
806.672227 0.000097
807.673061 0.000099
808.673895 0.000099
809.674729 0.000097
810.675563 0.000095
811.676397 0.000093
812.677231 0.000091
813.678065 0.000090
814.678899 0.000091
815.679733 0.000092
816.680567 0.000094
817.681401 0.000097
818.682235 0.000099
819.683069 0.000100
820.683903 0.000101
821.684737 0.000100
822.685571 0.000099
823.686405 0.000098
824.687239 0.000096
825.688073 0.000095
826.688907 0.000094
827.689741 0.000094
828.690575 0.000095
829.691410 0.000096
830.692244 0.000098
831.693078 0.000101
832.693912 0.000104
833.694746 0.000108
834.695580 0.000113
835.696414 0.000119
836.697248 0.000125
837.698082 0.000132
838.698916 0.000140
839.699750 0.000148
840.700584 0.000156
841.701418 0.000165
842.702252 0.000173
843.703086 0.000181
844.703920 0.000189
845.704754 0.000196
846.705588 0.000203
847.706422 0.000209
848.707256 0.000215
849.708090 0.000221
850.708924 0.000228
851.709758 0.000237
852.710592 0.000248
853.711426 0.000262
854.712260 0.000280
855.713094 0.000301
856.713928 0.000326
857.714762 0.000354
858.715596 0.000385
859.716430 0.000418
860.717264 0.000453
861.718098 0.000488
862.718932 0.000522
863.719766 0.000553
864.720601 0.000581
865.721435 0.000604
866.722269 0.000624
867.723103 0.000639
868.723937 0.000652
869.724771 0.000665
870.725605 0.000678
871.726439 0.000692
872.727273 0.000709
873.728107 0.000729
874.728941 0.000753
875.729775 0.000781
876.730609 0.000811
877.731443 0.000845
878.732277 0.000880
879.733111 0.000915
880.733945 0.000948
881.734779 0.000977
882.735613 0.001002
883.736447 0.001024
884.737281 0.001042
885.738115 0.001059
886.738949 0.001075
887.739783 0.001093
888.740617 0.001113
889.741451 0.001134
890.742285 0.001158
891.743119 0.001182
892.743953 0.001209
893.744787 0.001238
894.745621 0.001269
895.746455 0.001303
896.747289 0.001340
897.748123 0.001381
898.748957 0.001424
899.749791 0.001468
900.750626 0.001513
901.751460 0.001557
902.752294 0.001596
903.753128 0.001628
904.753962 0.001651
905.754796 0.001660
906.755630 0.001653
907.756464 0.001628
908.757298 0.001585
909.758132 0.001526
910.758966 0.001453
911.759800 0.001370
912.760634 0.001283
913.761468 0.001195
914.762302 0.001111
915.763136 0.001033
916.763970 0.000964
917.764804 0.000905
918.765638 0.000855
919.766472 0.000813
920.767306 0.000779
921.768140 0.000751
922.768974 0.000727
923.769808 0.000706
924.770642 0.000687
925.771476 0.000671
926.772310 0.000655
927.773144 0.000640
928.773978 0.000624
929.774812 0.000608
930.775646 0.000592
931.776480 0.000576
932.777314 0.000561
933.778148 0.000547
934.778982 0.000536
935.779817 0.000527
936.780651 0.000520
937.781485 0.000514
938.782319 0.000509
939.783153 0.000503
940.783987 0.000496
941.784821 0.000487
942.785655 0.000477
943.786489 0.000467
944.787323 0.000457
945.788157 0.000447
946.788991 0.000440
947.789825 0.000435
948.790659 0.000432
949.791493 0.000431
950.792327 0.000432
951.793161 0.000434
952.793995 0.000437
953.794829 0.000438
954.795663 0.000436
955.796497 0.000432
956.797331 0.000424
957.798165 0.000413
958.798999 0.000400
959.799833 0.000383
960.800667 0.000366
961.801501 0.000349
962.802335 0.000332
963.803169 0.000316
964.804003 0.000301
965.804837 0.000289
966.805671 0.000280
967.806505 0.000273
968.807339 0.000270
969.808173 0.000269
970.809008 0.000272
971.809842 0.000276
972.810676 0.000281
973.811510 0.000286
974.812344 0.000290
975.813178 0.000293
976.814012 0.000295
977.814846 0.000296
978.815680 0.000297
979.816514 0.000297
980.817348 0.000296
981.818182 0.000295
982.819016 0.000293
983.819850 0.000290
984.820684 0.000285
985.821518 0.000279
986.822352 0.000272
987.823186 0.000264
988.824020 0.000257
989.824854 0.000250
990.825688 0.000245
991.826522 0.000241
992.827356 0.000238
993.828190 0.000236
994.829024 0.000235
995.829858 0.000234
996.830692 0.000232
997.831526 0.000231
998.832360 0.000228
999.833194 0.000225
1000.834028 0.000220
1001.834862 0.000216
1002.835696 0.000211
1003.836530 0.000206
1004.837364 0.000202
1005.838198 0.000198
1006.839033 0.000196
1007.839867 0.000195
1008.840701 0.000196
1009.841535 0.000197
1010.842369 0.000200
1011.843203 0.000203
1012.844037 0.000206
1013.844871 0.000208
1014.845705 0.000209
1015.846539 0.000209
1016.847373 0.000207
1017.848207 0.000204
1018.849041 0.000200
1019.849875 0.000196
1020.850709 0.000191
1021.851543 0.000187
1022.852377 0.000184
1023.853211 0.000183
1024.854045 0.000183
1025.854879 0.000186
1026.855713 0.000190
1027.856547 0.000195
1028.857381 0.000202
1029.858215 0.000209
1030.859049 0.000216
1031.859883 0.000222
1032.860717 0.000226
1033.861551 0.000230
1034.862385 0.000233
1035.863219 0.000235
1036.864053 0.000238
1037.864887 0.000242
1038.865721 0.000246
1039.866555 0.000252
1040.867389 0.000259
1041.868224 0.000268
1042.869058 0.000277
1043.869892 0.000288
1044.870726 0.000299
1045.871560 0.000311
1046.872394 0.000323
1047.873228 0.000334
1048.874062 0.000345
1049.874896 0.000355
1050.875730 0.000366
1051.876564 0.000376
1052.877398 0.000386
1053.878232 0.000397
1054.879066 0.000409
1055.879900 0.000423
1056.880734 0.000438
1057.881568 0.000458
1058.882402 0.000481
1059.883236 0.000509
1060.884070 0.000543
1061.884904 0.000580
1062.885738 0.000621
1063.886572 0.000663
1064.887406 0.000705
1065.888240 0.000747
1066.889074 0.000788
1067.889908 0.000828
1068.890742 0.000868
1069.891576 0.000908
1070.892410 0.000947
1071.893244 0.000987
1072.894078 0.001025
1073.894912 0.001062
1074.895746 0.001098
1075.896580 0.001134
1076.897415 0.001171
1077.898249 0.001212
1078.899083 0.001256
1079.899917 0.001306
1080.900751 0.001359
1081.901585 0.001417
1082.902419 0.001476
1083.903253 0.001538
1084.904087 0.001600
1085.904921 0.001665
1086.905755 0.001731
1087.906589 0.001801
1088.907423 0.001873
1089.908257 0.001947
1090.909091 0.002022
1091.909925 0.002098
1092.910759 0.002175
1093.911593 0.002254
1094.912427 0.002340
1095.913261 0.002433
1096.914095 0.002537
1097.914929 0.002651
1098.915763 0.002769
1099.916597 0.002883
1100.917431 0.002981
1101.918265 0.003050
1102.919099 0.003081
1103.919933 0.003067
1104.920767 0.003006
1105.921601 0.002904
1106.922435 0.002768
1107.923269 0.002609
1108.924103 0.002439
1109.924937 0.002268
1110.925771 0.002104
1111.926606 0.001952
1112.927440 0.001816
1113.928274 0.001698
1114.929108 0.001597
1115.929942 0.001513
1116.930776 0.001443
1117.931610 0.001385
1118.932444 0.001337
1119.933278 0.001296
1120.934112 0.001258
1121.934946 0.001222
1122.935780 0.001186
1123.936614 0.001150
1124.937448 0.001114
1125.938282 0.001081
1126.939116 0.001053
1127.939950 0.001031
1128.940784 0.001015
1129.941618 0.001006
1130.942452 0.001002
1131.943286 0.001001
1132.944120 0.001000
1133.944954 0.000998
1134.945788 0.000994
1135.946622 0.000988
1136.947456 0.000982
1137.948290 0.000975
1138.949124 0.000971
1139.949958 0.000969
1140.950792 0.000970
1141.951626 0.000974
1142.952460 0.000979
1143.953294 0.000986
1144.954128 0.000993
1145.954962 0.001000
1146.955796 0.001007
1147.956631 0.001014
1148.957465 0.001020
1149.958299 0.001026
1150.959133 0.001033
1151.959967 0.001040
1152.960801 0.001047
1153.961635 0.001055
1154.962469 0.001065
1155.963303 0.001074
1156.964137 0.001085
1157.964971 0.001097
1158.965805 0.001109
1159.966639 0.001122
1160.967473 0.001135
1161.968307 0.001150
1162.969141 0.001164
1163.969975 0.001179
1164.970809 0.001193
1165.971643 0.001206
1166.972477 0.001217
1167.973311 0.001225
1168.974145 0.001232
1169.974979 0.001239
1170.975813 0.001246
1171.976647 0.001255
1172.977481 0.001267
1173.978315 0.001284
1174.979149 0.001307
1175.979983 0.001338
1176.980817 0.001378
1177.981651 0.001430
1178.982485 0.001497
1179.983319 0.001584
1180.984153 0.001694
1181.984987 0.001833
1182.985822 0.002006
1183.986656 0.002219
1184.987490 0.002478
1185.988324 0.002790
1186.989158 0.003162
1187.989992 0.003599
1188.990826 0.004101
1189.991660 0.004663
1190.992494 0.005266
1191.993328 0.005879
1192.994162 0.006453
1193.994996 0.006926
1194.995830 0.007232
1195.996664 0.007313
1196.997498 0.007129
1197.998332 0.006676
1198.999166 0.005986
1200.000000 0.005124
