0.500000 0.013922
1.500000 0.013223
2.500000 0.011274
3.500000 0.009044
4.500000 0.008170
5.500000 0.007122
6.500000 0.005227
7.500000 0.004985
8.500000 0.004045
9.500000 0.003601
10.500000 0.003319
11.500000 0.002903
12.500000 0.002795
13.500000 0.002459
14.500000 0.002352
15.500000 0.002150
16.500000 0.001760
17.500000 0.001599
18.500000 0.001720
19.500000 0.001398
20.500000 0.001209
21.500000 0.001129
22.500000 0.000968
23.500000 0.000632
24.500000 0.000685
25.500000 0.000618
26.500000 0.000457
27.500000 0.000538
28.500000 0.000470
29.500000 0.000403
30.500000 0.000538
31.500000 0.000538
32.500000 0.000349
33.500000 0.000336
34.500000 0.000228
35.500000 0.000269
36.500000 0.000269
37.500000 0.000255
38.500000 0.000242
39.500000 0.000188
40.500000 0.000161
41.500000 0.000255
42.500000 0.000148
43.500000 0.000121
44.500000 0.000202
45.500000 0.000188
46.500000 0.000188
47.500000 0.000108
48.500000 0.000121
49.500000 0.000161
50.500000 0.000148
51.500000 0.000067
52.500000 0.000108
53.500000 0.000134
54.500000 0.000148
55.500000 0.000134
56.500000 0.000148
57.500000 0.000148
58.500000 0.000134
59.500000 0.000094
60.500000 0.000094
61.500000 0.000188
62.500000 0.000134
63.500000 0.000175
64.500000 0.000134
65.500000 0.000121
66.500000 0.000027
67.500000 0.000108
68.500000 0.000081
69.500000 0.000094
70.500000 0.000081
71.500000 0.000081
72.500000 0.000094
73.500000 0.000067
74.500000 0.000121
75.500000 0.000040
76.500000 0.000040
77.500000 0.000134
78.500000 0.000108
79.500000 0.000054
80.500000 0.000108
81.500000 0.000054
82.500000 0.000054
83.500000 0.000067
84.500000 0.000134
85.500000 0.000027
86.500000 0.000108
87.500000 0.000040
88.500000 0.000081
89.500000 0.000081
90.500000 0.000081
91.500000 0.000040
92.500000 0.000040
93.500000 0.000067
94.500000 0.000027
95.500000 0.000067
96.500000 0.000081
97.500000 0.000054
98.500000 0.000094
99.500000 0.000054
100.500000 0.000094
101.500000 0.000094
102.500000 0.000094
103.500000 0.000108
104.500000 0.000067
105.500000 0.000054
106.500000 0.000108
107.500000 0.000040
108.500000 0.000094
109.500000 0.000094
110.500000 0.000081
111.500000 0.000148
112.500000 0.000081
113.500000 0.000108
114.500000 0.000067
115.500000 0.000121
116.500000 0.000040
117.500000 0.000040
118.500000 0.000094
119.500000 0.000175
120.500000 0.000081
121.500000 0.000054
122.500000 0.000134
123.500000 0.000067
124.500000 0.000067
125.500000 0.000094
126.500000 0.000148
127.500000 0.000148
128.500000 0.000081
129.500000 0.000081
130.500000 0.000134
131.500000 0.000121
132.500000 0.000081
133.500000 0.000121
134.500000 0.000108
135.500000 0.000161
136.500000 0.000081
137.500000 0.000121
138.500000 0.000175
139.500000 0.000202
140.500000 0.000094
141.500000 0.000134
142.500000 0.000148
143.500000 0.000094
144.500000 0.000148
145.500000 0.000215
146.500000 0.000228
147.500000 0.000134
148.500000 0.000188
149.500000 0.000282
150.500000 0.000242
151.500000 0.000134
152.500000 0.000215
153.500000 0.000242
154.500000 0.000296
155.500000 0.000242
156.500000 0.000175
157.500000 0.000269
158.500000 0.000282
159.500000 0.000242
160.500000 0.000323
161.500000 0.000403
162.500000 0.000430
163.500000 0.000511
164.500000 0.000564
165.500000 0.000470
166.500000 0.000524
167.500000 0.000484
168.500000 0.000578
169.500000 0.000551
170.500000 0.000699
171.500000 0.000726
172.500000 0.000712
173.500000 0.000739
174.500000 0.000753
175.500000 0.000779
176.500000 0.000847
177.500000 0.000981
178.500000 0.001062
179.500000 0.001129
180.500000 0.000941
181.500000 0.001478
182.500000 0.001357
183.500000 0.001774
184.500000 0.001787
185.500000 0.001639
186.500000 0.001895
187.500000 0.002231
188.500000 0.002190
189.500000 0.002499
190.500000 0.002419
191.500000 0.002526
192.500000 0.002526
193.500000 0.002620
194.500000 0.002540
195.500000 0.002929
196.500000 0.002741
197.500000 0.002822
198.500000 0.002284
199.500000 0.002338
200.500000 0.001935
201.500000 0.002056
202.500000 0.002083
203.500000 0.001424
204.500000 0.001545
205.500000 0.001720
206.500000 0.001545
207.500000 0.001102
208.500000 0.001236
209.500000 0.001115
210.500000 0.000914
211.500000 0.001129
212.500000 0.000833
213.500000 0.000927
214.500000 0.000847
215.500000 0.000847
216.500000 0.000847
217.500000 0.000873
218.500000 0.000605
219.500000 0.000578
220.500000 0.000511
221.500000 0.000390
222.500000 0.000511
223.500000 0.000511
224.500000 0.000511
225.500000 0.000551
226.500000 0.000538
227.500000 0.000524
228.500000 0.000417
229.500000 0.000497
230.500000 0.000376
231.500000 0.000443
232.500000 0.000564
233.500000 0.000390
234.500000 0.000524
235.500000 0.000215
236.500000 0.000484
237.500000 0.000349
238.500000 0.000282
239.500000 0.000390
240.500000 0.000430
241.500000 0.000349
242.500000 0.000309
243.500000 0.000403
244.500000 0.000376
245.500000 0.000282
246.500000 0.000175
247.500000 0.000403
248.500000 0.000269
249.500000 0.000202
250.500000 0.000215
251.500000 0.000242
252.500000 0.000188
253.500000 0.000148
254.500000 0.000175
255.500000 0.000215
256.500000 0.000202
257.500000 0.000282
258.500000 0.000202
259.500000 0.000309
260.500000 0.000134
261.500000 0.000108
262.500000 0.000202
263.500000 0.000148
264.500000 0.000161
265.500000 0.000175
266.500000 0.000188
267.500000 0.000215
268.500000 0.000242
269.500000 0.000161
270.500000 0.000175
271.500000 0.000175
272.500000 0.000175
273.500000 0.000148
274.500000 0.000215
275.500000 0.000121
276.500000 0.000148
277.500000 0.000175
278.500000 0.000175
279.500000 0.000309
280.500000 0.000148
281.500000 0.000148
282.500000 0.000215
283.500000 0.000108
284.500000 0.000161
285.500000 0.000134
286.500000 0.000188
287.500000 0.000175
288.500000 0.000161
289.500000 0.000134
290.500000 0.000094
291.500000 0.000134
292.500000 0.000148
293.500000 0.000175
294.500000 0.000121
295.500000 0.000121
296.500000 0.000134
297.500000 0.000148
298.500000 0.000134
299.500000 0.000108
300.500000 0.000134
301.500000 0.000094
302.500000 0.000067
303.500000 0.000108
304.500000 0.000148
305.500000 0.000094
306.500000 0.000094
307.500000 0.000067
308.500000 0.000175
309.500000 0.000175
310.500000 0.000134
311.500000 0.000094
312.500000 0.000094
313.500000 0.000134
314.500000 0.000108
315.500000 0.000242
316.500000 0.000094
317.500000 0.000215
318.500000 0.000081
319.500000 0.000054
320.500000 0.000121
321.500000 0.000148
322.500000 0.000040
323.500000 0.000134
324.500000 0.000121
325.500000 0.000108
326.500000 0.000202
327.500000 0.000108
328.500000 0.000040
329.500000 0.000228
330.500000 0.000175
331.500000 0.000134
332.500000 0.000148
333.500000 0.000188
334.500000 0.000175
335.500000 0.000188
336.500000 0.000228
337.500000 0.000175
338.500000 0.000228
339.500000 0.000175
340.500000 0.000215
341.500000 0.000175
342.500000 0.000175
343.500000 0.000255
344.500000 0.000228
345.500000 0.000202
346.500000 0.000255
347.500000 0.000202
348.500000 0.000282
349.500000 0.000269
350.500000 0.000336
351.500000 0.000323
352.500000 0.000524
353.500000 0.000390
354.500000 0.000457
355.500000 0.000349
356.500000 0.000430
357.500000 0.000390
358.500000 0.000605
359.500000 0.000551
360.500000 0.000591
361.500000 0.001062
362.500000 0.000779
363.500000 0.001062
364.500000 0.001008
365.500000 0.000820
366.500000 0.000941
367.500000 0.000726
368.500000 0.001330
369.500000 0.001156
370.500000 0.001424
371.500000 0.001169
372.500000 0.001115
373.500000 0.000887
374.500000 0.001236
375.500000 0.001411
376.500000 0.001156
377.500000 0.000954
378.500000 0.000968
379.500000 0.001008
380.500000 0.001223
381.500000 0.000779
382.500000 0.000847
383.500000 0.000941
384.500000 0.001196
385.500000 0.001048
386.500000 0.000941
387.500000 0.000618
388.500000 0.000968
389.500000 0.000766
390.500000 0.000793
391.500000 0.000658
392.500000 0.000779
393.500000 0.000941
394.500000 0.000927
395.500000 0.000887
396.500000 0.000820
397.500000 0.000927
398.500000 0.000497
399.500000 0.000726
400.500000 0.000726
401.500000 0.000833
402.500000 0.000578
403.500000 0.000618
404.500000 0.000578
405.500000 0.000578
406.500000 0.000538
407.500000 0.000618
408.500000 0.000605
409.500000 0.000726
410.500000 0.000524
411.500000 0.000349
412.500000 0.000430
413.500000 0.000484
414.500000 0.000390
415.500000 0.000430
416.500000 0.000323
417.500000 0.000349
418.500000 0.000403
419.500000 0.000363
420.500000 0.000269
421.500000 0.000403
422.500000 0.000215
423.500000 0.000269
424.500000 0.000497
425.500000 0.000443
426.500000 0.000282
427.500000 0.000282
428.500000 0.000269
429.500000 0.000363
430.500000 0.000202
431.500000 0.000309
432.500000 0.000282
433.500000 0.000228
434.500000 0.000255
435.500000 0.000282
436.500000 0.000309
437.500000 0.000175
438.500000 0.000323
439.500000 0.000282
440.500000 0.000215
441.500000 0.000309
442.500000 0.000282
443.500000 0.000336
444.500000 0.000175
445.500000 0.000202
446.500000 0.000148
447.500000 0.000228
448.500000 0.000242
449.500000 0.000282
450.500000 0.000282
451.500000 0.000188
452.500000 0.000255
453.500000 0.000161
454.500000 0.000202
455.500000 0.000108
456.500000 0.000242
457.500000 0.000255
458.500000 0.000228
459.500000 0.000161
460.500000 0.000134
461.500000 0.000094
462.500000 0.000175
463.500000 0.000175
464.500000 0.000202
465.500000 0.000188
466.500000 0.000148
467.500000 0.000108
468.500000 0.000134
469.500000 0.000188
470.500000 0.000134
471.500000 0.000175
472.500000 0.000081
473.500000 0.000175
474.500000 0.000134
475.500000 0.000148
476.500000 0.000134
477.500000 0.000242
478.500000 0.000094
479.500000 0.000121
480.500000 0.000121
481.500000 0.000067
482.500000 0.000175
483.500000 0.000148
484.500000 0.000188
485.500000 0.000228
486.500000 0.000094
487.500000 0.000148
488.500000 0.000108
489.500000 0.000067
490.500000 0.000148
491.500000 0.000094
492.500000 0.000121
493.500000 0.000148
494.500000 0.000121
495.500000 0.000134
496.500000 0.000108
497.500000 0.000121
498.500000 0.000134
499.500000 0.000108
500.500000 0.000121
501.500000 0.000081
502.500000 0.000094
503.500000 0.000175
504.500000 0.000134
505.500000 0.000094
506.500000 0.000121
507.500000 0.000108
508.500000 0.000108
509.500000 0.000108
510.500000 0.000094
511.500000 0.000081
512.500000 0.000148
513.500000 0.000094
514.500000 0.000108
515.500000 0.000215
516.500000 0.000067
517.500000 0.000148
518.500000 0.000148
519.500000 0.000027
520.500000 0.000108
521.500000 0.000081
522.500000 0.000134
523.500000 0.000081
524.500000 0.000108
525.500000 0.000108
526.500000 0.000134
527.500000 0.000108
528.500000 0.000121
529.500000 0.000108
530.500000 0.000094
531.500000 0.000148
532.500000 0.000188
533.500000 0.000094
534.500000 0.000108
535.500000 0.000228
536.500000 0.000148
537.500000 0.000121
538.500000 0.000108
539.500000 0.000134
540.500000 0.000121
541.500000 0.000121
542.500000 0.000134
543.500000 0.000067
544.500000 0.000202
545.500000 0.000067
546.500000 0.000148
547.500000 0.000134
548.500000 0.000148
549.500000 0.000161
550.500000 0.000121
551.500000 0.000161
552.500000 0.000188
553.500000 0.000134
554.500000 0.000188
555.500000 0.000188
556.500000 0.000121
557.500000 0.000161
558.500000 0.000242
559.500000 0.000202
560.500000 0.000175
561.500000 0.000148
562.500000 0.000161
563.500000 0.000094
564.500000 0.000081
565.500000 0.000202
566.500000 0.000148
567.500000 0.000175
568.500000 0.000255
569.500000 0.000148
570.500000 0.000188
571.500000 0.000175
572.500000 0.000094
573.500000 0.000108
574.500000 0.000121
575.500000 0.000188
576.500000 0.000161
577.500000 0.000121
578.500000 0.000175
579.500000 0.000228
580.500000 0.000094
581.500000 0.000134
582.500000 0.000188
583.500000 0.000121
584.500000 0.000175
585.500000 0.000255
586.500000 0.000148
587.500000 0.000282
588.500000 0.000215
589.500000 0.000161
590.500000 0.000175
591.500000 0.000202
592.500000 0.000094
593.500000 0.000188
594.500000 0.000188
595.500000 0.000188
596.500000 0.000228
597.500000 0.000282
598.500000 0.000188
599.500000 0.000134
600.500000 0.000188
601.500000 0.000108
602.500000 0.000134
603.500000 0.000215
604.500000 0.000215
605.500000 0.000148
606.500000 0.000282
607.500000 0.000188
608.500000 0.000228
609.500000 0.000242
610.500000 0.000242
611.500000 0.000269
612.500000 0.000148
613.500000 0.000242
614.500000 0.000202
615.500000 0.000215
616.500000 0.000228
617.500000 0.000323
618.500000 0.000309
619.500000 0.000188
620.500000 0.000309
621.500000 0.000336
622.500000 0.000349
623.500000 0.000255
624.500000 0.000443
625.500000 0.000309
626.500000 0.000296
627.500000 0.000336
628.500000 0.000417
629.500000 0.000564
630.500000 0.000430
631.500000 0.000296
632.500000 0.000363
633.500000 0.000376
634.500000 0.000363
635.500000 0.000403
636.500000 0.000524
637.500000 0.000484
638.500000 0.000470
639.500000 0.000658
640.500000 0.000564
641.500000 0.000551
642.500000 0.000538
643.500000 0.000551
644.500000 0.000591
645.500000 0.000645
646.500000 0.000712
647.500000 0.000605
648.500000 0.000564
649.500000 0.000753
650.500000 0.000806
651.500000 0.000551
652.500000 0.000645
653.500000 0.000645
654.500000 0.000820
655.500000 0.000833
656.500000 0.000806
657.500000 0.000685
658.500000 0.000699
659.500000 0.000833
660.500000 0.000820
661.500000 0.000981
662.500000 0.001008
663.500000 0.001048
664.500000 0.000994
665.500000 0.001115
666.500000 0.000914
667.500000 0.001196
668.500000 0.001263
669.500000 0.001290
670.500000 0.001478
671.500000 0.001572
672.500000 0.001518
673.500000 0.001465
674.500000 0.001935
675.500000 0.002177
676.500000 0.002164
677.500000 0.002392
678.500000 0.002634
679.500000 0.002997
680.500000 0.002674
681.500000 0.003682
682.500000 0.003991
683.500000 0.004408
684.500000 0.005039
685.500000 0.005631
686.500000 0.005953
687.500000 0.006034
688.500000 0.007082
689.500000 0.007606
690.500000 0.009218
691.500000 0.009366
692.500000 0.008735
693.500000 0.009501
694.500000 0.008842
695.500000 0.009017
696.500000 0.009165
697.500000 0.009420
698.500000 0.009407
699.500000 0.009608
700.500000 0.009823
701.500000 0.009998
702.500000 0.009917
703.500000 0.010710
704.500000 0.009958
705.500000 0.008950
706.500000 0.007969
707.500000 0.007149
708.500000 0.006034
709.500000 0.005550
710.500000 0.003951
711.500000 0.002929
712.500000 0.002379
713.500000 0.002029
714.500000 0.001492
715.500000 0.000941
716.500000 0.000994
717.500000 0.000753
718.500000 0.000847
719.500000 0.000699
720.500000 0.000564
721.500000 0.000511
722.500000 0.000470
723.500000 0.000376
724.500000 0.000417
725.500000 0.000417
726.500000 0.000430
727.500000 0.000470
728.500000 0.000309
729.500000 0.000336
730.500000 0.000215
731.500000 0.000336
732.500000 0.000255
733.500000 0.000215
734.500000 0.000202
735.500000 0.000242
736.500000 0.000323
737.500000 0.000121
738.500000 0.000202
739.500000 0.000175
740.500000 0.000175
741.500000 0.000175
742.500000 0.000202
743.500000 0.000121
744.500000 0.000175
745.500000 0.000215
746.500000 0.000188
747.500000 0.000121
748.500000 0.000134
749.500000 0.000269
750.500000 0.000054
751.500000 0.000108
752.500000 0.000108
753.500000 0.000175
754.500000 0.000175
755.500000 0.000134
756.500000 0.000108
757.500000 0.000134
758.500000 0.000094
759.500000 0.000067
760.500000 0.000054
761.500000 0.000094
762.500000 0.000108
763.500000 0.000108
764.500000 0.000094
765.500000 0.000094
766.500000 0.000027
767.500000 0.000054
768.500000 0.000081
769.500000 0.000108
770.500000 0.000108
771.500000 0.000054
772.500000 0.000094
773.500000 0.000081
774.500000 0.000067
775.500000 0.000148
776.500000 0.000054
777.500000 0.000108
778.500000 0.000081
779.500000 0.000067
780.500000 0.000081
781.500000 0.000108
782.500000 0.000108
783.500000 0.000094
784.500000 0.000054
785.500000 0.000081
786.500000 0.000067
787.500000 0.000054
788.500000 0.000134
789.500000 0.000067
790.500000 0.000081
791.500000 0.000121
792.500000 0.000081
793.500000 0.000054
794.500000 0.000081
795.500000 0.000027
796.500000 0.000108
797.500000 0.000054
798.500000 0.000134
799.500000 0.000121
800.500000 0.000108
801.500000 0.000054
802.500000 0.000081
803.500000 0.000108
804.500000 0.000081
805.500000 0.000094
806.500000 0.000094
807.500000 0.000094
808.500000 0.000081
809.500000 0.000081
810.500000 0.000094
811.500000 0.000134
812.500000 0.000054
813.500000 0.000175
814.500000 0.000175
815.500000 0.000121
816.500000 0.000081
817.500000 0.000148
818.500000 0.000108
819.500000 0.000121
820.500000 0.000161
821.500000 0.000081
822.500000 0.000067
823.500000 0.000108
824.500000 0.000081
825.500000 0.000121
826.500000 0.000067
827.500000 0.000108
828.500000 0.000108
829.500000 0.000121
830.500000 0.000094
831.500000 0.000094
832.500000 0.000067
833.500000 0.000121
834.500000 0.000121
835.500000 0.000121
836.500000 0.000054
837.500000 0.000134
838.500000 0.000081
839.500000 0.000148
840.500000 0.000081
841.500000 0.000094
842.500000 0.000134
843.500000 0.000148
844.500000 0.000215
845.500000 0.000148
846.500000 0.000161
847.500000 0.000175
848.500000 0.000148
849.500000 0.000121
850.500000 0.000161
851.500000 0.000108
852.500000 0.000134
853.500000 0.000121
854.500000 0.000202
855.500000 0.000282
856.500000 0.000215
857.500000 0.000161
858.500000 0.000309
859.500000 0.000309
860.500000 0.000215
861.500000 0.000242
862.500000 0.000215
863.500000 0.000336
864.500000 0.000228
865.500000 0.000403
866.500000 0.000269
867.500000 0.000309
868.500000 0.000390
869.500000 0.000363
870.500000 0.000376
871.500000 0.000403
872.500000 0.000712
873.500000 0.000551
874.500000 0.000672
875.500000 0.000605
876.500000 0.000484
877.500000 0.000564
878.500000 0.000591
879.500000 0.000632
880.500000 0.000793
881.500000 0.000672
882.500000 0.000564
883.500000 0.000833
884.500000 0.000739
885.500000 0.000806
886.500000 0.000820
887.500000 0.001008
888.500000 0.000753
889.500000 0.000847
890.500000 0.000927
891.500000 0.000954
892.500000 0.001115
893.500000 0.001088
894.500000 0.001048
895.500000 0.001156
896.500000 0.001035
897.500000 0.001250
898.500000 0.001088
899.500000 0.000968
900.500000 0.001048
901.500000 0.001236
902.500000 0.001048
903.500000 0.001250
904.500000 0.001357
905.500000 0.001088
906.500000 0.001209
907.500000 0.000981
908.500000 0.001035
909.500000 0.001088
910.500000 0.001075
911.500000 0.001209
912.500000 0.001102
913.500000 0.001371
914.500000 0.001693
915.500000 0.001371
916.500000 0.001008
917.500000 0.001102
918.500000 0.000739
919.500000 0.000672
920.500000 0.000685
921.500000 0.000484
922.500000 0.000645
923.500000 0.000564
924.500000 0.000645
925.500000 0.000538
926.500000 0.000511
927.500000 0.000363
928.500000 0.000390
929.500000 0.000296
930.500000 0.000323
931.500000 0.000269
932.500000 0.000363
933.500000 0.000255
934.500000 0.000376
935.500000 0.000296
936.500000 0.000417
937.500000 0.000309
938.500000 0.000296
939.500000 0.000175
940.500000 0.000457
941.500000 0.000349
942.500000 0.000296
943.500000 0.000255
944.500000 0.000228
945.500000 0.000309
946.500000 0.000336
947.500000 0.000242
948.500000 0.000309
949.500000 0.000309
950.500000 0.000175
951.500000 0.000242
952.500000 0.000255
953.500000 0.000161
954.500000 0.000296
955.500000 0.000255
956.500000 0.000363
957.500000 0.000134
958.500000 0.000202
959.500000 0.000269
960.500000 0.000175
961.500000 0.000215
962.500000 0.000242
963.500000 0.000255
964.500000 0.000175
965.500000 0.000215
966.500000 0.000215
967.500000 0.000242
968.500000 0.000282
969.500000 0.000175
970.500000 0.000282
971.500000 0.000134
972.500000 0.000188
973.500000 0.000215
974.500000 0.000202
975.500000 0.000188
976.500000 0.000255
977.500000 0.000188
978.500000 0.000188
979.500000 0.000202
980.500000 0.000228
981.500000 0.000269
982.500000 0.000161
983.500000 0.000161
984.500000 0.000161
985.500000 0.000269
986.500000 0.000255
987.500000 0.000215
988.500000 0.000188
989.500000 0.000228
990.500000 0.000188
991.500000 0.000134
992.500000 0.000215
993.500000 0.000175
994.500000 0.000188
995.500000 0.000228
996.500000 0.000081
997.500000 0.000148
998.500000 0.000161
999.500000 0.000202
1000.500000 0.000228
1001.500000 0.000202
1002.500000 0.000255
1003.500000 0.000148
1004.500000 0.000228
1005.500000 0.000215
1006.500000 0.000215
1007.500000 0.000215
1008.500000 0.000148
1009.500000 0.000175
1010.500000 0.000255
1011.500000 0.000228
1012.500000 0.000148
1013.500000 0.000161
1014.500000 0.000202
1015.500000 0.000309
1016.500000 0.000161
1017.500000 0.000188
1018.500000 0.000188
1019.500000 0.000108
1020.500000 0.000161
1021.500000 0.000255
1022.500000 0.000228
1023.500000 0.000175
1024.500000 0.000202
1025.500000 0.000228
1026.500000 0.000255
1027.500000 0.000269
1028.500000 0.000202
1029.500000 0.000161
1030.500000 0.000134
1031.500000 0.000148
1032.500000 0.000175
1033.500000 0.000296
1034.500000 0.000175
1035.500000 0.000175
1036.500000 0.000094
1037.500000 0.000323
1038.500000 0.000188
1039.500000 0.000269
1040.500000 0.000255
1041.500000 0.000269
1042.500000 0.000255
1043.500000 0.000215
1044.500000 0.000349
1045.500000 0.000269
1046.500000 0.000403
1047.500000 0.000336
1048.500000 0.000390
1049.500000 0.000443
1050.500000 0.000363
1051.500000 0.000296
1052.500000 0.000309
1053.500000 0.000403
1054.500000 0.000336
1055.500000 0.000390
1056.500000 0.000497
1057.500000 0.000376
1058.500000 0.000390
1059.500000 0.000376
1060.500000 0.000376
1061.500000 0.000443
1062.500000 0.000511
1063.500000 0.000390
1064.500000 0.000403
1065.500000 0.000551
1066.500000 0.000430
1067.500000 0.000605
1068.500000 0.000511
1069.500000 0.000645
1070.500000 0.000497
1071.500000 0.000645
1072.500000 0.000699
1073.500000 0.000739
1074.500000 0.000927
1075.500000 0.000712
1076.500000 0.000806
1077.500000 0.000833
1078.500000 0.000739
1079.500000 0.000860
1080.500000 0.000564
1081.500000 0.000873
1082.500000 0.000564
1083.500000 0.000712
1084.500000 0.000658
1085.500000 0.000820
1086.500000 0.000712
1087.500000 0.000820
1088.500000 0.000779
1089.500000 0.001129
1090.500000 0.000900
1091.500000 0.000672
1092.500000 0.000927
1093.500000 0.000994
1094.500000 0.000954
1095.500000 0.001088
1096.500000 0.001088
1097.500000 0.001102
1098.500000 0.001048
1099.500000 0.000954
1100.500000 0.001371
1101.500000 0.001008
1102.500000 0.001169
1103.500000 0.001733
1104.500000 0.001586
1105.500000 0.001720
1106.500000 0.001653
1107.500000 0.001922
1108.500000 0.001881
1109.500000 0.001505
1110.500000 0.001814
1111.500000 0.001787
1112.500000 0.001841
1113.500000 0.001666
1114.500000 0.001277
1115.500000 0.001653
1116.500000 0.001801
1117.500000 0.001492
1118.500000 0.001277
1119.500000 0.001196
1120.500000 0.001088
1121.500000 0.001303
1122.500000 0.001062
1123.500000 0.000968
1124.500000 0.001209
1125.500000 0.001209
1126.500000 0.001102
1127.500000 0.000914
1128.500000 0.000860
1129.500000 0.000887
1130.500000 0.000806
1131.500000 0.000954
1132.500000 0.000927
1133.500000 0.000820
1134.500000 0.000994
1135.500000 0.000914
1136.500000 0.000578
1137.500000 0.001021
1138.500000 0.001088
1139.500000 0.000994
1140.500000 0.000900
1141.500000 0.001169
1142.500000 0.000833
1143.500000 0.001209
1144.500000 0.000847
1145.500000 0.000887
1146.500000 0.001021
1147.500000 0.001169
1148.500000 0.001048
1149.500000 0.000941
1150.500000 0.000887
1151.500000 0.001008
1152.500000 0.001075
1153.500000 0.001088
1154.500000 0.000994
1155.500000 0.001102
1156.500000 0.001088
1157.500000 0.001088
1158.500000 0.000820
1159.500000 0.001223
1160.500000 0.001330
1161.500000 0.001263
1162.500000 0.000968
1163.500000 0.001102
1164.500000 0.001465
1165.500000 0.001290
1166.500000 0.000994
1167.500000 0.001129
1168.500000 0.001142
1169.500000 0.001599
1170.500000 0.001451
1171.500000 0.001639
1172.500000 0.001277
1173.500000 0.001277
1174.500000 0.001599
1175.500000 0.001908
1176.500000 0.001760
1177.500000 0.002083
1178.500000 0.002164
1179.500000 0.001868
1180.500000 0.002432
1181.500000 0.002553
1182.500000 0.002862
1183.500000 0.002916
1184.500000 0.003265
1185.500000 0.003615
1186.500000 0.004058
1187.500000 0.004287
1188.500000 0.004220
1189.500000 0.005765
1190.500000 0.006517
1191.500000 0.006921
1192.500000 0.007418
1193.500000 0.008305
1194.500000 0.009528
1195.500000 0.011059
1196.500000 0.011933
1197.500000 0.012309
1198.500000 0.013344
1199.500000 0.014647
