0.500000 0.003868
1.500000 0.003349
2.500000 0.003621
3.500000 0.003582
4.500000 0.003504
5.500000 0.003673
6.500000 0.003491
7.500000 0.003297
8.500000 0.002609
9.500000 0.002752
10.500000 0.002687
11.500000 0.002868
12.500000 0.002466
13.500000 0.002622
14.500000 0.002284
15.500000 0.002583
16.500000 0.001778
17.500000 0.002064
18.500000 0.002012
19.500000 0.001986
20.500000 0.002181
21.500000 0.001973
22.500000 0.001609
23.500000 0.001596
24.500000 0.001389
25.500000 0.001454
26.500000 0.001441
27.500000 0.001389
28.500000 0.001609
29.500000 0.001207
30.500000 0.001285
31.500000 0.001207
32.500000 0.001103
33.500000 0.001090
34.500000 0.000973
35.500000 0.000922
36.500000 0.000870
37.500000 0.001038
38.500000 0.000883
39.500000 0.000818
40.500000 0.000675
41.500000 0.000883
42.500000 0.000675
43.500000 0.000766
44.500000 0.000909
45.500000 0.000636
46.500000 0.000662
47.500000 0.000714
48.500000 0.000766
49.500000 0.000636
50.500000 0.000558
51.500000 0.000545
52.500000 0.000675
53.500000 0.000740
54.500000 0.000662
55.500000 0.000701
56.500000 0.000714
57.500000 0.000636
58.500000 0.000597
59.500000 0.000727
60.500000 0.000688
61.500000 0.000857
62.500000 0.000649
63.500000 0.000558
64.500000 0.000688
65.500000 0.000636
66.500000 0.000597
67.500000 0.000701
68.500000 0.000779
69.500000 0.000649
70.500000 0.000779
71.500000 0.000753
72.500000 0.000662
73.500000 0.000558
74.500000 0.000766
75.500000 0.000844
76.500000 0.000701
77.500000 0.000779
78.500000 0.000636
79.500000 0.000960
80.500000 0.000714
81.500000 0.000649
82.500000 0.000714
83.500000 0.000636
84.500000 0.000766
85.500000 0.000558
86.500000 0.000649
87.500000 0.000701
88.500000 0.000649
89.500000 0.000792
90.500000 0.000727
91.500000 0.000792
92.500000 0.000857
93.500000 0.000960
94.500000 0.000740
95.500000 0.000779
96.500000 0.000727
97.500000 0.000727
98.500000 0.000623
99.500000 0.000688
100.500000 0.000805
101.500000 0.001142
102.500000 0.001025
103.500000 0.000986
104.500000 0.000844
105.500000 0.000740
106.500000 0.000818
107.500000 0.000947
108.500000 0.000805
109.500000 0.000805
110.500000 0.000714
111.500000 0.000792
112.500000 0.000662
113.500000 0.000909
114.500000 0.000909
115.500000 0.000753
116.500000 0.000766
117.500000 0.000597
118.500000 0.000896
119.500000 0.000922
120.500000 0.000792
121.500000 0.000857
122.500000 0.000688
123.500000 0.000766
124.500000 0.000857
125.500000 0.000960
126.500000 0.000831
127.500000 0.000831
128.500000 0.000662
129.500000 0.000727
130.500000 0.000779
131.500000 0.000753
132.500000 0.000818
133.500000 0.000779
134.500000 0.000727
135.500000 0.000896
136.500000 0.000805
137.500000 0.001077
138.500000 0.000792
139.500000 0.000779
140.500000 0.001012
141.500000 0.000818
142.500000 0.000792
143.500000 0.000805
144.500000 0.001103
145.500000 0.001155
146.500000 0.000947
147.500000 0.000909
148.500000 0.001246
149.500000 0.000999
150.500000 0.001051
151.500000 0.001064
152.500000 0.001207
153.500000 0.001285
154.500000 0.001142
155.500000 0.001259
156.500000 0.000909
157.500000 0.000986
158.500000 0.001103
159.500000 0.001233
160.500000 0.001038
161.500000 0.001259
162.500000 0.000909
163.500000 0.001233
164.500000 0.001077
165.500000 0.001311
166.500000 0.001142
167.500000 0.001207
168.500000 0.001298
169.500000 0.001194
170.500000 0.001259
171.500000 0.001298
172.500000 0.001116
173.500000 0.001324
174.500000 0.001350
175.500000 0.001415
176.500000 0.001103
177.500000 0.001116
178.500000 0.001233
179.500000 0.001129
180.500000 0.000999
181.500000 0.001298
182.500000 0.001025
183.500000 0.001194
184.500000 0.001389
185.500000 0.001467
186.500000 0.001259
187.500000 0.001064
188.500000 0.001337
189.500000 0.001415
190.500000 0.001337
191.500000 0.001428
192.500000 0.001363
193.500000 0.001259
194.500000 0.001324
195.500000 0.001142
196.500000 0.001389
197.500000 0.001441
198.500000 0.001259
199.500000 0.001350
200.500000 0.001194
201.500000 0.001415
202.500000 0.001583
203.500000 0.001233
204.500000 0.001298
205.500000 0.001194
206.500000 0.001051
207.500000 0.001194
208.500000 0.000960
209.500000 0.000831
210.500000 0.001012
211.500000 0.000960
212.500000 0.000870
213.500000 0.001090
214.500000 0.000909
215.500000 0.000727
216.500000 0.000844
217.500000 0.000831
218.500000 0.000584
219.500000 0.000597
220.500000 0.000870
221.500000 0.000701
222.500000 0.000688
223.500000 0.000623
224.500000 0.000662
225.500000 0.000480
226.500000 0.000649
227.500000 0.000623
228.500000 0.000545
229.500000 0.000467
230.500000 0.000662
231.500000 0.000584
232.500000 0.000493
233.500000 0.000519
234.500000 0.000506
235.500000 0.000454
236.500000 0.000610
237.500000 0.000467
238.500000 0.000571
239.500000 0.000454
240.500000 0.000519
241.500000 0.000324
242.500000 0.000545
243.500000 0.000286
244.500000 0.000402
245.500000 0.000402
246.500000 0.000519
247.500000 0.000480
248.500000 0.000402
249.500000 0.000415
250.500000 0.000415
251.500000 0.000389
252.500000 0.000402
253.500000 0.000363
254.500000 0.000415
255.500000 0.000402
256.500000 0.000312
257.500000 0.000324
258.500000 0.000286
259.500000 0.000337
260.500000 0.000402
261.500000 0.000234
262.500000 0.000363
263.500000 0.000428
264.500000 0.000441
265.500000 0.000337
266.500000 0.000428
267.500000 0.000389
268.500000 0.000376
269.500000 0.000337
270.500000 0.000234
271.500000 0.000286
272.500000 0.000260
273.500000 0.000247
274.500000 0.000260
275.500000 0.000312
276.500000 0.000286
277.500000 0.000312
278.500000 0.000208
279.500000 0.000273
280.500000 0.000337
281.500000 0.000208
282.500000 0.000402
283.500000 0.000299
284.500000 0.000337
285.500000 0.000363
286.500000 0.000324
287.500000 0.000324
288.500000 0.000208
289.500000 0.000208
290.500000 0.000195
291.500000 0.000208
292.500000 0.000221
293.500000 0.000273
294.500000 0.000350
295.500000 0.000299
296.500000 0.000234
297.500000 0.000221
298.500000 0.000221
299.500000 0.000247
300.500000 0.000195
301.500000 0.000221
302.500000 0.000312
303.500000 0.000195
304.500000 0.000337
305.500000 0.000299
306.500000 0.000221
307.500000 0.000286
308.500000 0.000273
309.500000 0.000312
310.500000 0.000195
311.500000 0.000247
312.500000 0.000299
313.500000 0.000376
314.500000 0.000376
315.500000 0.000260
316.500000 0.000260
317.500000 0.000195
318.500000 0.000299
319.500000 0.000273
320.500000 0.000260
321.500000 0.000312
322.500000 0.000324
323.500000 0.000260
324.500000 0.000299
325.500000 0.000104
326.500000 0.000234
327.500000 0.000350
328.500000 0.000221
329.500000 0.000182
330.500000 0.000376
331.500000 0.000299
332.500000 0.000247
333.500000 0.000415
334.500000 0.000234
335.500000 0.000234
336.500000 0.000286
337.500000 0.000286
338.500000 0.000143
339.500000 0.000299
340.500000 0.000130
341.500000 0.000286
342.500000 0.000156
343.500000 0.000208
344.500000 0.000324
345.500000 0.000324
346.500000 0.000260
347.500000 0.000234
348.500000 0.000312
349.500000 0.000182
350.500000 0.000260
351.500000 0.000260
352.500000 0.000260
353.500000 0.000260
354.500000 0.000363
355.500000 0.000299
356.500000 0.000234
357.500000 0.000299
358.500000 0.000221
359.500000 0.000208
360.500000 0.000286
361.500000 0.000299
362.500000 0.000221
363.500000 0.000260
364.500000 0.000324
365.500000 0.000441
366.500000 0.000350
367.500000 0.000415
368.500000 0.000415
369.500000 0.000273
370.500000 0.000428
371.500000 0.000454
372.500000 0.000376
373.500000 0.000402
374.500000 0.000389
375.500000 0.000428
376.500000 0.000234
377.500000 0.000286
378.500000 0.000273
379.500000 0.000312
380.500000 0.000428
381.500000 0.000454
382.500000 0.000363
383.500000 0.000324
384.500000 0.000350
385.500000 0.000389
386.500000 0.000363
387.500000 0.000402
388.500000 0.000402
389.500000 0.000480
390.500000 0.000363
391.500000 0.000389
392.500000 0.000350
393.500000 0.000389
394.500000 0.000363
395.500000 0.000506
396.500000 0.000506
397.500000 0.000402
398.500000 0.000337
399.500000 0.000324
400.500000 0.000415
401.500000 0.000454
402.500000 0.000506
403.500000 0.000480
404.500000 0.000299
405.500000 0.000558
406.500000 0.000415
407.500000 0.000363
408.500000 0.000454
409.500000 0.000376
410.500000 0.000610
411.500000 0.000506
412.500000 0.000428
413.500000 0.000584
414.500000 0.000389
415.500000 0.000532
416.500000 0.000532
417.500000 0.000571
418.500000 0.000441
419.500000 0.000415
420.500000 0.000818
421.500000 0.000532
422.500000 0.000584
423.500000 0.000428
424.500000 0.000584
425.500000 0.000493
426.500000 0.000519
427.500000 0.000558
428.500000 0.000558
429.500000 0.000519
430.500000 0.000610
431.500000 0.000558
432.500000 0.000571
433.500000 0.000454
434.500000 0.000571
435.500000 0.000532
436.500000 0.000545
437.500000 0.000571
438.500000 0.000519
439.500000 0.000818
440.500000 0.000727
441.500000 0.000922
442.500000 0.000662
443.500000 0.000688
444.500000 0.000753
445.500000 0.001038
446.500000 0.000831
447.500000 0.000844
448.500000 0.000766
449.500000 0.000857
450.500000 0.000792
451.500000 0.000701
452.500000 0.000753
453.500000 0.000935
454.500000 0.001025
455.500000 0.000883
456.500000 0.000973
457.500000 0.000960
458.500000 0.000960
459.500000 0.000986
460.500000 0.001129
461.500000 0.001090
462.500000 0.001259
463.500000 0.001246
464.500000 0.001155
465.500000 0.001233
466.500000 0.001311
467.500000 0.001363
468.500000 0.001337
469.500000 0.001570
470.500000 0.001480
471.500000 0.001376
472.500000 0.001415
473.500000 0.001376
474.500000 0.001480
475.500000 0.001415
476.500000 0.001246
477.500000 0.001454
478.500000 0.001220
479.500000 0.001532
480.500000 0.001674
481.500000 0.001648
482.500000 0.001687
483.500000 0.001480
484.500000 0.001778
485.500000 0.001454
486.500000 0.001856
487.500000 0.001609
488.500000 0.001519
489.500000 0.001622
490.500000 0.001596
491.500000 0.001493
492.500000 0.001376
493.500000 0.001402
494.500000 0.001570
495.500000 0.001558
496.500000 0.001285
497.500000 0.001363
498.500000 0.001402
499.500000 0.001194
500.500000 0.001454
501.500000 0.001441
502.500000 0.001402
503.500000 0.001194
504.500000 0.001415
505.500000 0.001077
506.500000 0.001103
507.500000 0.001207
508.500000 0.001064
509.500000 0.000986
510.500000 0.000844
511.500000 0.000883
512.500000 0.000831
513.500000 0.000922
514.500000 0.001103
515.500000 0.000753
516.500000 0.000766
517.500000 0.000947
518.500000 0.000805
519.500000 0.000792
520.500000 0.000662
521.500000 0.000649
522.500000 0.000545
523.500000 0.000701
524.500000 0.000675
525.500000 0.000584
526.500000 0.000467
527.500000 0.000701
528.500000 0.000441
529.500000 0.000506
530.500000 0.000571
531.500000 0.000519
532.500000 0.000558
533.500000 0.000389
534.500000 0.000506
535.500000 0.000493
536.500000 0.000493
537.500000 0.000454
538.500000 0.000519
539.500000 0.000428
540.500000 0.000441
541.500000 0.000415
542.500000 0.000299
543.500000 0.000402
544.500000 0.000299
545.500000 0.000441
546.500000 0.000324
547.500000 0.000415
548.500000 0.000247
549.500000 0.000273
550.500000 0.000415
551.500000 0.000337
552.500000 0.000337
553.500000 0.000286
554.500000 0.000389
555.500000 0.000389
556.500000 0.000247
557.500000 0.000286
558.500000 0.000273
559.500000 0.000208
560.500000 0.000324
561.500000 0.000363
562.500000 0.000350
563.500000 0.000299
564.500000 0.000260
565.500000 0.000208
566.500000 0.000260
567.500000 0.000363
568.500000 0.000195
569.500000 0.000273
570.500000 0.000221
571.500000 0.000299
572.500000 0.000260
573.500000 0.000312
574.500000 0.000350
575.500000 0.000169
576.500000 0.000324
577.500000 0.000221
578.500000 0.000337
579.500000 0.000324
580.500000 0.000234
581.500000 0.000299
582.500000 0.000363
583.500000 0.000221
584.500000 0.000221
585.500000 0.000260
586.500000 0.000286
587.500000 0.000337
588.500000 0.000415
589.500000 0.000286
590.500000 0.000363
591.500000 0.000337
592.500000 0.000337
593.500000 0.000273
594.500000 0.000273
595.500000 0.000376
596.500000 0.000299
597.500000 0.000273
598.500000 0.000415
599.500000 0.000441
600.500000 0.000247
601.500000 0.000350
602.500000 0.000299
603.500000 0.000415
604.500000 0.000324
605.500000 0.000324
606.500000 0.000221
607.500000 0.000299
608.500000 0.000350
609.500000 0.000273
610.500000 0.000324
611.500000 0.000350
612.500000 0.000286
613.500000 0.000415
614.500000 0.000402
615.500000 0.000324
616.500000 0.000324
617.500000 0.000312
618.500000 0.000402
619.500000 0.000260
620.500000 0.000273
621.500000 0.000480
622.500000 0.000389
623.500000 0.000312
624.500000 0.000493
625.500000 0.000363
626.500000 0.000337
627.500000 0.000389
628.500000 0.000415
629.500000 0.000428
630.500000 0.000260
631.500000 0.000350
632.500000 0.000558
633.500000 0.000454
634.500000 0.000532
635.500000 0.000584
636.500000 0.000480
637.500000 0.000545
638.500000 0.000610
639.500000 0.000506
640.500000 0.000389
641.500000 0.000610
642.500000 0.000493
643.500000 0.000571
644.500000 0.000623
645.500000 0.000571
646.500000 0.000506
647.500000 0.000636
648.500000 0.000636
649.500000 0.000766
650.500000 0.000636
651.500000 0.000662
652.500000 0.000701
653.500000 0.000779
654.500000 0.000688
655.500000 0.000857
656.500000 0.000740
657.500000 0.000740
658.500000 0.000779
659.500000 0.000857
660.500000 0.001025
661.500000 0.000922
662.500000 0.001077
663.500000 0.001012
664.500000 0.001194
665.500000 0.001285
666.500000 0.001207
667.500000 0.001259
668.500000 0.001129
669.500000 0.001389
670.500000 0.001428
671.500000 0.001570
672.500000 0.001700
673.500000 0.001480
674.500000 0.001596
675.500000 0.001700
676.500000 0.001830
677.500000 0.001999
678.500000 0.002116
679.500000 0.002479
680.500000 0.002648
681.500000 0.002427
682.500000 0.003154
683.500000 0.003128
684.500000 0.003102
685.500000 0.003829
686.500000 0.003362
687.500000 0.003465
688.500000 0.003258
689.500000 0.003569
690.500000 0.003362
691.500000 0.003530
692.500000 0.004309
693.500000 0.003647
694.500000 0.003375
695.500000 0.003193
696.500000 0.003686
697.500000 0.004114
698.500000 0.003829
699.500000 0.003232
700.500000 0.003271
701.500000 0.003232
702.500000 0.003128
703.500000 0.003050
704.500000 0.003180
705.500000 0.002881
706.500000 0.002855
707.500000 0.002972
708.500000 0.002868
709.500000 0.002466
710.500000 0.002116
711.500000 0.002284
712.500000 0.002142
713.500000 0.002206
714.500000 0.001934
715.500000 0.001856
716.500000 0.001947
717.500000 0.002025
718.500000 0.001558
719.500000 0.001921
720.500000 0.001726
721.500000 0.001558
722.500000 0.001454
723.500000 0.001415
724.500000 0.001428
725.500000 0.001324
726.500000 0.001116
727.500000 0.001285
728.500000 0.001090
729.500000 0.001311
730.500000 0.001129
731.500000 0.001142
732.500000 0.001363
733.500000 0.001012
734.500000 0.000935
735.500000 0.000922
736.500000 0.001077
737.500000 0.000960
738.500000 0.001077
739.500000 0.000805
740.500000 0.001025
741.500000 0.000844
742.500000 0.000844
743.500000 0.000870
744.500000 0.000779
745.500000 0.000805
746.500000 0.001051
747.500000 0.000857
748.500000 0.000792
749.500000 0.000701
750.500000 0.000727
751.500000 0.000805
752.500000 0.000973
753.500000 0.000805
754.500000 0.000896
755.500000 0.000857
756.500000 0.000675
757.500000 0.000714
758.500000 0.000714
759.500000 0.000909
760.500000 0.000688
761.500000 0.000714
762.500000 0.000792
763.500000 0.000779
764.500000 0.000714
765.500000 0.000844
766.500000 0.000753
767.500000 0.000779
768.500000 0.000714
769.500000 0.000844
770.500000 0.000714
771.500000 0.000779
772.500000 0.000740
773.500000 0.000766
774.500000 0.000701
775.500000 0.000714
776.500000 0.000805
777.500000 0.000610
778.500000 0.000922
779.500000 0.000857
780.500000 0.000649
781.500000 0.000636
782.500000 0.000792
783.500000 0.000947
784.500000 0.000805
785.500000 0.000779
786.500000 0.000960
787.500000 0.000792
788.500000 0.000935
789.500000 0.001103
790.500000 0.001103
791.500000 0.000727
792.500000 0.000986
793.500000 0.001025
794.500000 0.000831
795.500000 0.000818
796.500000 0.000922
797.500000 0.000922
798.500000 0.000909
799.500000 0.000779
800.500000 0.000960
801.500000 0.000792
802.500000 0.000922
803.500000 0.000818
804.500000 0.000973
805.500000 0.000818
806.500000 0.000870
807.500000 0.001012
808.500000 0.000844
809.500000 0.000935
810.500000 0.000947
811.500000 0.000792
812.500000 0.000779
813.500000 0.000909
814.500000 0.001012
815.500000 0.000753
816.500000 0.000922
817.500000 0.000740
818.500000 0.000753
819.500000 0.000805
820.500000 0.000844
821.500000 0.000973
822.500000 0.000714
823.500000 0.000960
824.500000 0.000831
825.500000 0.000844
826.500000 0.000727
827.500000 0.000727
828.500000 0.000701
829.500000 0.000870
830.500000 0.000766
831.500000 0.000896
832.500000 0.000688
833.500000 0.000844
834.500000 0.000896
835.500000 0.000973
836.500000 0.000766
837.500000 0.001194
838.500000 0.000922
839.500000 0.001661
840.500000 0.000766
841.500000 0.000662
842.500000 0.000558
843.500000 0.000649
844.500000 0.000623
845.500000 0.000740
846.500000 0.000688
847.500000 0.000649
848.500000 0.000701
849.500000 0.000623
850.500000 0.000701
851.500000 0.000792
852.500000 0.000805
853.500000 0.000870
854.500000 0.000597
855.500000 0.000610
856.500000 0.000727
857.500000 0.000545
858.500000 0.000597
859.500000 0.000662
860.500000 0.000675
861.500000 0.000584
862.500000 0.000727
863.500000 0.000844
864.500000 0.000558
865.500000 0.000610
866.500000 0.000415
867.500000 0.000454
868.500000 0.000623
869.500000 0.000493
870.500000 0.000558
871.500000 0.000480
872.500000 0.000532
873.500000 0.000441
874.500000 0.000740
875.500000 0.000571
876.500000 0.000584
877.500000 0.000571
878.500000 0.000571
879.500000 0.000623
880.500000 0.000467
881.500000 0.000545
882.500000 0.000610
883.500000 0.000649
884.500000 0.000467
885.500000 0.000532
886.500000 0.000324
887.500000 0.000441
888.500000 0.000467
889.500000 0.000350
890.500000 0.000441
891.500000 0.000441
892.500000 0.000519
893.500000 0.000376
894.500000 0.000454
895.500000 0.000441
896.500000 0.000402
897.500000 0.000415
898.500000 0.000428
899.500000 0.000506
900.500000 0.000467
901.500000 0.000480
902.500000 0.000441
903.500000 0.000519
904.500000 0.000480
905.500000 0.000506
906.500000 0.000428
907.500000 0.000324
908.500000 0.000415
909.500000 0.000337
910.500000 0.000415
911.500000 0.000480
912.500000 0.000337
913.500000 0.000415
914.500000 0.000273
915.500000 0.000467
916.500000 0.000286
917.500000 0.000454
918.500000 0.000234
919.500000 0.000299
920.500000 0.000402
921.500000 0.000428
922.500000 0.000454
923.500000 0.000286
924.500000 0.000545
925.500000 0.000350
926.500000 0.000389
927.500000 0.000415
928.500000 0.000519
929.500000 0.000324
930.500000 0.000363
931.500000 0.000389
932.500000 0.000506
933.500000 0.000519
934.500000 0.000299
935.500000 0.000506
936.500000 0.000506
937.500000 0.000545
938.500000 0.000493
939.500000 0.000558
940.500000 0.000389
941.500000 0.000467
942.500000 0.000454
943.500000 0.000532
944.500000 0.000493
945.500000 0.000350
946.500000 0.000350
947.500000 0.000584
948.500000 0.000610
949.500000 0.000480
950.500000 0.000493
951.500000 0.000337
952.500000 0.000623
953.500000 0.000454
954.500000 0.000545
955.500000 0.000441
956.500000 0.000506
957.500000 0.000493
958.500000 0.000545
959.500000 0.000610
960.500000 0.000299
961.500000 0.000519
962.500000 0.000506
963.500000 0.000441
964.500000 0.000571
965.500000 0.000337
966.500000 0.000558
967.500000 0.000350
968.500000 0.000402
969.500000 0.000415
970.500000 0.000584
971.500000 0.000506
972.500000 0.000441
973.500000 0.000532
974.500000 0.000506
975.500000 0.000454
976.500000 0.000376
977.500000 0.000402
978.500000 0.000545
979.500000 0.000519
980.500000 0.000519
981.500000 0.000454
982.500000 0.000260
983.500000 0.000480
984.500000 0.000273
985.500000 0.000376
986.500000 0.000623
987.500000 0.000389
988.500000 0.000545
989.500000 0.000454
990.500000 0.000441
991.500000 0.000363
992.500000 0.000545
993.500000 0.000545
994.500000 0.000389
995.500000 0.000467
996.500000 0.000480
997.500000 0.000389
998.500000 0.000415
999.500000 0.000441
1000.500000 0.000467
1001.500000 0.000337
1002.500000 0.000324
1003.500000 0.000519
1004.500000 0.000454
1005.500000 0.000350
1006.500000 0.000480
1007.500000 0.000441
1008.500000 0.000376
1009.500000 0.000441
1010.500000 0.000428
1011.500000 0.000402
1012.500000 0.000337
1013.500000 0.000247
1014.500000 0.000415
1015.500000 0.000376
1016.500000 0.000208
1017.500000 0.000376
1018.500000 0.000350
1019.500000 0.000389
1020.500000 0.000389
1021.500000 0.000389
1022.500000 0.000260
1023.500000 0.000480
1024.500000 0.000312
1025.500000 0.000234
1026.500000 0.000363
1027.500000 0.000286
1028.500000 0.000208
1029.500000 0.000324
1030.500000 0.000234
1031.500000 0.000234
1032.500000 0.000402
1033.500000 0.000324
1034.500000 0.000169
1035.500000 0.000454
1036.500000 0.000247
1037.500000 0.000324
1038.500000 0.000324
1039.500000 0.000221
1040.500000 0.000299
1041.500000 0.000260
1042.500000 0.000312
1043.500000 0.000221
1044.500000 0.000260
1045.500000 0.000324
1046.500000 0.000312
1047.500000 0.000350
1048.500000 0.000260
1049.500000 0.000208
1050.500000 0.000324
1051.500000 0.000324
1052.500000 0.000454
1053.500000 0.000247
1054.500000 0.000247
1055.500000 0.000376
1056.500000 0.000389
1057.500000 0.000286
1058.500000 0.000389
1059.500000 0.000324
1060.500000 0.000402
1061.500000 0.000389
1062.500000 0.000337
1063.500000 0.000428
1064.500000 0.000441
1065.500000 0.000324
1066.500000 0.000389
1067.500000 0.000415
1068.500000 0.000428
1069.500000 0.000363
1070.500000 0.000350
1071.500000 0.000415
1072.500000 0.000260
1073.500000 0.000441
1074.500000 0.000312
1075.500000 0.000376
1076.500000 0.000234
1077.500000 0.000286
1078.500000 0.000350
1079.500000 0.000389
1080.500000 0.000350
1081.500000 0.000441
1082.500000 0.000299
1083.500000 0.000312
1084.500000 0.000324
1085.500000 0.000402
1086.500000 0.000376
1087.500000 0.000350
1088.500000 0.000350
1089.500000 0.000312
1090.500000 0.000312
1091.500000 0.000247
1092.500000 0.000324
1093.500000 0.000441
1094.500000 0.000260
1095.500000 0.000389
1096.500000 0.000454
1097.500000 0.000273
1098.500000 0.000363
1099.500000 0.000286
1100.500000 0.000312
1101.500000 0.000337
1102.500000 0.000312
1103.500000 0.000337
1104.500000 0.000337
1105.500000 0.000441
1106.500000 0.000402
1107.500000 0.000221
1108.500000 0.000350
1109.500000 0.000389
1110.500000 0.000337
1111.500000 0.000312
1112.500000 0.000454
1113.500000 0.000337
1114.500000 0.000389
1115.500000 0.000337
1116.500000 0.000363
1117.500000 0.000376
1118.500000 0.000415
1119.500000 0.000363
1120.500000 0.000337
1121.500000 0.000519
1122.500000 0.000363
1123.500000 0.000312
1124.500000 0.000506
1125.500000 0.000558
1126.500000 0.000558
1127.500000 0.000571
1128.500000 0.000636
1129.500000 0.000519
1130.500000 0.000415
1131.500000 0.000558
1132.500000 0.000402
1133.500000 0.000454
1134.500000 0.000480
1135.500000 0.000402
1136.500000 0.000493
1137.500000 0.000662
1138.500000 0.000571
1139.500000 0.000545
1140.500000 0.000584
1141.500000 0.000597
1142.500000 0.000675
1143.500000 0.000545
1144.500000 0.000558
1145.500000 0.000649
1146.500000 0.000779
1147.500000 0.000740
1148.500000 0.000636
1149.500000 0.000753
1150.500000 0.000844
1151.500000 0.000857
1152.500000 0.000999
1153.500000 0.000960
1154.500000 0.000922
1155.500000 0.000922
1156.500000 0.001038
1157.500000 0.001103
1158.500000 0.001077
1159.500000 0.001389
1160.500000 0.001103
1161.500000 0.001454
1162.500000 0.001454
1163.500000 0.001648
1164.500000 0.001376
1165.500000 0.001337
1166.500000 0.001558
1167.500000 0.001700
1168.500000 0.001791
1169.500000 0.001713
1170.500000 0.001791
1171.500000 0.001908
1172.500000 0.002544
1173.500000 0.001947
1174.500000 0.002258
1175.500000 0.002453
1176.500000 0.002505
1177.500000 0.002570
1178.500000 0.002842
1179.500000 0.002635
1180.500000 0.002752
1181.500000 0.002933
1182.500000 0.003232
1183.500000 0.003349
1184.500000 0.003349
1185.500000 0.003725
1186.500000 0.004127
1187.500000 0.003777
1188.500000 0.003907
1189.500000 0.003881
1190.500000 0.003842
1191.500000 0.004335
1192.500000 0.003388
1193.500000 0.003452
1194.500000 0.003440
1195.500000 0.003647
1196.500000 0.004037
1197.500000 0.004011
1198.500000 0.003362
1199.500000 0.003673
