0.500000 0.012988
1.500000 0.012024
2.500000 0.012875
3.500000 0.008735
4.500000 0.006920
5.500000 0.005785
6.500000 0.004197
7.500000 0.004254
8.500000 0.003290
9.500000 0.003006
10.500000 0.003006
11.500000 0.002269
12.500000 0.002099
13.500000 0.001872
14.500000 0.002666
15.500000 0.002212
16.500000 0.001872
17.500000 0.002042
18.500000 0.002042
19.500000 0.002269
20.500000 0.001702
21.500000 0.002042
22.500000 0.001645
23.500000 0.002212
24.500000 0.002099
25.500000 0.002212
26.500000 0.002496
27.500000 0.002552
28.500000 0.001588
29.500000 0.001588
30.500000 0.002496
31.500000 0.002325
32.500000 0.002382
33.500000 0.001872
34.500000 0.002325
35.500000 0.002042
36.500000 0.001928
37.500000 0.002269
38.500000 0.002269
39.500000 0.001758
40.500000 0.002155
41.500000 0.002382
42.500000 0.001985
43.500000 0.002099
44.500000 0.002325
45.500000 0.002496
46.500000 0.002269
47.500000 0.001361
48.500000 0.002666
49.500000 0.002439
50.500000 0.002609
51.500000 0.002155
52.500000 0.002269
53.500000 0.002609
54.500000 0.002042
55.500000 0.001815
56.500000 0.001985
57.500000 0.001191
58.500000 0.002439
59.500000 0.001872
60.500000 0.001531
61.500000 0.001985
62.500000 0.001702
63.500000 0.001134
64.500000 0.002155
65.500000 0.001078
66.500000 0.001531
67.500000 0.001248
68.500000 0.001305
69.500000 0.001758
70.500000 0.001531
71.500000 0.001191
72.500000 0.001418
73.500000 0.001418
74.500000 0.001475
75.500000 0.001588
76.500000 0.001361
77.500000 0.000907
78.500000 0.001702
79.500000 0.001191
80.500000 0.000907
81.500000 0.001134
82.500000 0.001531
83.500000 0.001985
84.500000 0.001645
85.500000 0.001021
86.500000 0.001645
87.500000 0.001531
88.500000 0.001815
89.500000 0.001872
90.500000 0.001078
91.500000 0.002042
92.500000 0.002269
93.500000 0.002042
94.500000 0.001702
95.500000 0.001872
96.500000 0.002269
97.500000 0.001531
98.500000 0.000907
99.500000 0.000794
100.500000 0.001248
101.500000 0.001021
102.500000 0.000907
103.500000 0.000794
104.500000 0.000907
105.500000 0.000851
106.500000 0.001361
107.500000 0.000737
108.500000 0.000964
109.500000 0.001078
110.500000 0.000397
111.500000 0.000794
112.500000 0.000737
113.500000 0.000454
114.500000 0.000794
115.500000 0.000964
116.500000 0.000624
117.500000 0.000681
118.500000 0.001021
119.500000 0.000397
120.500000 0.000737
121.500000 0.000681
122.500000 0.000510
123.500000 0.000681
124.500000 0.000340
125.500000 0.000284
126.500000 0.000624
127.500000 0.000170
128.500000 0.000454
129.500000 0.000227
130.500000 0.000284
131.500000 0.000284
132.500000 0.000454
133.500000 0.000510
134.500000 0.000397
135.500000 0.000454
136.500000 0.000454
137.500000 0.000340
138.500000 0.000510
139.500000 0.000284
140.500000 0.000454
141.500000 0.000340
142.500000 0.000340
143.500000 0.000227
144.500000 0.000510
145.500000 0.000340
146.500000 0.000227
147.500000 0.000113
148.500000 0.000340
149.500000 0.000454
150.500000 0.000340
151.500000 0.000284
152.500000 0.000170
153.500000 0.000284
154.500000 0.000454
155.500000 0.000397
156.500000 0.000567
157.500000 0.000397
158.500000 0.000397
159.500000 0.000397
160.500000 0.000227
161.500000 0.000681
162.500000 0.000681
163.500000 0.000794
164.500000 0.000340
165.500000 0.000284
166.500000 0.000397
167.500000 0.000510
168.500000 0.000510
169.500000 0.000681
170.500000 0.000454
171.500000 0.000340
172.500000 0.000227
173.500000 0.000737
174.500000 0.000567
175.500000 0.000624
176.500000 0.000794
177.500000 0.000851
178.500000 0.000397
179.500000 0.000794
180.500000 0.000681
181.500000 0.000340
182.500000 0.001191
183.500000 0.000907
184.500000 0.000851
185.500000 0.000624
186.500000 0.001191
187.500000 0.001531
188.500000 0.000907
189.500000 0.000964
190.500000 0.000907
191.500000 0.001021
192.500000 0.001418
193.500000 0.001361
194.500000 0.001021
195.500000 0.001305
196.500000 0.001078
197.500000 0.001021
198.500000 0.001021
199.500000 0.001758
200.500000 0.001305
201.500000 0.001021
202.500000 0.001078
203.500000 0.001475
204.500000 0.002099
205.500000 0.002382
206.500000 0.001928
207.500000 0.001815
208.500000 0.001418
209.500000 0.001815
210.500000 0.001475
211.500000 0.001078
212.500000 0.001531
213.500000 0.001305
214.500000 0.000851
215.500000 0.001021
216.500000 0.001645
217.500000 0.001021
218.500000 0.000794
219.500000 0.001021
220.500000 0.001078
221.500000 0.000907
222.500000 0.001021
223.500000 0.000794
224.500000 0.000737
225.500000 0.001078
226.500000 0.001021
227.500000 0.000851
228.500000 0.000737
229.500000 0.000794
230.500000 0.000737
231.500000 0.000907
232.500000 0.000681
233.500000 0.000454
234.500000 0.000624
235.500000 0.000510
236.500000 0.001021
237.500000 0.000681
238.500000 0.000454
239.500000 0.000624
240.500000 0.000454
241.500000 0.000510
242.500000 0.000567
243.500000 0.000567
244.500000 0.000454
245.500000 0.000567
246.500000 0.000794
247.500000 0.000397
248.500000 0.000113
249.500000 0.000567
250.500000 0.000454
251.500000 0.000454
252.500000 0.000397
253.500000 0.000340
254.500000 0.000624
255.500000 0.000454
256.500000 0.000397
257.500000 0.000624
258.500000 0.000227
259.500000 0.000454
260.500000 0.000170
261.500000 0.000681
262.500000 0.000567
263.500000 0.000681
264.500000 0.000454
265.500000 0.000340
266.500000 0.000794
267.500000 0.000567
268.500000 0.000454
269.500000 0.000567
270.500000 0.000170
271.500000 0.000794
272.500000 0.000454
273.500000 0.000567
274.500000 0.000397
275.500000 0.000340
276.500000 0.000567
277.500000 0.000170
278.500000 0.000624
279.500000 0.000567
280.500000 0.000397
281.500000 0.000510
282.500000 0.000510
283.500000 0.000510
284.500000 0.000510
285.500000 0.000284
286.500000 0.000284
287.500000 0.000397
288.500000 0.000454
289.500000 0.000624
290.500000 0.000510
291.500000 0.000454
292.500000 0.000454
293.500000 0.000567
294.500000 0.000397
295.500000 0.000340
296.500000 0.000510
297.500000 0.000510
298.500000 0.000624
299.500000 0.000737
300.500000 0.000340
301.500000 0.000284
302.500000 0.000397
303.500000 0.000397
304.500000 0.000340
305.500000 0.000397
306.500000 0.000454
307.500000 0.000170
308.500000 0.000454
309.500000 0.000510
310.500000 0.000284
311.500000 0.000510
312.500000 0.000510
313.500000 0.000397
314.500000 0.000227
315.500000 0.000340
316.500000 0.000794
317.500000 0.000454
318.500000 0.000397
319.500000 0.000454
320.500000 0.000454
321.500000 0.000227
322.500000 0.000284
323.500000 0.000397
324.500000 0.000284
325.500000 0.000170
326.500000 0.000284
327.500000 0.000454
328.500000 0.000397
329.500000 0.000284
330.500000 0.000170
331.500000 0.000397
332.500000 0.000170
333.500000 0.000227
334.500000 0.000113
335.500000 0.000227
336.500000 0.000113
337.500000 0.000454
338.500000 0.000113
339.500000 0.000284
340.500000 0.000340
341.500000 0.000340
342.500000 0.000170
343.500000 0.000170
344.500000 0.000227
345.500000 0.000170
346.500000 0.000227
347.500000 0.000113
348.500000 0.000284
349.500000 0.000057
350.500000 0.000113
351.500000 0.000170
352.500000 0.000113
353.500000 0.000113
354.500000 0.000113
355.500000 0.000057
356.500000 0.000057
357.500000 0.000284
358.500000 0.000170
359.500000 0.000113
360.500000 0.000284
361.500000 0.000057
362.500000 0.000113
363.500000 0.000113
364.500000 0.000284
365.500000 0.000227
366.500000 0.000113
367.500000 0.000170
368.500000 0.000113
369.500000 0.000113
370.500000 0.000170
371.500000 0.000227
372.500000 0.000170
373.500000 0.000170
374.500000 0.000113
375.500000 0.000057
376.500000 0.000170
377.500000 0.000170
378.500000 0.000510
379.500000 0.000227
380.500000 0.000113
381.500000 0.000057
382.500000 0.000227
383.500000 0.000113
384.500000 0.000170
385.500000 0.000113
386.500000 0.000170
387.500000 0.000170
388.500000 0.000057
389.500000 0.000227
390.500000 0.000170
391.500000 0.000000
392.500000 0.000227
393.500000 0.000227
394.500000 0.000113
395.500000 0.000170
396.500000 0.000057
397.500000 0.000000
398.500000 0.000000
399.500000 0.000227
400.500000 0.000170
401.500000 0.000057
402.500000 0.000113
403.500000 0.000113
404.500000 0.000397
405.500000 0.000057
406.500000 0.000113
407.500000 0.000340
408.500000 0.000113
409.500000 0.000057
410.500000 0.000227
411.500000 0.000057
412.500000 0.000227
413.500000 0.000170
414.500000 0.000170
415.500000 0.000340
416.500000 0.000340
417.500000 0.000170
418.500000 0.000227
419.500000 0.000227
420.500000 0.000113
421.500000 0.000113
422.500000 0.000454
423.500000 0.000113
424.500000 0.000057
425.500000 0.000227
426.500000 0.000170
427.500000 0.000170
428.500000 0.000000
429.500000 0.000057
430.500000 0.000170
431.500000 0.000113
432.500000 0.000170
433.500000 0.000113
434.500000 0.000340
435.500000 0.000227
436.500000 0.000170
437.500000 0.000340
438.500000 0.000170
439.500000 0.000170
440.500000 0.000057
441.500000 0.000113
442.500000 0.000113
443.500000 0.000340
444.500000 0.000170
445.500000 0.000227
446.500000 0.000227
447.500000 0.000340
448.500000 0.000454
449.500000 0.000284
450.500000 0.000284
451.500000 0.000113
452.500000 0.000170
453.500000 0.000284
454.500000 0.000227
455.500000 0.000397
456.500000 0.000284
457.500000 0.000567
458.500000 0.000340
459.500000 0.000510
460.500000 0.000567
461.500000 0.000681
462.500000 0.000510
463.500000 0.000510
464.500000 0.000000
465.500000 0.000340
466.500000 0.000057
467.500000 0.000113
468.500000 0.000454
469.500000 0.000170
470.500000 0.000681
471.500000 0.000567
472.500000 0.000454
473.500000 0.000681
474.500000 0.000907
475.500000 0.000851
476.500000 0.000624
477.500000 0.000567
478.500000 0.000851
479.500000 0.000737
480.500000 0.000794
481.500000 0.000907
482.500000 0.000681
483.500000 0.000794
484.500000 0.001361
485.500000 0.001248
486.500000 0.001191
487.500000 0.000964
488.500000 0.001021
489.500000 0.001021
490.500000 0.000681
491.500000 0.000851
492.500000 0.000567
493.500000 0.001418
494.500000 0.001078
495.500000 0.000624
496.500000 0.001191
497.500000 0.000737
498.500000 0.000737
499.500000 0.000964
500.500000 0.001248
501.500000 0.000681
502.500000 0.000851
503.500000 0.000737
504.500000 0.000624
505.500000 0.001078
506.500000 0.000851
507.500000 0.001475
508.500000 0.001588
509.500000 0.001305
510.500000 0.001248
511.500000 0.001191
512.500000 0.001078
513.500000 0.000794
514.500000 0.000737
515.500000 0.000397
516.500000 0.000681
517.500000 0.000397
518.500000 0.000397
519.500000 0.000227
520.500000 0.000510
521.500000 0.000227
522.500000 0.000510
523.500000 0.000397
524.500000 0.000737
525.500000 0.000624
526.500000 0.000227
527.500000 0.000170
528.500000 0.000397
529.500000 0.000397
530.500000 0.000397
531.500000 0.000113
532.500000 0.000454
533.500000 0.000340
534.500000 0.000113
535.500000 0.000454
536.500000 0.000284
537.500000 0.000340
538.500000 0.000057
539.500000 0.000397
540.500000 0.000397
541.500000 0.000454
542.500000 0.000454
543.500000 0.000510
544.500000 0.000340
545.500000 0.000170
546.500000 0.000340
547.500000 0.000340
548.500000 0.000170
549.500000 0.000170
550.500000 0.000227
551.500000 0.000057
552.500000 0.000340
553.500000 0.000284
554.500000 0.000170
555.500000 0.000227
556.500000 0.000113
557.500000 0.000000
558.500000 0.000113
559.500000 0.000000
560.500000 0.000227
561.500000 0.000170
562.500000 0.000057
563.500000 0.000000
564.500000 0.000113
565.500000 0.000113
566.500000 0.000113
567.500000 0.000113
568.500000 0.000057
569.500000 0.000057
570.500000 0.000113
571.500000 0.000057
572.500000 0.000284
573.500000 0.000284
574.500000 0.000170
575.500000 0.000170
576.500000 0.000170
577.500000 0.000057
578.500000 0.000113
579.500000 0.000057
580.500000 0.000057
581.500000 0.000057
582.500000 0.000000
583.500000 0.000000
584.500000 0.000057
585.500000 0.000113
586.500000 0.000000
587.500000 0.000057
588.500000 0.000057
589.500000 0.000170
590.500000 0.000000
591.500000 0.000000
592.500000 0.000170
593.500000 0.000057
594.500000 0.000057
595.500000 0.000000
596.500000 0.000057
597.500000 0.000057
598.500000 0.000170
599.500000 0.000113
600.500000 0.000170
601.500000 0.000057
602.500000 0.000057
603.500000 0.000170
604.500000 0.000057
605.500000 0.000170
606.500000 0.000057
607.500000 0.000057
608.500000 0.000170
609.500000 0.000000
610.500000 0.000000
611.500000 0.000000
612.500000 0.000057
613.500000 0.000057
614.500000 0.000113
615.500000 0.000057
616.500000 0.000227
617.500000 0.000000
618.500000 0.000000
619.500000 0.000057
620.500000 0.000113
621.500000 0.000113
622.500000 0.000170
623.500000 0.000057
624.500000 0.000057
625.500000 0.000113
626.500000 0.000113
627.500000 0.000000
628.500000 0.000113
629.500000 0.000113
630.500000 0.000000
631.500000 0.000113
632.500000 0.000057
633.500000 0.000170
634.500000 0.000057
635.500000 0.000113
636.500000 0.000170
637.500000 0.000113
638.500000 0.000000
639.500000 0.000284
640.500000 0.000170
641.500000 0.000113
642.500000 0.000227
643.500000 0.000057
644.500000 0.000057
645.500000 0.000170
646.500000 0.000113
647.500000 0.000113
648.500000 0.000170
649.500000 0.000000
650.500000 0.000057
651.500000 0.000057
652.500000 0.000227
653.500000 0.000057
654.500000 0.000113
655.500000 0.000057
656.500000 0.000170
657.500000 0.000057
658.500000 0.000057
659.500000 0.000227
660.500000 0.000170
661.500000 0.000340
662.500000 0.000057
663.500000 0.000340
664.500000 0.000397
665.500000 0.000284
666.500000 0.000340
667.500000 0.000284
668.500000 0.000170
669.500000 0.000227
670.500000 0.000170
671.500000 0.000227
672.500000 0.000170
673.500000 0.000170
674.500000 0.000454
675.500000 0.000510
676.500000 0.000340
677.500000 0.000227
678.500000 0.000397
679.500000 0.000284
680.500000 0.000227
681.500000 0.000567
682.500000 0.000567
683.500000 0.000681
684.500000 0.000624
685.500000 0.000397
686.500000 0.000624
687.500000 0.000397
688.500000 0.000737
689.500000 0.000794
690.500000 0.000567
691.500000 0.000907
692.500000 0.000624
693.500000 0.001248
694.500000 0.000510
695.500000 0.000510
696.500000 0.001305
697.500000 0.001702
698.500000 0.001702
699.500000 0.001531
700.500000 0.001248
701.500000 0.001531
702.500000 0.001191
703.500000 0.001078
704.500000 0.001418
705.500000 0.001134
706.500000 0.001078
707.500000 0.001305
708.500000 0.001928
709.500000 0.001361
710.500000 0.000907
711.500000 0.000681
712.500000 0.000454
713.500000 0.001021
714.500000 0.000624
715.500000 0.000624
716.500000 0.000624
717.500000 0.000681
718.500000 0.000737
719.500000 0.000284
720.500000 0.000397
721.500000 0.000567
722.500000 0.000737
723.500000 0.000907
724.500000 0.000794
725.500000 0.001191
726.500000 0.000794
727.500000 0.000737
728.500000 0.000454
729.500000 0.000681
730.500000 0.000454
731.500000 0.001021
732.500000 0.000851
733.500000 0.000851
734.500000 0.000624
735.500000 0.000794
736.500000 0.000737
737.500000 0.001078
738.500000 0.000851
739.500000 0.000454
740.500000 0.000851
741.500000 0.000907
742.500000 0.000681
743.500000 0.000624
744.500000 0.000681
745.500000 0.000794
746.500000 0.001078
747.500000 0.000964
748.500000 0.000794
749.500000 0.000737
750.500000 0.000964
751.500000 0.000737
752.500000 0.000851
753.500000 0.001021
754.500000 0.001418
755.500000 0.000681
756.500000 0.000851
757.500000 0.001134
758.500000 0.000737
759.500000 0.000907
760.500000 0.000964
761.500000 0.001021
762.500000 0.001248
763.500000 0.000794
764.500000 0.000907
765.500000 0.001248
766.500000 0.000737
767.500000 0.001078
768.500000 0.001645
769.500000 0.001248
770.500000 0.001361
771.500000 0.001021
772.500000 0.001475
773.500000 0.001475
774.500000 0.001985
775.500000 0.001361
776.500000 0.001305
777.500000 0.001191
778.500000 0.001475
779.500000 0.001588
780.500000 0.001588
781.500000 0.001078
782.500000 0.001531
783.500000 0.001248
784.500000 0.000851
785.500000 0.001418
786.500000 0.001475
787.500000 0.001815
788.500000 0.001645
789.500000 0.001702
790.500000 0.001475
791.500000 0.001758
792.500000 0.001021
793.500000 0.001021
794.500000 0.001645
795.500000 0.002269
796.500000 0.001588
797.500000 0.001702
798.500000 0.001475
799.500000 0.002099
800.500000 0.001361
801.500000 0.002212
802.500000 0.001588
803.500000 0.001305
804.500000 0.001021
805.500000 0.001078
806.500000 0.001134
807.500000 0.000624
808.500000 0.001645
809.500000 0.001134
810.500000 0.001361
811.500000 0.001191
812.500000 0.001475
813.500000 0.001078
814.500000 0.001815
815.500000 0.000510
816.500000 0.000964
817.500000 0.000851
818.500000 0.000681
819.500000 0.001248
820.500000 0.000907
821.500000 0.000737
822.500000 0.001078
823.500000 0.000510
824.500000 0.000907
825.500000 0.000794
826.500000 0.000851
827.500000 0.001078
828.500000 0.001078
829.500000 0.000737
830.500000 0.000624
831.500000 0.000681
832.500000 0.000851
833.500000 0.000227
834.500000 0.000510
835.500000 0.000567
836.500000 0.000340
837.500000 0.000227
838.500000 0.000510
839.500000 0.000454
840.500000 0.000454
841.500000 0.000113
842.500000 0.000227
843.500000 0.000624
844.500000 0.000454
845.500000 0.000284
846.500000 0.000624
847.500000 0.000170
848.500000 0.000510
849.500000 0.000113
850.500000 0.000113
851.500000 0.000454
852.500000 0.000510
853.500000 0.000340
854.500000 0.000170
855.500000 0.000681
856.500000 0.000510
857.500000 0.000510
858.500000 0.000284
859.500000 0.000397
860.500000 0.000340
861.500000 0.000510
862.500000 0.000454
863.500000 0.000227
864.500000 0.000284
865.500000 0.000227
866.500000 0.000227
867.500000 0.000510
868.500000 0.000454
869.500000 0.000454
870.500000 0.000397
871.500000 0.000284
872.500000 0.000454
873.500000 0.000340
874.500000 0.000397
875.500000 0.000397
876.500000 0.000227
877.500000 0.000567
878.500000 0.000340
879.500000 0.000397
880.500000 0.000284
881.500000 0.000624
882.500000 0.000510
883.500000 0.000567
884.500000 0.000170
885.500000 0.000284
886.500000 0.000510
887.500000 0.000284
888.500000 0.000284
889.500000 0.000567
890.500000 0.000397
891.500000 0.000454
892.500000 0.000397
893.500000 0.000624
894.500000 0.000340
895.500000 0.000284
896.500000 0.000454
897.500000 0.000454
898.500000 0.000567
899.500000 0.000454
900.500000 0.000737
901.500000 0.000907
902.500000 0.000510
903.500000 0.000397
904.500000 0.000510
905.500000 0.000454
906.500000 0.000737
907.500000 0.000907
908.500000 0.000510
909.500000 0.000737
910.500000 0.000284
911.500000 0.000794
912.500000 0.000737
913.500000 0.000681
914.500000 0.000510
915.500000 0.000510
916.500000 0.000397
917.500000 0.000567
918.500000 0.000454
919.500000 0.000454
920.500000 0.000624
921.500000 0.000907
922.500000 0.000964
923.500000 0.001078
924.500000 0.000737
925.500000 0.000624
926.500000 0.000681
927.500000 0.000681
928.500000 0.000510
929.500000 0.000454
930.500000 0.000567
931.500000 0.000227
932.500000 0.000681
933.500000 0.000567
934.500000 0.000340
935.500000 0.000454
936.500000 0.000454
937.500000 0.000851
938.500000 0.000397
939.500000 0.000510
940.500000 0.000454
941.500000 0.001021
942.500000 0.000624
943.500000 0.000397
944.500000 0.000340
945.500000 0.000397
946.500000 0.000681
947.500000 0.000340
948.500000 0.000340
949.500000 0.000624
950.500000 0.000397
951.500000 0.000794
952.500000 0.000907
953.500000 0.000851
954.500000 0.000454
955.500000 0.000397
956.500000 0.000397
957.500000 0.000567
958.500000 0.000567
959.500000 0.000737
960.500000 0.000737
961.500000 0.000567
962.500000 0.000510
963.500000 0.000624
964.500000 0.000454
965.500000 0.000284
966.500000 0.000340
967.500000 0.000397
968.500000 0.000397
969.500000 0.001078
970.500000 0.001588
971.500000 0.001588
972.500000 0.001928
973.500000 0.001702
974.500000 0.001815
975.500000 0.001645
976.500000 0.001758
977.500000 0.001134
978.500000 0.001645
979.500000 0.001928
980.500000 0.001645
981.500000 0.001645
982.500000 0.001872
983.500000 0.002212
984.500000 0.001418
985.500000 0.001134
986.500000 0.001418
987.500000 0.001475
988.500000 0.001191
989.500000 0.001134
990.500000 0.001078
991.500000 0.000794
992.500000 0.000964
993.500000 0.000737
994.500000 0.000681
995.500000 0.000794
996.500000 0.000567
997.500000 0.000681
998.500000 0.000340
999.500000 0.000227
1000.500000 0.000397
1001.500000 0.000454
1002.500000 0.000227
1003.500000 0.000397
1004.500000 0.000681
1005.500000 0.000397
1006.500000 0.000340
1007.500000 0.000340
1008.500000 0.000454
1009.500000 0.000397
1010.500000 0.000227
1011.500000 0.000340
1012.500000 0.000284
1013.500000 0.000454
1014.500000 0.000227
1015.500000 0.000454
1016.500000 0.000284
1017.500000 0.000397
1018.500000 0.000454
1019.500000 0.000057
1020.500000 0.000284
1021.500000 0.000681
1022.500000 0.000170
1023.500000 0.000170
1024.500000 0.000567
1025.500000 0.000397
1026.500000 0.000113
1027.500000 0.000284
1028.500000 0.000567
1029.500000 0.000113
1030.500000 0.000284
1031.500000 0.000113
1032.500000 0.000227
1033.500000 0.000057
1034.500000 0.000113
1035.500000 0.000454
1036.500000 0.000284
1037.500000 0.000113
1038.500000 0.000227
1039.500000 0.000113
1040.500000 0.000113
1041.500000 0.000510
1042.500000 0.000284
1043.500000 0.000227
1044.500000 0.000284
1045.500000 0.000170
1046.500000 0.000227
1047.500000 0.000113
1048.500000 0.000170
1049.500000 0.000510
1050.500000 0.000227
1051.500000 0.000113
1052.500000 0.000397
1053.500000 0.000227
1054.500000 0.000227
1055.500000 0.000454
1056.500000 0.000113
1057.500000 0.000227
1058.500000 0.000454
1059.500000 0.000170
1060.500000 0.000340
1061.500000 0.000340
1062.500000 0.000113
1063.500000 0.000284
1064.500000 0.000284
1065.500000 0.000284
1066.500000 0.000397
1067.500000 0.000284
1068.500000 0.000340
1069.500000 0.000284
1070.500000 0.000340
1071.500000 0.000113
1072.500000 0.000340
1073.500000 0.000227
1074.500000 0.000454
1075.500000 0.000397
1076.500000 0.000340
1077.500000 0.000284
1078.500000 0.000397
1079.500000 0.000170
1080.500000 0.000454
1081.500000 0.000340
1082.500000 0.000284
1083.500000 0.000227
1084.500000 0.000170
1085.500000 0.000284
1086.500000 0.000397
1087.500000 0.000510
1088.500000 0.000227
1089.500000 0.000340
1090.500000 0.000397
1091.500000 0.000227
1092.500000 0.000340
1093.500000 0.000397
1094.500000 0.000227
1095.500000 0.000284
1096.500000 0.000113
1097.500000 0.000284
1098.500000 0.000340
1099.500000 0.000284
1100.500000 0.000284
1101.500000 0.000170
1102.500000 0.000057
1103.500000 0.000113
1104.500000 0.000340
1105.500000 0.000397
1106.500000 0.000113
1107.500000 0.000113
1108.500000 0.000340
1109.500000 0.000340
1110.500000 0.000454
1111.500000 0.000227
1112.500000 0.000397
1113.500000 0.000454
1114.500000 0.000227
1115.500000 0.000284
1116.500000 0.000170
1117.500000 0.000284
1118.500000 0.000340
1119.500000 0.000340
1120.500000 0.000170
1121.500000 0.000340
1122.500000 0.000227
1123.500000 0.000397
1124.500000 0.000227
1125.500000 0.000227
1126.500000 0.000113
1127.500000 0.000170
1128.500000 0.000284
1129.500000 0.000113
1130.500000 0.000567
1131.500000 0.000454
1132.500000 0.000284
1133.500000 0.000510
1134.500000 0.000340
1135.500000 0.000340
1136.500000 0.000057
1137.500000 0.000340
1138.500000 0.000284
1139.500000 0.000284
1140.500000 0.000340
1141.500000 0.000510
1142.500000 0.000340
1143.500000 0.000454
1144.500000 0.000624
1145.500000 0.000510
1146.500000 0.000624
1147.500000 0.000397
1148.500000 0.000340
1149.500000 0.000113
1150.500000 0.000454
1151.500000 0.000397
1152.500000 0.000340
1153.500000 0.000284
1154.500000 0.000397
1155.500000 0.000227
1156.500000 0.000681
1157.500000 0.000681
1158.500000 0.000567
1159.500000 0.000284
1160.500000 0.000510
1161.500000 0.000681
1162.500000 0.000397
1163.500000 0.000397
1164.500000 0.000624
1165.500000 0.000397
1166.500000 0.000624
1167.500000 0.000681
1168.500000 0.000681
1169.500000 0.000794
1170.500000 0.000454
1171.500000 0.000964
1172.500000 0.000794
1173.500000 0.000851
1174.500000 0.001134
1175.500000 0.001021
1176.500000 0.001305
1177.500000 0.001078
1178.500000 0.000964
1179.500000 0.000907
1180.500000 0.001191
1181.500000 0.001361
1182.500000 0.002779
1183.500000 0.002836
1184.500000 0.002893
1185.500000 0.003743
1186.500000 0.004197
1187.500000 0.004254
1188.500000 0.006069
1189.500000 0.006920
1190.500000 0.008508
1191.500000 0.010039
1192.500000 0.012591
1193.500000 0.012478
1194.500000 0.017583
1195.500000 0.018207
1196.500000 0.016618
1197.500000 0.016618
1198.500000 0.015427
1199.500000 0.016618
