0.000000 0.003880
1.000834 0.004457
2.001668 0.004924
3.002502 0.005247
4.003336 0.005411
5.004170 0.005423
6.005004 0.005305
7.005838 0.005092
8.006672 0.004820
9.007506 0.004527
10.008340 0.004240
11.009174 0.003977
12.010008 0.003749
13.010842 0.003555
14.011676 0.003391
15.012510 0.003249
16.013344 0.003120
17.014178 0.003000
18.015013 0.002884
19.015847 0.002772
20.016681 0.002666
21.017515 0.002570
22.018349 0.002489
23.019183 0.002423
24.020017 0.002377
25.020851 0.002349
26.021685 0.002338
27.022519 0.002342
28.023353 0.002359
29.024187 0.002386
30.025021 0.002421
31.025855 0.002466
32.026689 0.002519
33.027523 0.002583
34.028357 0.002659
35.029191 0.002747
36.030025 0.002847
37.030859 0.002953
38.031693 0.003060
39.032527 0.003160
40.033361 0.003244
41.034195 0.003304
42.035029 0.003333
43.035863 0.003328
44.036697 0.003288
45.037531 0.003215
46.038365 0.003115
47.039199 0.002995
48.040033 0.002864
49.040867 0.002730
50.041701 0.002600
51.042535 0.002480
52.043369 0.002371
53.044204 0.002276
54.045038 0.002192
55.045872 0.002119
56.046706 0.002053
57.047540 0.001993
58.048374 0.001938
59.049208 0.001886
60.050042 0.001839
61.050876 0.001797
62.051710 0.001761
63.052544 0.001730
64.053378 0.001704
65.054212 0.001681
66.055046 0.001661
67.055880 0.001644
68.056714 0.001629
69.057548 0.001616
70.058382 0.001605
71.059216 0.001597
72.060050 0.001591
73.060884 0.001587
74.061718 0.001587
75.062552 0.001590
76.063386 0.001600
77.064220 0.001616
78.065054 0.001639
79.065888 0.001668
80.066722 0.001700
81.067556 0.001732
82.068390 0.001760
83.069224 0.001781
84.070058 0.001793
85.070892 0.001792
86.071726 0.001780
87.072560 0.001756
88.073394 0.001720
89.074229 0.001673
90.075063 0.001618
91.075897 0.001557
92.076731 0.001492
93.077565 0.001427
94.078399 0.001365
95.079233 0.001310
96.080067 0.001261
97.080901 0.001220
98.081735 0.001184
99.082569 0.001151
100.083403 0.001118
101.084237 0.001083
102.085071 0.001045
103.085905 0.001003
104.086739 0.000957
105.087573 0.000909
106.088407 0.000859
107.089241 0.000807
108.090075 0.000754
109.090909 0.000701
110.091743 0.000649
111.092577 0.000597
112.093411 0.000547
113.094245 0.000500
114.095079 0.000458
115.095913 0.000421
116.096747 0.000388
117.097581 0.000361
118.098415 0.000337
119.099249 0.000317
120.100083 0.000299
121.100917 0.000282
122.101751 0.000266
123.102585 0.000251
124.103420 0.000238
125.104254 0.000226
126.105088 0.000217
127.105922 0.000211
128.106756 0.000208
129.107590 0.000208
130.108424 0.000212
131.109258 0.000218
132.110092 0.000226
133.110926 0.000236
134.111760 0.000247
135.112594 0.000258
136.113428 0.000270
137.114262 0.000283
138.115096 0.000297
139.115930 0.000312
140.116764 0.000328
141.117598 0.000346
142.118432 0.000364
143.119266 0.000382
144.120100 0.000398
145.120934 0.000412
146.121768 0.000422
147.122602 0.000430
148.123436 0.000436
149.124270 0.000439
150.125104 0.000442
151.125938 0.000445
152.126772 0.000448
153.127606 0.000452
154.128440 0.000458
155.129274 0.000465
156.130108 0.000473
157.130942 0.000482
158.131776 0.000493
159.132611 0.000504
160.133445 0.000516
161.134279 0.000528
162.135113 0.000542
163.135947 0.000555
164.136781 0.000569
165.137615 0.000584
166.138449 0.000599
167.139283 0.000614
168.140117 0.000629
169.140951 0.000642
170.141785 0.000655
171.142619 0.000666
172.143453 0.000677
173.144287 0.000686
174.145121 0.000697
175.145955 0.000709
176.146789 0.000724
177.147623 0.000743
178.148457 0.000767
179.149291 0.000796
180.150125 0.000832
181.150959 0.000874
182.151793 0.000921
183.152627 0.000972
184.153461 0.001024
185.154295 0.001074
186.155129 0.001118
187.155963 0.001152
188.156797 0.001173
189.157631 0.001182
190.158465 0.001178
191.159299 0.001163
192.160133 0.001142
193.160967 0.001117
194.161802 0.001093
195.162636 0.001071
196.163470 0.001053
197.164304 0.001040
198.165138 0.001029
199.165972 0.001020
200.166806 0.001011
201.167640 0.000998
202.168474 0.000982
203.169308 0.000962
204.170142 0.000939
205.170976 0.000914
206.171810 0.000890
207.172644 0.000870
208.173478 0.000853
209.174312 0.000840
210.175146 0.000831
211.175980 0.000825
212.176814 0.000818
213.177648 0.000812
214.178482 0.000804
215.179316 0.000794
216.180150 0.000784
217.180984 0.000773
218.181818 0.000761
219.182652 0.000749
220.183486 0.000737
221.184320 0.000722
222.185154 0.000705
223.185988 0.000685
224.186822 0.000663
225.187656 0.000640
226.188490 0.000615
227.189324 0.000590
228.190158 0.000567
229.190992 0.000546
230.191827 0.000529
231.192661 0.000517
232.193495 0.000508
233.194329 0.000503
234.195163 0.000501
235.195997 0.000500
236.196831 0.000498
237.197665 0.000496
238.198499 0.000493
239.199333 0.000488
240.200167 0.000483
241.201001 0.000478
242.201835 0.000473
243.202669 0.000468
244.203503 0.000462
245.204337 0.000456
246.205171 0.000449
247.206005 0.000439
248.206839 0.000428
249.207673 0.000415
250.208507 0.000401
251.209341 0.000387
252.210175 0.000374
253.211009 0.000362
254.211843 0.000353
255.212677 0.000345
256.213511 0.000339
257.214345 0.000333
258.215179 0.000327
259.216013 0.000321
260.216847 0.000315
261.217681 0.000308
262.218515 0.000301
263.219349 0.000295
264.220183 0.000289
265.221018 0.000285
266.221852 0.000281
267.222686 0.000278
268.223520 0.000275
269.224354 0.000272
270.225188 0.000268
271.226022 0.000265
272.226856 0.000262
273.227690 0.000260
274.228524 0.000260
275.229358 0.000263
276.230192 0.000268
277.231026 0.000276
278.231860 0.000287
279.232694 0.000298
280.233528 0.000308
281.234362 0.000316
282.235196 0.000321
283.236030 0.000322
284.236864 0.000321
285.237698 0.000316
286.238532 0.000311
287.239366 0.000305
288.240200 0.000300
289.241034 0.000295
290.241868 0.000292
291.242702 0.000289
292.243536 0.000288
293.244370 0.000289
294.245204 0.000290
295.246038 0.000291
296.246872 0.000292
297.247706 0.000293
298.248540 0.000291
299.249374 0.000288
300.250209 0.000282
301.251043 0.000275
302.251877 0.000267
303.252711 0.000258
304.253545 0.000250
305.254379 0.000244
306.255213 0.000239
307.256047 0.000235
308.256881 0.000232
309.257715 0.000230
310.258549 0.000228
311.259383 0.000228
312.260217 0.000229
313.261051 0.000232
314.261885 0.000236
315.262719 0.000243
316.263553 0.000250
317.264387 0.000257
318.265221 0.000263
319.266055 0.000269
320.266889 0.000273
321.267723 0.000276
322.268557 0.000278
323.269391 0.000278
324.270225 0.000276
325.271059 0.000272
326.271893 0.000267
327.272727 0.000259
328.273561 0.000249
329.274395 0.000238
330.275229 0.000226
331.276063 0.000214
332.276897 0.000204
333.277731 0.000196
334.278565 0.000190
335.279399 0.000187
336.280234 0.000187
337.281068 0.000188
338.281902 0.000191
339.282736 0.000195
340.283570 0.000200
341.284404 0.000206
342.285238 0.000211
343.286072 0.000218
344.286906 0.000224
345.287740 0.000230
346.288574 0.000235
347.289408 0.000239
348.290242 0.000241
349.291076 0.000242
350.291910 0.000242
351.292744 0.000241
352.293578 0.000240
353.294412 0.000240
354.295246 0.000240
355.296080 0.000241
356.296914 0.000240
357.297748 0.000239
358.298582 0.000235
359.299416 0.000230
360.300250 0.000223
361.301084 0.000214
362.301918 0.000206
363.302752 0.000199
364.303586 0.000193
365.304420 0.000189
366.305254 0.000189
367.306088 0.000190
368.306922 0.000194
369.307756 0.000200
370.308590 0.000207
371.309425 0.000217
372.310259 0.000227
373.311093 0.000238
374.311927 0.000248
375.312761 0.000258
376.313595 0.000266
377.314429 0.000273
378.315263 0.000277
379.316097 0.000280
380.316931 0.000281
381.317765 0.000281
382.318599 0.000282
383.319433 0.000284
384.320267 0.000286
385.321101 0.000288
386.321935 0.000291
387.322769 0.000293
388.323603 0.000295
389.324437 0.000295
390.325271 0.000294
391.326105 0.000292
392.326939 0.000290
393.327773 0.000286
394.328607 0.000282
395.329441 0.000278
396.330275 0.000275
397.331109 0.000272
398.331943 0.000272
399.332777 0.000274
400.333611 0.000279
401.334445 0.000287
402.335279 0.000296
403.336113 0.000306
404.336947 0.000316
405.337781 0.000323
406.338616 0.000326
407.339450 0.000325
408.340284 0.000320
409.341118 0.000311
410.341952 0.000300
411.342786 0.000289
412.343620 0.000279
413.344454 0.000270
414.345288 0.000264
415.346122 0.000258
416.346956 0.000253
417.347790 0.000248
418.348624 0.000241
419.349458 0.000232
420.350292 0.000222
421.351126 0.000211
422.351960 0.000200
423.352794 0.000191
424.353628 0.000185
425.354462 0.000181
426.355296 0.000181
427.356130 0.000185
428.356964 0.000191
429.357798 0.000200
430.358632 0.000211
431.359466 0.000225
432.360300 0.000240
433.361134 0.000256
434.361968 0.000272
435.362802 0.000288
436.363636 0.000303
437.364470 0.000315
438.365304 0.000325
439.366138 0.000331
440.366972 0.000336
441.367807 0.000339
442.368641 0.000341
443.369475 0.000344
444.370309 0.000346
445.371143 0.000349
446.371977 0.000353
447.372811 0.000359
448.373645 0.000365
449.374479 0.000372
450.375313 0.000381
451.376147 0.000390
452.376981 0.000401
453.377815 0.000411
454.378649 0.000421
455.379483 0.000431
456.380317 0.000439
457.381151 0.000445
458.381985 0.000450
459.382819 0.000455
460.383653 0.000461
461.384487 0.000469
462.385321 0.000480
463.386155 0.000495
464.386989 0.000514
465.387823 0.000536
466.388657 0.000562
467.389491 0.000591
468.390325 0.000621
469.391159 0.000652
470.391993 0.000682
471.392827 0.000711
472.393661 0.000737
473.394495 0.000760
474.395329 0.000780
475.396163 0.000796
476.396997 0.000809
477.397832 0.000819
478.398666 0.000829
479.399500 0.000840
480.400334 0.000858
481.401168 0.000886
482.402002 0.000929
483.402836 0.000992
484.403670 0.001079
485.404504 0.001195
486.405338 0.001342
487.406172 0.001523
488.407006 0.001738
489.407840 0.001983
490.408674 0.002253
491.409508 0.002535
492.410342 0.002815
493.411176 0.003076
494.412010 0.003299
495.412844 0.003469
496.413678 0.003577
497.414512 0.003619
498.415346 0.003598
499.416180 0.003523
500.417014 0.003405
501.417848 0.003255
502.418682 0.003082
503.419516 0.002894
504.420350 0.002695
505.421184 0.002487
506.422018 0.002274
507.422852 0.002057
508.423686 0.001843
509.424520 0.001636
510.425354 0.001442
511.426188 0.001265
512.427023 0.001109
513.427857 0.000977
514.428691 0.000866
515.429525 0.000776
516.430359 0.000703
517.431193 0.000644
518.432027 0.000596
519.432861 0.000555
520.433695 0.000520
521.434529 0.000487
522.435363 0.000457
523.436197 0.000428
524.437031 0.000400
525.437865 0.000373
526.438699 0.000347
527.439533 0.000324
528.440367 0.000302
529.441201 0.000282
530.442035 0.000264
531.442869 0.000249
532.443703 0.000236
533.444537 0.000227
534.445371 0.000221
535.446205 0.000217
536.447039 0.000214
537.447873 0.000213
538.448707 0.000211
539.449541 0.000208
540.450375 0.000204
541.451209 0.000198
542.452043 0.000191
543.452877 0.000183
544.453711 0.000174
545.454545 0.000166
546.455379 0.000159
547.456214 0.000152
548.457048 0.000147
549.457882 0.000143
550.458716 0.000140
551.459550 0.000138
552.460384 0.000135
553.461218 0.000132
554.462052 0.000129
555.462886 0.000126
556.463720 0.000122
557.464554 0.000118
558.465388 0.000116
559.466222 0.000114
560.467056 0.000114
561.467890 0.000116
562.468724 0.000119
563.469558 0.000122
564.470392 0.000126
565.471226 0.000130
566.472060 0.000133
567.472894 0.000135
568.473728 0.000137
569.474562 0.000138
570.475396 0.000138
571.476230 0.000138
572.477064 0.000138
573.477898 0.000136
574.478732 0.000134
575.479566 0.000130
576.480400 0.000126
577.481234 0.000121
578.482068 0.000115
579.482902 0.000110
580.483736 0.000106
581.484570 0.000103
582.485405 0.000101
583.486239 0.000101
584.487073 0.000102
585.487907 0.000103
586.488741 0.000104
587.489575 0.000105
588.490409 0.000105
589.491243 0.000104
590.492077 0.000102
591.492911 0.000100
592.493745 0.000099
593.494579 0.000097
594.495413 0.000096
595.496247 0.000096
596.497081 0.000095
597.497915 0.000095
598.498749 0.000094
599.499583 0.000093
600.500417 0.000092
601.501251 0.000092
602.502085 0.000093
603.502919 0.000094
604.503753 0.000096
605.504587 0.000098
606.505421 0.000100
607.506255 0.000101
608.507089 0.000101
609.507923 0.000100
610.508757 0.000099
611.509591 0.000097
612.510425 0.000096
613.511259 0.000096
614.512093 0.000096
615.512927 0.000098
616.513761 0.000101
617.514595 0.000104
618.515430 0.000108
619.516264 0.000113
620.517098 0.000118
621.517932 0.000122
622.518766 0.000126
623.519600 0.000130
624.520434 0.000132
625.521268 0.000134
626.522102 0.000134
627.522936 0.000134
628.523770 0.000132
629.524604 0.000131
630.525438 0.000129
631.526272 0.000128
632.527106 0.000127
633.527940 0.000128
634.528774 0.000129
635.529608 0.000133
636.530442 0.000137
637.531276 0.000142
638.532110 0.000148
639.532944 0.000154
640.533778 0.000160
641.534612 0.000165
642.535446 0.000169
643.536280 0.000172
644.537114 0.000173
645.537948 0.000172
646.538782 0.000171
647.539616 0.000169
648.540450 0.000168
649.541284 0.000167
650.542118 0.000167
651.542952 0.000168
652.543786 0.000171
653.544621 0.000174
654.545455 0.000179
655.546289 0.000184
656.547123 0.000191
657.547957 0.000200
658.548791 0.000211
659.549625 0.000223
660.550459 0.000237
661.551293 0.000253
662.552127 0.000268
663.552961 0.000283
664.553795 0.000298
665.554629 0.000314
666.555463 0.000332
667.556297 0.000353
668.557131 0.000379
669.557965 0.000411
670.558799 0.000450
671.559633 0.000497
672.560467 0.000552
673.561301 0.000614
674.562135 0.000684
675.562969 0.000758
676.563803 0.000834
677.564637 0.000911
678.565471 0.000987
679.566305 0.001060
680.567139 0.001131
681.567973 0.001201
682.568807 0.001274
683.569641 0.001353
684.570475 0.001444
685.571309 0.001551
686.572143 0.001678
687.572977 0.001831
688.573812 0.002011
689.574646 0.002218
690.575480 0.002445
691.576314 0.002683
692.577148 0.002915
693.577982 0.003121
694.578816 0.003280
695.579650 0.003375
696.580484 0.003392
697.581318 0.003328
698.582152 0.003186
699.582986 0.002980
700.583820 0.002728
701.584654 0.002453
702.585488 0.002175
703.586322 0.001911
704.587156 0.001676
705.587990 0.001477
706.588824 0.001316
707.589658 0.001189
708.590492 0.001093
709.591326 0.001019
710.592160 0.000961
711.592994 0.000912
712.593828 0.000868
713.594662 0.000826
714.595496 0.000785
715.596330 0.000745
716.597164 0.000707
717.597998 0.000671
718.598832 0.000639
719.599666 0.000609
720.600500 0.000582
721.601334 0.000558
722.602168 0.000536
723.603003 0.000517
724.603837 0.000500
725.604671 0.000486
726.605505 0.000474
727.606339 0.000465
728.607173 0.000459
729.608007 0.000456
730.608841 0.000455
731.609675 0.000456
732.610509 0.000458
733.611343 0.000461
734.612177 0.000464
735.613011 0.000468
736.613845 0.000473
737.614679 0.000478
738.615513 0.000484
739.616347 0.000491
740.617181 0.000501
741.618015 0.000513
742.618849 0.000528
743.619683 0.000545
744.620517 0.000563
745.621351 0.000582
746.622185 0.000599
747.623019 0.000614
748.623853 0.000625
749.624687 0.000633
750.625521 0.000637
751.626355 0.000639
752.627189 0.000641
753.628023 0.000642
754.628857 0.000645
755.629691 0.000650
756.630525 0.000657
757.631359 0.000668
758.632193 0.000681
759.633028 0.000698
760.633862 0.000719
761.634696 0.000745
762.635530 0.000777
763.636364 0.000816
764.637198 0.000862
765.638032 0.000915
766.638866 0.000974
767.639700 0.001039
768.640534 0.001107
769.641368 0.001177
770.642202 0.001247
771.643036 0.001316
772.643870 0.001383
773.644704 0.001446
774.645538 0.001505
775.646372 0.001561
776.647206 0.001614
777.648040 0.001663
778.648874 0.001712
779.649708 0.001762
780.650542 0.001814
781.651376 0.001871
782.652210 0.001932
783.653044 0.001996
784.653878 0.002056
785.654712 0.002108
786.655546 0.002145
787.656380 0.002162
788.657214 0.002154
789.658048 0.002121
790.658882 0.002068
791.659716 0.002000
792.660550 0.001922
793.661384 0.001842
794.662219 0.001763
795.663053 0.001690
796.663887 0.001623
797.664721 0.001564
798.665555 0.001512
799.666389 0.001467
800.667223 0.001428
801.668057 0.001395
802.668891 0.001365
803.669725 0.001337
804.670559 0.001309
805.671393 0.001280
806.672227 0.001248
807.673061 0.001212
808.673895 0.001173
809.674729 0.001131
810.675563 0.001088
811.676397 0.001045
812.677231 0.001004
813.678065 0.000966
814.678899 0.000934
815.679733 0.000908
816.680567 0.000886
817.681401 0.000867
818.682235 0.000851
819.683069 0.000834
820.683903 0.000815
821.684737 0.000794
822.685571 0.000770
823.686405 0.000744
824.687239 0.000716
825.688073 0.000688
826.688907 0.000660
827.689741 0.000634
828.690575 0.000611
829.691410 0.000591
830.692244 0.000574
831.693078 0.000560
832.693912 0.000549
833.694746 0.000539
834.695580 0.000532
835.696414 0.000525
836.697248 0.000521
837.698082 0.000517
838.698916 0.000514
839.699750 0.000512
840.700584 0.000510
841.701418 0.000508
842.702252 0.000505
843.703086 0.000501
844.703920 0.000497
845.704754 0.000492
846.705588 0.000488
847.706422 0.000483
848.707256 0.000480
849.708090 0.000478
850.708924 0.000478
851.709758 0.000479
852.710592 0.000479
853.711426 0.000479
854.712260 0.000476
855.713094 0.000469
856.713928 0.000460
857.714762 0.000447
858.715596 0.000432
859.716430 0.000416
860.717264 0.000401
861.718098 0.000389
862.718932 0.000379
863.719766 0.000374
864.720601 0.000371
865.721435 0.000372
866.722269 0.000376
867.723103 0.000383
868.723937 0.000390
869.724771 0.000399
870.725605 0.000407
871.726439 0.000414
872.727273 0.000420
873.728107 0.000424
874.728941 0.000427
875.729775 0.000430
876.730609 0.000432
877.731443 0.000436
878.732277 0.000441
879.733111 0.000447
880.733945 0.000455
881.734779 0.000462
882.735613 0.000470
883.736447 0.000476
884.737281 0.000482
885.738115 0.000486
886.738949 0.000490
887.739783 0.000495
888.740617 0.000499
889.741451 0.000504
890.742285 0.000509
891.743119 0.000512
892.743953 0.000513
893.744787 0.000510
894.745621 0.000504
895.746455 0.000496
896.747289 0.000485
897.748123 0.000473
898.748957 0.000462
899.749791 0.000450
900.750626 0.000440
901.751460 0.000430
902.752294 0.000420
903.753128 0.000412
904.753962 0.000403
905.754796 0.000396
906.755630 0.000390
907.756464 0.000385
908.757298 0.000382
909.758132 0.000381
910.758966 0.000382
911.759800 0.000384
912.760634 0.000387
913.761468 0.000391
914.762302 0.000395
915.763136 0.000399
916.763970 0.000404
917.764804 0.000408
918.765638 0.000413
919.766472 0.000416
920.767306 0.000419
921.768140 0.000422
922.768974 0.000425
923.769808 0.000429
924.770642 0.000433
925.771476 0.000437
926.772310 0.000443
927.773144 0.000449
928.773978 0.000455
929.774812 0.000461
930.775646 0.000467
931.776480 0.000473
932.777314 0.000480
933.778148 0.000488
934.778982 0.000498
935.779817 0.000510
936.780651 0.000524
937.781485 0.000538
938.782319 0.000554
939.783153 0.000570
940.783987 0.000586
941.784821 0.000602
942.785655 0.000620
943.786489 0.000639
944.787323 0.000659
945.788157 0.000680
946.788991 0.000701
947.789825 0.000720
948.790659 0.000737
949.791493 0.000748
950.792327 0.000755
951.793161 0.000755
952.793995 0.000750
953.794829 0.000741
954.795663 0.000729
955.796497 0.000715
956.797331 0.000701
957.798165 0.000687
958.798999 0.000671
959.799833 0.000655
960.800667 0.000638
961.801501 0.000619
962.802335 0.000600
963.803169 0.000580
964.804003 0.000563
965.804837 0.000549
966.805671 0.000540
967.806505 0.000536
968.807339 0.000539
969.808173 0.000547
970.809008 0.000559
971.809842 0.000574
972.810676 0.000589
973.811510 0.000602
974.812344 0.000611
975.813178 0.000617
976.814012 0.000617
977.814846 0.000615
978.815680 0.000610
979.816514 0.000604
980.817348 0.000597
981.818182 0.000592
982.819016 0.000588
983.819850 0.000586
984.820684 0.000586
985.821518 0.000587
986.822352 0.000590
987.823186 0.000594
988.824020 0.000597
989.824854 0.000599
990.825688 0.000600
991.826522 0.000601
992.827356 0.000601
993.828190 0.000602
994.829024 0.000604
995.829858 0.000608
996.830692 0.000614
997.831526 0.000621
998.832360 0.000629
999.833194 0.000637
1000.834028 0.000643
1001.834862 0.000647
1002.835696 0.000649
1003.836530 0.000649
1004.837364 0.000649
1005.838198 0.000649
1006.839033 0.000651
1007.839867 0.000654
1008.840701 0.000660
1009.841535 0.000667
1010.842369 0.000675
1011.843203 0.000682
1012.844037 0.000685
1013.844871 0.000685
1014.845705 0.000681
1015.846539 0.000671
1016.847373 0.000658
1017.848207 0.000641
1018.849041 0.000622
1019.849875 0.000601
1020.850709 0.000579
1021.851543 0.000557
1022.852377 0.000536
1023.853211 0.000515
1024.854045 0.000496
1025.854879 0.000481
1026.855713 0.000469
1027.856547 0.000461
1028.857381 0.000457
1029.858215 0.000457
1030.859049 0.000459
1031.859883 0.000464
1032.860717 0.000470
1033.861551 0.000477
1034.862385 0.000485
1035.863219 0.000492
1036.864053 0.000499
1037.864887 0.000506
1038.865721 0.000514
1039.866555 0.000522
1040.867389 0.000532
1041.868224 0.000543
1042.869058 0.000554
1043.869892 0.000565
1044.870726 0.000575
1045.871560 0.000583
1046.872394 0.000588
1047.873228 0.000590
1048.874062 0.000589
1049.874896 0.000585
1050.875730 0.000581
1051.876564 0.000577
1052.877398 0.000575
1053.878232 0.000575
1054.879066 0.000579
1055.879900 0.000584
1056.880734 0.000591
1057.881568 0.000596
1058.882402 0.000598
1059.883236 0.000596
1060.884070 0.000591
1061.884904 0.000581
1062.885738 0.000568
1063.886572 0.000554
1064.887406 0.000539
1065.888240 0.000524
1066.889074 0.000511
1067.889908 0.000500
1068.890742 0.000491
1069.891576 0.000485
1070.892410 0.000480
1071.893244 0.000477
1072.894078 0.000475
1073.894912 0.000472
1074.895746 0.000469
1075.896580 0.000463
1076.897415 0.000456
1077.898249 0.000448
1078.899083 0.000438
1079.899917 0.000428
1080.900751 0.000418
1081.901585 0.000407
1082.902419 0.000397
1083.903253 0.000386
1084.904087 0.000375
1085.904921 0.000364
1086.905755 0.000353
1087.906589 0.000344
1088.907423 0.000337
1089.908257 0.000332
1090.909091 0.000329
1091.909925 0.000329
1092.910759 0.000331
1093.911593 0.000333
1094.912427 0.000336
1095.913261 0.000338
1096.914095 0.000341
1097.914929 0.000343
1098.915763 0.000343
1099.916597 0.000343
1100.917431 0.000342
1101.918265 0.000339
1102.919099 0.000335
1103.919933 0.000330
1104.920767 0.000323
1105.921601 0.000314
1106.922435 0.000306
1107.923269 0.000297
1108.924103 0.000289
1109.924937 0.000281
1110.925771 0.000275
1111.926606 0.000270
1112.927440 0.000265
1113.928274 0.000262
1114.929108 0.000258
1115.929942 0.000255
1116.930776 0.000251
1117.931610 0.000247
1118.932444 0.000244
1119.933278 0.000240
1120.934112 0.000237
1121.934946 0.000234
1122.935780 0.000230
1123.936614 0.000227
1124.937448 0.000224
1125.938282 0.000221
1126.939116 0.000219
1127.939950 0.000219
1128.940784 0.000220
1129.941618 0.000223
1130.942452 0.000228
1131.943286 0.000234
1132.944120 0.000240
1133.944954 0.000247
1134.945788 0.000254
1135.946622 0.000260
1136.947456 0.000264
1137.948290 0.000266
1138.949124 0.000267
1139.949958 0.000265
1140.950792 0.000262
1141.951626 0.000258
1142.952460 0.000253
1143.953294 0.000249
1144.954128 0.000245
1145.954962 0.000241
1146.955796 0.000238
1147.956631 0.000234
1148.957465 0.000231
1149.958299 0.000227
1150.959133 0.000224
1151.959967 0.000221
1152.960801 0.000219
1153.961635 0.000219
1154.962469 0.000222
1155.963303 0.000228
1156.964137 0.000237
1157.964971 0.000251
1158.965805 0.000269
1159.966639 0.000292
1160.967473 0.000319
1161.968307 0.000349
1162.969141 0.000381
1163.969975 0.000415
1164.970809 0.000448
1165.971643 0.000482
1166.972477 0.000515
1167.973311 0.000549
1168.974145 0.000586
1169.974979 0.000629
1170.975813 0.000682
1171.976647 0.000749
1172.977481 0.000830
1173.978315 0.000930
1174.979149 0.001046
1175.979983 0.001178
1176.980817 0.001324
1177.981651 0.001478
1178.982485 0.001639
1179.983319 0.001801
1180.984153 0.001965
1181.984987 0.002130
1182.985822 0.002301
1183.986656 0.002484
1184.987490 0.002689
1185.988324 0.002927
1186.989158 0.003211
1187.989992 0.003549
1188.990826 0.003947
1189.991660 0.004401
1190.992494 0.004897
1191.993328 0.005405
1192.994162 0.005883
1193.994996 0.006279
1194.995830 0.006536
1195.996664 0.006606
1196.997498 0.006459
1197.998332 0.006087
1198.999166 0.005517
1200.000000 0.004796
