0.500000 0.003069
1.500000 0.003155
2.500000 0.002941
3.500000 0.003410
4.500000 0.002899
5.500000 0.003197
6.500000 0.002430
7.500000 0.002387
8.500000 0.001748
9.500000 0.002089
10.500000 0.002089
11.500000 0.001833
12.500000 0.001663
13.500000 0.002259
14.500000 0.001151
15.500000 0.001876
16.500000 0.001535
17.500000 0.000980
18.500000 0.001535
19.500000 0.001236
20.500000 0.001449
21.500000 0.001236
22.500000 0.001322
23.500000 0.000895
24.500000 0.000938
25.500000 0.001023
26.500000 0.000938
27.500000 0.000895
28.500000 0.000853
29.500000 0.000895
30.500000 0.000980
31.500000 0.001151
32.500000 0.000810
33.500000 0.000554
34.500000 0.000725
35.500000 0.000767
36.500000 0.000810
37.500000 0.000426
38.500000 0.001023
39.500000 0.000639
40.500000 0.001108
41.500000 0.000895
42.500000 0.001151
43.500000 0.000895
44.500000 0.000938
45.500000 0.000597
46.500000 0.000853
47.500000 0.000895
48.500000 0.001108
49.500000 0.000639
50.500000 0.001108
51.500000 0.001108
52.500000 0.000895
53.500000 0.000938
54.500000 0.000554
55.500000 0.001023
56.500000 0.001194
57.500000 0.000767
58.500000 0.000725
59.500000 0.001108
60.500000 0.000938
61.500000 0.000853
62.500000 0.000682
63.500000 0.001236
64.500000 0.001066
65.500000 0.000853
66.500000 0.000767
67.500000 0.000767
68.500000 0.000767
69.500000 0.001023
70.500000 0.000725
71.500000 0.000980
72.500000 0.000853
73.500000 0.000895
74.500000 0.000980
75.500000 0.000767
76.500000 0.000682
77.500000 0.000938
78.500000 0.000810
79.500000 0.000895
80.500000 0.001194
81.500000 0.000895
82.500000 0.001236
83.500000 0.000767
84.500000 0.000853
85.500000 0.000810
86.500000 0.000639
87.500000 0.000682
88.500000 0.000469
89.500000 0.000682
90.500000 0.001023
91.500000 0.000725
92.500000 0.000639
93.500000 0.000895
94.500000 0.000725
95.500000 0.000767
96.500000 0.000597
97.500000 0.000554
98.500000 0.001023
99.500000 0.000810
100.500000 0.000597
101.500000 0.000554
102.500000 0.000810
103.500000 0.000980
104.500000 0.000853
105.500000 0.000895
106.500000 0.000725
107.500000 0.000767
108.500000 0.000810
109.500000 0.000767
110.500000 0.001108
111.500000 0.000767
112.500000 0.000725
113.500000 0.000980
114.500000 0.000554
115.500000 0.000639
116.500000 0.000853
117.500000 0.000639
118.500000 0.001023
119.500000 0.000725
120.500000 0.000639
121.500000 0.000639
122.500000 0.001066
123.500000 0.000895
124.500000 0.000938
125.500000 0.000639
126.500000 0.000810
127.500000 0.000810
128.500000 0.000512
129.500000 0.001023
130.500000 0.000639
131.500000 0.000810
132.500000 0.001194
133.500000 0.000725
134.500000 0.001236
135.500000 0.001108
136.500000 0.000767
137.500000 0.001023
138.500000 0.001194
139.500000 0.001407
140.500000 0.001066
141.500000 0.001492
142.500000 0.000810
143.500000 0.000980
144.500000 0.001194
145.500000 0.000895
146.500000 0.000853
147.500000 0.001151
148.500000 0.001108
149.500000 0.000767
150.500000 0.000938
151.500000 0.001236
152.500000 0.001322
153.500000 0.000938
154.500000 0.000938
155.500000 0.000682
156.500000 0.000980
157.500000 0.000810
158.500000 0.001151
159.500000 0.001066
160.500000 0.001279
161.500000 0.001407
162.500000 0.000895
163.500000 0.001236
164.500000 0.001449
165.500000 0.001023
166.500000 0.001407
167.500000 0.001535
168.500000 0.001876
169.500000 0.001790
170.500000 0.001535
171.500000 0.001449
172.500000 0.001620
173.500000 0.001364
174.500000 0.001151
175.500000 0.001407
176.500000 0.001407
177.500000 0.001535
178.500000 0.001108
179.500000 0.001535
180.500000 0.000938
181.500000 0.001492
182.500000 0.001407
183.500000 0.001620
184.500000 0.001236
185.500000 0.001663
186.500000 0.001492
187.500000 0.001535
188.500000 0.001407
189.500000 0.001322
190.500000 0.001279
191.500000 0.001194
192.500000 0.001577
193.500000 0.001236
194.500000 0.001023
195.500000 0.001449
196.500000 0.000810
197.500000 0.001449
198.500000 0.001023
199.500000 0.000938
200.500000 0.001577
201.500000 0.001364
202.500000 0.001023
203.500000 0.000980
204.500000 0.000938
205.500000 0.001151
206.500000 0.001023
207.500000 0.000767
208.500000 0.001194
209.500000 0.000938
210.500000 0.001066
211.500000 0.001066
212.500000 0.000895
213.500000 0.000682
214.500000 0.001108
215.500000 0.000725
216.500000 0.001492
217.500000 0.000810
218.500000 0.000725
219.500000 0.000980
220.500000 0.000682
221.500000 0.000938
222.500000 0.000810
223.500000 0.000810
224.500000 0.000639
225.500000 0.000639
226.500000 0.000597
227.500000 0.000554
228.500000 0.000554
229.500000 0.000639
230.500000 0.000469
231.500000 0.000384
232.500000 0.000682
233.500000 0.000384
234.500000 0.000512
235.500000 0.000767
236.500000 0.000639
237.500000 0.000639
238.500000 0.000597
239.500000 0.000639
240.500000 0.001023
241.500000 0.000554
242.500000 0.000597
243.500000 0.000384
244.500000 0.000512
245.500000 0.000469
246.500000 0.000597
247.500000 0.000512
248.500000 0.000426
249.500000 0.000725
250.500000 0.000554
251.500000 0.000597
252.500000 0.000341
253.500000 0.000469
254.500000 0.000597
255.500000 0.000213
256.500000 0.000512
257.500000 0.000512
258.500000 0.000469
259.500000 0.000384
260.500000 0.000426
261.500000 0.000341
262.500000 0.000554
263.500000 0.000512
264.500000 0.000682
265.500000 0.000512
266.500000 0.000512
267.500000 0.000554
268.500000 0.000213
269.500000 0.000384
270.500000 0.000426
271.500000 0.000554
272.500000 0.000469
273.500000 0.000554
274.500000 0.000597
275.500000 0.000810
276.500000 0.000597
277.500000 0.000725
278.500000 0.000512
279.500000 0.000384
280.500000 0.000213
281.500000 0.000639
282.500000 0.000384
283.500000 0.000085
284.500000 0.000298
285.500000 0.000512
286.500000 0.000213
287.500000 0.000597
288.500000 0.000639
289.500000 0.000597
290.500000 0.000341
291.500000 0.000469
292.500000 0.000426
293.500000 0.000426
294.500000 0.000554
295.500000 0.000213
296.500000 0.000597
297.500000 0.000554
298.500000 0.000384
299.500000 0.000384
300.500000 0.000298
301.500000 0.000256
302.500000 0.000512
303.500000 0.000298
304.500000 0.000469
305.500000 0.000384
306.500000 0.000341
307.500000 0.000469
308.500000 0.000384
309.500000 0.000426
310.500000 0.000384
311.500000 0.000213
312.500000 0.000213
313.500000 0.000469
314.500000 0.000256
315.500000 0.000639
316.500000 0.000298
317.500000 0.000171
318.500000 0.000384
319.500000 0.000554
320.500000 0.000469
321.500000 0.000384
322.500000 0.000256
323.500000 0.000426
324.500000 0.000384
325.500000 0.000384
326.500000 0.000597
327.500000 0.000426
328.500000 0.000171
329.500000 0.000341
330.500000 0.000597
331.500000 0.000341
332.500000 0.000384
333.500000 0.000298
334.500000 0.000512
335.500000 0.000341
336.500000 0.000298
337.500000 0.000384
338.500000 0.000384
339.500000 0.000298
340.500000 0.000469
341.500000 0.000469
342.500000 0.000256
343.500000 0.000384
344.500000 0.000469
345.500000 0.000426
346.500000 0.000512
347.500000 0.000512
348.500000 0.000597
349.500000 0.000384
350.500000 0.000469
351.500000 0.000426
352.500000 0.000426
353.500000 0.000426
354.500000 0.000171
355.500000 0.000384
356.500000 0.000298
357.500000 0.000512
358.500000 0.000597
359.500000 0.000554
360.500000 0.000341
361.500000 0.000341
362.500000 0.000554
363.500000 0.000469
364.500000 0.000469
365.500000 0.000341
366.500000 0.000298
367.500000 0.000256
368.500000 0.000426
369.500000 0.000426
370.500000 0.000384
371.500000 0.000341
372.500000 0.000426
373.500000 0.000256
374.500000 0.000469
375.500000 0.000512
376.500000 0.000426
377.500000 0.000384
378.500000 0.000639
379.500000 0.000384
380.500000 0.000469
381.500000 0.000512
382.500000 0.000725
383.500000 0.000895
384.500000 0.000512
385.500000 0.000554
386.500000 0.000298
387.500000 0.000426
388.500000 0.000213
389.500000 0.000426
390.500000 0.000469
391.500000 0.000384
392.500000 0.000384
393.500000 0.000384
394.500000 0.000426
395.500000 0.000213
396.500000 0.000298
397.500000 0.000341
398.500000 0.000341
399.500000 0.000725
400.500000 0.000341
401.500000 0.000085
402.500000 0.000597
403.500000 0.000341
404.500000 0.000213
405.500000 0.000469
406.500000 0.000426
407.500000 0.000171
408.500000 0.000256
409.500000 0.000426
410.500000 0.000426
411.500000 0.000341
412.500000 0.000384
413.500000 0.000597
414.500000 0.000597
415.500000 0.000810
416.500000 0.000341
417.500000 0.000469
418.500000 0.000682
419.500000 0.000469
420.500000 0.000554
421.500000 0.000512
422.500000 0.000341
423.500000 0.000682
424.500000 0.000341
425.500000 0.000469
426.500000 0.000725
427.500000 0.000853
428.500000 0.000341
429.500000 0.000384
430.500000 0.000810
431.500000 0.000682
432.500000 0.000469
433.500000 0.000426
434.500000 0.000810
435.500000 0.000298
436.500000 0.000597
437.500000 0.000554
438.500000 0.000938
439.500000 0.000597
440.500000 0.000639
441.500000 0.000469
442.500000 0.000554
443.500000 0.000895
444.500000 0.000469
445.500000 0.000682
446.500000 0.000597
447.500000 0.000597
448.500000 0.000639
449.500000 0.000512
450.500000 0.000810
451.500000 0.000767
452.500000 0.000298
453.500000 0.000938
454.500000 0.000639
455.500000 0.000853
456.500000 0.000725
457.500000 0.000810
458.500000 0.000810
459.500000 0.000639
460.500000 0.000767
461.500000 0.000597
462.500000 0.000895
463.500000 0.000682
464.500000 0.000512
465.500000 0.000682
466.500000 0.000554
467.500000 0.000554
468.500000 0.000512
469.500000 0.000938
470.500000 0.000895
471.500000 0.000853
472.500000 0.000853
473.500000 0.000853
474.500000 0.001449
475.500000 0.001108
476.500000 0.001705
477.500000 0.001663
478.500000 0.001449
479.500000 0.000980
480.500000 0.001620
481.500000 0.001790
482.500000 0.001492
483.500000 0.001407
484.500000 0.001066
485.500000 0.001492
486.500000 0.000725
487.500000 0.002046
488.500000 0.001407
489.500000 0.002089
490.500000 0.002345
491.500000 0.002004
492.500000 0.001961
493.500000 0.002089
494.500000 0.001790
495.500000 0.001833
496.500000 0.001748
497.500000 0.001492
498.500000 0.001620
499.500000 0.001961
500.500000 0.003538
501.500000 0.002174
502.500000 0.001790
503.500000 0.001492
504.500000 0.001151
505.500000 0.001364
506.500000 0.001279
507.500000 0.000767
508.500000 0.000980
509.500000 0.001108
510.500000 0.001066
511.500000 0.000980
512.500000 0.000980
513.500000 0.001194
514.500000 0.000767
515.500000 0.000469
516.500000 0.000682
517.500000 0.000512
518.500000 0.000810
519.500000 0.000639
520.500000 0.000426
521.500000 0.000469
522.500000 0.000554
523.500000 0.000384
524.500000 0.000426
525.500000 0.000682
526.500000 0.000341
527.500000 0.000469
528.500000 0.000256
529.500000 0.000682
530.500000 0.000512
531.500000 0.000469
532.500000 0.000554
533.500000 0.000298
534.500000 0.000341
535.500000 0.000341
536.500000 0.000384
537.500000 0.000384
538.500000 0.000341
539.500000 0.000426
540.500000 0.000725
541.500000 0.000512
542.500000 0.000384
543.500000 0.000298
544.500000 0.000426
545.500000 0.000554
546.500000 0.000341
547.500000 0.000384
548.500000 0.000128
549.500000 0.000341
550.500000 0.000554
551.500000 0.000597
552.500000 0.000298
553.500000 0.000128
554.500000 0.000384
555.500000 0.000341
556.500000 0.000298
557.500000 0.000128
558.500000 0.000128
559.500000 0.000128
560.500000 0.000171
561.500000 0.000085
562.500000 0.000171
563.500000 0.000213
564.500000 0.000298
565.500000 0.000256
566.500000 0.000213
567.500000 0.000213
568.500000 0.000384
569.500000 0.000085
570.500000 0.000298
571.500000 0.000085
572.500000 0.000256
573.500000 0.000085
574.500000 0.000128
575.500000 0.000128
576.500000 0.000128
577.500000 0.000128
578.500000 0.000128
579.500000 0.000043
580.500000 0.000256
581.500000 0.000384
582.500000 0.000171
583.500000 0.000085
584.500000 0.000043
585.500000 0.000085
586.500000 0.000171
587.500000 0.000128
588.500000 0.000128
589.500000 0.000171
590.500000 0.000298
591.500000 0.000213
592.500000 0.000128
593.500000 0.000171
594.500000 0.000256
595.500000 0.000171
596.500000 0.000171
597.500000 0.000128
598.500000 0.000128
599.500000 0.000298
600.500000 0.000384
601.500000 0.000469
602.500000 0.000171
603.500000 0.000128
604.500000 0.000128
605.500000 0.000256
606.500000 0.000213
607.500000 0.000213
608.500000 0.000128
609.500000 0.000213
610.500000 0.000171
611.500000 0.000043
612.500000 0.000213
613.500000 0.000171
614.500000 0.000213
615.500000 0.000298
616.500000 0.000171
617.500000 0.000341
618.500000 0.000298
619.500000 0.000128
620.500000 0.000298
621.500000 0.000341
622.500000 0.000085
623.500000 0.000085
624.500000 0.000213
625.500000 0.000341
626.500000 0.000171
627.500000 0.000256
628.500000 0.000171
629.500000 0.000298
630.500000 0.000085
631.500000 0.000298
632.500000 0.000171
633.500000 0.000128
634.500000 0.000128
635.500000 0.000384
636.500000 0.000256
637.500000 0.000085
638.500000 0.000085
639.500000 0.000298
640.500000 0.000384
641.500000 0.000298
642.500000 0.000085
643.500000 0.000554
644.500000 0.000085
645.500000 0.000256
646.500000 0.000213
647.500000 0.000639
648.500000 0.000213
649.500000 0.000469
650.500000 0.000085
651.500000 0.000426
652.500000 0.000426
653.500000 0.000597
654.500000 0.000554
655.500000 0.000384
656.500000 0.000298
657.500000 0.000426
658.500000 0.000469
659.500000 0.000469
660.500000 0.000426
661.500000 0.000469
662.500000 0.000597
663.500000 0.000682
664.500000 0.000341
665.500000 0.000213
666.500000 0.000512
667.500000 0.000469
668.500000 0.000469
669.500000 0.000682
670.500000 0.001279
671.500000 0.000682
672.500000 0.001066
673.500000 0.000853
674.500000 0.000597
675.500000 0.000512
676.500000 0.000469
677.500000 0.001364
678.500000 0.001108
679.500000 0.000895
680.500000 0.000895
681.500000 0.001194
682.500000 0.000725
683.500000 0.000980
684.500000 0.000810
685.500000 0.001151
686.500000 0.000980
687.500000 0.002004
688.500000 0.001492
689.500000 0.001833
690.500000 0.001748
691.500000 0.002643
692.500000 0.002302
693.500000 0.002856
694.500000 0.003325
695.500000 0.003325
696.500000 0.005116
697.500000 0.004220
698.500000 0.004092
699.500000 0.004050
700.500000 0.003623
701.500000 0.002984
702.500000 0.003069
703.500000 0.002558
704.500000 0.001577
705.500000 0.001535
706.500000 0.001705
707.500000 0.001790
708.500000 0.001449
709.500000 0.001236
710.500000 0.001322
711.500000 0.000895
712.500000 0.000895
713.500000 0.000682
714.500000 0.001364
715.500000 0.001151
716.500000 0.001236
717.500000 0.001151
718.500000 0.001108
719.500000 0.001108
720.500000 0.001108
721.500000 0.001066
722.500000 0.001108
723.500000 0.000810
724.500000 0.001194
725.500000 0.000938
726.500000 0.001023
727.500000 0.000682
728.500000 0.000980
729.500000 0.000426
730.500000 0.000980
731.500000 0.000895
732.500000 0.000469
733.500000 0.000469
734.500000 0.000980
735.500000 0.000639
736.500000 0.000639
737.500000 0.000554
738.500000 0.000725
739.500000 0.001108
740.500000 0.000810
741.500000 0.000682
742.500000 0.000725
743.500000 0.000597
744.500000 0.000554
745.500000 0.000682
746.500000 0.000725
747.500000 0.000512
748.500000 0.000767
749.500000 0.000767
750.500000 0.000895
751.500000 0.000682
752.500000 0.000639
753.500000 0.000554
754.500000 0.000597
755.500000 0.000938
756.500000 0.000767
757.500000 0.000298
758.500000 0.000682
759.500000 0.000554
760.500000 0.000639
761.500000 0.000554
762.500000 0.000810
763.500000 0.000469
764.500000 0.000597
765.500000 0.000256
766.500000 0.000426
767.500000 0.000682
768.500000 0.000512
769.500000 0.000725
770.500000 0.000639
771.500000 0.000938
772.500000 0.000469
773.500000 0.000639
774.500000 0.000810
775.500000 0.000682
776.500000 0.000426
777.500000 0.000853
778.500000 0.000895
779.500000 0.000512
780.500000 0.000469
781.500000 0.000639
782.500000 0.000469
783.500000 0.000512
784.500000 0.000639
785.500000 0.000639
786.500000 0.000767
787.500000 0.000469
788.500000 0.000767
789.500000 0.000597
790.500000 0.000597
791.500000 0.000639
792.500000 0.000512
793.500000 0.000725
794.500000 0.000426
795.500000 0.000682
796.500000 0.000512
797.500000 0.000597
798.500000 0.000810
799.500000 0.000597
800.500000 0.000426
801.500000 0.000639
802.500000 0.000725
803.500000 0.000554
804.500000 0.000597
805.500000 0.000597
806.500000 0.000725
807.500000 0.000682
808.500000 0.000469
809.500000 0.000597
810.500000 0.000469
811.500000 0.000426
812.500000 0.000512
813.500000 0.000938
814.500000 0.000554
815.500000 0.000469
816.500000 0.000853
817.500000 0.000682
818.500000 0.000725
819.500000 0.000767
820.500000 0.000384
821.500000 0.000341
822.500000 0.000512
823.500000 0.000895
824.500000 0.000384
825.500000 0.000341
826.500000 0.000512
827.500000 0.000384
828.500000 0.000767
829.500000 0.000512
830.500000 0.000682
831.500000 0.000554
832.500000 0.000512
833.500000 0.001023
834.500000 0.000682
835.500000 0.000895
836.500000 0.000767
837.500000 0.000682
838.500000 0.000767
839.500000 0.004519
840.500000 0.000895
841.500000 0.000810
842.500000 0.000639
843.500000 0.000682
844.500000 0.000895
845.500000 0.000469
846.500000 0.000725
847.500000 0.000767
848.500000 0.000980
849.500000 0.000938
850.500000 0.000639
851.500000 0.000767
852.500000 0.000810
853.500000 0.000554
854.500000 0.000639
855.500000 0.000682
856.500000 0.000853
857.500000 0.001023
858.500000 0.000767
859.500000 0.000725
860.500000 0.000938
861.500000 0.000597
862.500000 0.000682
863.500000 0.000853
864.500000 0.000512
865.500000 0.000554
866.500000 0.000725
867.500000 0.000682
868.500000 0.000639
869.500000 0.000469
870.500000 0.000810
871.500000 0.000853
872.500000 0.000469
873.500000 0.000725
874.500000 0.000512
875.500000 0.000938
876.500000 0.000895
877.500000 0.000853
878.500000 0.000682
879.500000 0.000895
880.500000 0.000767
881.500000 0.000810
882.500000 0.000597
883.500000 0.000554
884.500000 0.000938
885.500000 0.000512
886.500000 0.000682
887.500000 0.000639
888.500000 0.000810
889.500000 0.001023
890.500000 0.000597
891.500000 0.001108
892.500000 0.001194
893.500000 0.000980
894.500000 0.000895
895.500000 0.001023
896.500000 0.000767
897.500000 0.000853
898.500000 0.000980
899.500000 0.001023
900.500000 0.000597
901.500000 0.000725
902.500000 0.000895
903.500000 0.000682
904.500000 0.000980
905.500000 0.000767
906.500000 0.000938
907.500000 0.001023
908.500000 0.000554
909.500000 0.000938
910.500000 0.000725
911.500000 0.000597
912.500000 0.000426
913.500000 0.000597
914.500000 0.000512
915.500000 0.000639
916.500000 0.000767
917.500000 0.000725
918.500000 0.000767
919.500000 0.000639
920.500000 0.000767
921.500000 0.000639
922.500000 0.000725
923.500000 0.000469
924.500000 0.000895
925.500000 0.000725
926.500000 0.000554
927.500000 0.000682
928.500000 0.000725
929.500000 0.000597
930.500000 0.000639
931.500000 0.000512
932.500000 0.000469
933.500000 0.000426
934.500000 0.000341
935.500000 0.000512
936.500000 0.000639
937.500000 0.000810
938.500000 0.000597
939.500000 0.000597
940.500000 0.000469
941.500000 0.000554
942.500000 0.000682
943.500000 0.000853
944.500000 0.000725
945.500000 0.001023
946.500000 0.000853
947.500000 0.000682
948.500000 0.000512
949.500000 0.000384
950.500000 0.000512
951.500000 0.000512
952.500000 0.000469
953.500000 0.000725
954.500000 0.000725
955.500000 0.000469
956.500000 0.000895
957.500000 0.000725
958.500000 0.000725
959.500000 0.000554
960.500000 0.000554
961.500000 0.000469
962.500000 0.000597
963.500000 0.000895
964.500000 0.000341
965.500000 0.000512
966.500000 0.000469
967.500000 0.000554
968.500000 0.000597
969.500000 0.000384
970.500000 0.000469
971.500000 0.000767
972.500000 0.000213
973.500000 0.000639
974.500000 0.000810
975.500000 0.000639
976.500000 0.000469
977.500000 0.000512
978.500000 0.000682
979.500000 0.000426
980.500000 0.000554
981.500000 0.000682
982.500000 0.000512
983.500000 0.000554
984.500000 0.000767
985.500000 0.001236
986.500000 0.000810
987.500000 0.001066
988.500000 0.001663
989.500000 0.001194
990.500000 0.001322
991.500000 0.001961
992.500000 0.001449
993.500000 0.001108
994.500000 0.001492
995.500000 0.000980
996.500000 0.001790
997.500000 0.001620
998.500000 0.001322
999.500000 0.001492
1000.500000 0.001449
1001.500000 0.001577
1002.500000 0.001108
1003.500000 0.000938
1004.500000 0.001023
1005.500000 0.000597
1006.500000 0.001108
1007.500000 0.001108
1008.500000 0.001066
1009.500000 0.000938
1010.500000 0.000767
1011.500000 0.000725
1012.500000 0.000810
1013.500000 0.000810
1014.500000 0.000725
1015.500000 0.000767
1016.500000 0.000810
1017.500000 0.000853
1018.500000 0.000384
1019.500000 0.000469
1020.500000 0.000554
1021.500000 0.000426
1022.500000 0.000512
1023.500000 0.000426
1024.500000 0.000171
1025.500000 0.000512
1026.500000 0.000512
1027.500000 0.000469
1028.500000 0.000512
1029.500000 0.000341
1030.500000 0.000171
1031.500000 0.000341
1032.500000 0.000597
1033.500000 0.000597
1034.500000 0.000426
1035.500000 0.000512
1036.500000 0.000384
1037.500000 0.000597
1038.500000 0.000384
1039.500000 0.000256
1040.500000 0.000597
1041.500000 0.000213
1042.500000 0.000298
1043.500000 0.000469
1044.500000 0.000426
1045.500000 0.000512
1046.500000 0.000767
1047.500000 0.000171
1048.500000 0.000298
1049.500000 0.000213
1050.500000 0.000554
1051.500000 0.000469
1052.500000 0.000384
1053.500000 0.000512
1054.500000 0.000256
1055.500000 0.000341
1056.500000 0.000512
1057.500000 0.000469
1058.500000 0.000043
1059.500000 0.000213
1060.500000 0.000426
1061.500000 0.000298
1062.500000 0.000512
1063.500000 0.000341
1064.500000 0.000469
1065.500000 0.000469
1066.500000 0.000341
1067.500000 0.000298
1068.500000 0.000384
1069.500000 0.000426
1070.500000 0.000341
1071.500000 0.000426
1072.500000 0.000426
1073.500000 0.000554
1074.500000 0.000597
1075.500000 0.000469
1076.500000 0.000341
1077.500000 0.000426
1078.500000 0.000256
1079.500000 0.000554
1080.500000 0.000384
1081.500000 0.000554
1082.500000 0.000341
1083.500000 0.000341
1084.500000 0.000554
1085.500000 0.000384
1086.500000 0.000256
1087.500000 0.000512
1088.500000 0.000469
1089.500000 0.000469
1090.500000 0.000639
1091.500000 0.000298
1092.500000 0.000341
1093.500000 0.000341
1094.500000 0.000469
1095.500000 0.000298
1096.500000 0.000298
1097.500000 0.000298
1098.500000 0.000298
1099.500000 0.000426
1100.500000 0.000469
1101.500000 0.000554
1102.500000 0.000256
1103.500000 0.000469
1104.500000 0.000597
1105.500000 0.000469
1106.500000 0.000256
1107.500000 0.000298
1108.500000 0.000213
1109.500000 0.000469
1110.500000 0.000384
1111.500000 0.000554
1112.500000 0.000341
1113.500000 0.000469
1114.500000 0.000171
1115.500000 0.000128
1116.500000 0.000341
1117.500000 0.000512
1118.500000 0.000426
1119.500000 0.000426
1120.500000 0.000554
1121.500000 0.000810
1122.500000 0.000426
1123.500000 0.000512
1124.500000 0.000298
1125.500000 0.000341
1126.500000 0.000469
1127.500000 0.000512
1128.500000 0.000171
1129.500000 0.000298
1130.500000 0.000256
1131.500000 0.000128
1132.500000 0.000682
1133.500000 0.000639
1134.500000 0.000298
1135.500000 0.000426
1136.500000 0.000597
1137.500000 0.000469
1138.500000 0.000554
1139.500000 0.000554
1140.500000 0.000426
1141.500000 0.000469
1142.500000 0.000469
1143.500000 0.000597
1144.500000 0.000341
1145.500000 0.000554
1146.500000 0.000810
1147.500000 0.000639
1148.500000 0.000597
1149.500000 0.000639
1150.500000 0.000810
1151.500000 0.000682
1152.500000 0.000426
1153.500000 0.000810
1154.500000 0.000682
1155.500000 0.001066
1156.500000 0.000980
1157.500000 0.000639
1158.500000 0.000810
1159.500000 0.001151
1160.500000 0.001492
1161.500000 0.001151
1162.500000 0.001322
1163.500000 0.001748
1164.500000 0.001705
1165.500000 0.001790
1166.500000 0.001876
1167.500000 0.001876
1168.500000 0.001876
1169.500000 0.002004
1170.500000 0.002046
1171.500000 0.002728
1172.500000 0.002558
1173.500000 0.003155
1174.500000 0.002728
1175.500000 0.002686
1176.500000 0.003027
1177.500000 0.003240
1178.500000 0.003197
1179.500000 0.004178
1180.500000 0.004561
1181.500000 0.004689
1182.500000 0.004135
1183.500000 0.005712
1184.500000 0.006693
1185.500000 0.006096
1186.500000 0.006224
1187.500000 0.005712
1188.500000 0.005116
1189.500000 0.006522
1190.500000 0.006394
1191.500000 0.006735
1192.500000 0.005670
1193.500000 0.004860
1194.500000 0.004433
1195.500000 0.004092
1196.500000 0.004220
1197.500000 0.004220
1198.500000 0.003538
1199.500000 0.003325
