0.000000 0.003821
1.000834 0.004088
2.001668 0.004298
3.002502 0.004445
4.003336 0.004524
5.004170 0.004537
6.005004 0.004488
7.005838 0.004383
8.006672 0.004233
9.007506 0.004049
10.008340 0.003843
11.009174 0.003626
12.010008 0.003409
13.010842 0.003200
14.011676 0.003006
15.012510 0.002830
16.013344 0.002677
17.014178 0.002546
18.015013 0.002437
19.015847 0.002349
20.016681 0.002281
21.017515 0.002228
22.018349 0.002189
23.019183 0.002162
24.020017 0.002144
25.020851 0.002133
26.021685 0.002127
27.022519 0.002124
28.023353 0.002124
29.024187 0.002126
30.025021 0.002128
31.025855 0.002130
32.026689 0.002133
33.027523 0.002136
34.028357 0.002139
35.029191 0.002142
36.030025 0.002146
37.030859 0.002150
38.031693 0.002154
39.032527 0.002159
40.033361 0.002164
41.034195 0.002169
42.035029 0.002173
43.035863 0.002178
44.036697 0.002181
45.037531 0.002182
46.038365 0.002181
47.039199 0.002177
48.040033 0.002170
49.040867 0.002159
50.041701 0.002144
51.042535 0.002124
52.043369 0.002100
53.044204 0.002072
54.045038 0.002040
55.045872 0.002005
56.046706 0.001967
57.047540 0.001927
58.048374 0.001885
59.049208 0.001842
60.050042 0.001800
61.050876 0.001758
62.051710 0.001717
63.052544 0.001678
64.053378 0.001641
65.054212 0.001606
66.055046 0.001574
67.055880 0.001545
68.056714 0.001519
69.057548 0.001496
70.058382 0.001476
71.059216 0.001458
72.060050 0.001444
73.060884 0.001433
74.061718 0.001424
75.062552 0.001419
76.063386 0.001416
77.064220 0.001417
78.065054 0.001421
79.065888 0.001429
80.066722 0.001439
81.067556 0.001452
82.068390 0.001468
83.069224 0.001486
84.070058 0.001505
85.070892 0.001524
86.071726 0.001542
87.072560 0.001559
88.073394 0.001572
89.074229 0.001581
90.075063 0.001585
91.075897 0.001582
92.076731 0.001573
93.077565 0.001556
94.078399 0.001532
95.079233 0.001500
96.080067 0.001463
97.080901 0.001420
98.081735 0.001372
99.082569 0.001322
100.083403 0.001270
101.084237 0.001218
102.085071 0.001166
103.085905 0.001116
104.086739 0.001069
105.087573 0.001024
106.088407 0.000983
107.089241 0.000945
108.090075 0.000910
109.090909 0.000878
110.091743 0.000848
111.092577 0.000821
112.093411 0.000796
113.094245 0.000771
114.095079 0.000748
115.095913 0.000726
116.096747 0.000703
117.097581 0.000681
118.098415 0.000659
119.099249 0.000636
120.100083 0.000613
121.100917 0.000591
122.101751 0.000568
123.102585 0.000546
124.103420 0.000524
125.104254 0.000504
126.105088 0.000484
127.105922 0.000467
128.106756 0.000451
129.107590 0.000438
130.108424 0.000426
131.109258 0.000416
132.110092 0.000408
133.110926 0.000401
134.111760 0.000395
135.112594 0.000390
136.113428 0.000385
137.114262 0.000381
138.115096 0.000376
139.115930 0.000372
140.116764 0.000367
141.117598 0.000363
142.118432 0.000358
143.119266 0.000354
144.120100 0.000351
145.120934 0.000348
146.121768 0.000347
147.122602 0.000347
148.123436 0.000348
149.124270 0.000350
150.125104 0.000354
151.125938 0.000360
152.126772 0.000367
153.127606 0.000375
154.128440 0.000384
155.129274 0.000394
156.130108 0.000404
157.130942 0.000414
158.131776 0.000425
159.132611 0.000435
160.133445 0.000445
161.134279 0.000455
162.135113 0.000464
163.135947 0.000472
164.136781 0.000480
165.137615 0.000489
166.138449 0.000497
167.139283 0.000506
168.140117 0.000516
169.140951 0.000528
170.141785 0.000540
171.142619 0.000554
172.143453 0.000570
173.144287 0.000588
174.145121 0.000607
175.145955 0.000629
176.146789 0.000652
177.147623 0.000677
178.148457 0.000704
179.149291 0.000732
180.150125 0.000761
181.150959 0.000791
182.151793 0.000822
183.152627 0.000854
184.153461 0.000885
185.154295 0.000917
186.155129 0.000948
187.155963 0.000979
188.156797 0.001009
189.157631 0.001039
190.158465 0.001068
191.159299 0.001097
192.160133 0.001126
193.160967 0.001155
194.161802 0.001184
195.162636 0.001214
196.163470 0.001244
197.164304 0.001274
198.165138 0.001305
199.165972 0.001335
200.166806 0.001364
201.167640 0.001391
202.168474 0.001415
203.169308 0.001435
204.170142 0.001450
205.170976 0.001459
206.171810 0.001461
207.172644 0.001457
208.173478 0.001447
209.174312 0.001429
210.175146 0.001406
211.175980 0.001377
212.176814 0.001345
213.177648 0.001309
214.178482 0.001271
215.179316 0.001232
216.180150 0.001193
217.180984 0.001154
218.181818 0.001117
219.182652 0.001081
220.183486 0.001047
221.184320 0.001014
222.185154 0.000984
223.185988 0.000955
224.186822 0.000927
225.187656 0.000900
226.188490 0.000875
227.189324 0.000850
228.190158 0.000826
229.190992 0.000803
230.191827 0.000780
231.192661 0.000757
232.193495 0.000736
233.194329 0.000715
234.195163 0.000695
235.195997 0.000675
236.196831 0.000656
237.197665 0.000639
238.198499 0.000622
239.199333 0.000605
240.200167 0.000590
241.201001 0.000575
242.201835 0.000561
243.202669 0.000548
244.203503 0.000536
245.204337 0.000524
246.205171 0.000513
247.206005 0.000503
248.206839 0.000495
249.207673 0.000487
250.208507 0.000480
251.209341 0.000475
252.210175 0.000471
253.211009 0.000468
254.211843 0.000467
255.212677 0.000466
256.213511 0.000467
257.214345 0.000469
258.215179 0.000472
259.216013 0.000475
260.216847 0.000479
261.217681 0.000482
262.218515 0.000486
263.219349 0.000490
264.220183 0.000493
265.221018 0.000495
266.221852 0.000496
267.222686 0.000497
268.223520 0.000497
269.224354 0.000495
270.225188 0.000493
271.226022 0.000491
272.226856 0.000488
273.227690 0.000484
274.228524 0.000481
275.229358 0.000477
276.230192 0.000474
277.231026 0.000471
278.231860 0.000468
279.232694 0.000465
280.233528 0.000463
281.234362 0.000461
282.235196 0.000460
283.236030 0.000459
284.236864 0.000459
285.237698 0.000459
286.238532 0.000459
287.239366 0.000460
288.240200 0.000461
289.241034 0.000462
290.241868 0.000462
291.242702 0.000463
292.243536 0.000464
293.244370 0.000463
294.245204 0.000463
295.246038 0.000461
296.246872 0.000459
297.247706 0.000455
298.248540 0.000451
299.249374 0.000447
300.250209 0.000442
301.251043 0.000437
302.251877 0.000432
303.252711 0.000427
304.253545 0.000423
305.254379 0.000419
306.255213 0.000416
307.256047 0.000414
308.256881 0.000412
309.257715 0.000411
310.258549 0.000410
311.259383 0.000409
312.260217 0.000408
313.261051 0.000407
314.261885 0.000405
315.262719 0.000402
316.263553 0.000398
317.264387 0.000394
318.265221 0.000388
319.266055 0.000381
320.266889 0.000373
321.267723 0.000365
322.268557 0.000356
323.269391 0.000346
324.270225 0.000337
325.271059 0.000327
326.271893 0.000318
327.272727 0.000308
328.273561 0.000299
329.274395 0.000291
330.275229 0.000283
331.276063 0.000275
332.276897 0.000268
333.277731 0.000262
334.278565 0.000256
335.279399 0.000250
336.280234 0.000245
337.281068 0.000240
338.281902 0.000235
339.282736 0.000230
340.283570 0.000225
341.284404 0.000219
342.285238 0.000213
343.286072 0.000207
344.286906 0.000201
345.287740 0.000195
346.288574 0.000188
347.289408 0.000182
348.290242 0.000176
349.291076 0.000170
350.291910 0.000165
351.292744 0.000161
352.293578 0.000157
353.294412 0.000154
354.295246 0.000152
355.296080 0.000151
356.296914 0.000150
357.297748 0.000150
358.298582 0.000150
359.299416 0.000151
360.300250 0.000152
361.301084 0.000154
362.301918 0.000155
363.302752 0.000157
364.303586 0.000158
365.304420 0.000159
366.305254 0.000161
367.306088 0.000162
368.306922 0.000163
369.307756 0.000164
370.308590 0.000166
371.309425 0.000167
372.310259 0.000168
373.311093 0.000169
374.311927 0.000170
375.312761 0.000171
376.313595 0.000171
377.314429 0.000171
378.315263 0.000171
379.316097 0.000170
380.316931 0.000168
381.317765 0.000167
382.318599 0.000165
383.319433 0.000162
384.320267 0.000160
385.321101 0.000157
386.321935 0.000154
387.322769 0.000151
388.323603 0.000148
389.324437 0.000145
390.325271 0.000143
391.326105 0.000140
392.326939 0.000138
393.327773 0.000136
394.328607 0.000135
395.329441 0.000134
396.330275 0.000134
397.331109 0.000134
398.331943 0.000135
399.332777 0.000137
400.333611 0.000139
401.334445 0.000142
402.335279 0.000145
403.336113 0.000148
404.336947 0.000152
405.337781 0.000156
406.338616 0.000160
407.339450 0.000165
408.340284 0.000169
409.341118 0.000173
410.341952 0.000177
411.342786 0.000180
412.343620 0.000184
413.344454 0.000187
414.345288 0.000189
415.346122 0.000190
416.346956 0.000191
417.347790 0.000191
418.348624 0.000191
419.349458 0.000189
420.350292 0.000187
421.351126 0.000185
422.351960 0.000182
423.352794 0.000179
424.353628 0.000176
425.354462 0.000173
426.355296 0.000171
427.356130 0.000169
428.356964 0.000168
429.357798 0.000168
430.358632 0.000169
431.359466 0.000170
432.360300 0.000172
433.361134 0.000175
434.361968 0.000178
435.362802 0.000182
436.363636 0.000186
437.364470 0.000191
438.365304 0.000196
439.366138 0.000201
440.366972 0.000206
441.367807 0.000212
442.368641 0.000219
443.369475 0.000225
444.370309 0.000232
445.371143 0.000240
446.371977 0.000248
447.372811 0.000256
448.373645 0.000266
449.374479 0.000275
450.375313 0.000285
451.376147 0.000296
452.376981 0.000307
453.377815 0.000317
454.378649 0.000328
455.379483 0.000338
456.380317 0.000348
457.381151 0.000358
458.381985 0.000366
459.382819 0.000374
460.383653 0.000381
461.384487 0.000388
462.385321 0.000396
463.386155 0.000404
464.386989 0.000413
465.387823 0.000425
466.388657 0.000438
467.389491 0.000454
468.390325 0.000473
469.391159 0.000494
470.391993 0.000518
471.392827 0.000545
472.393661 0.000573
473.394495 0.000603
474.395329 0.000634
475.396163 0.000666
476.396997 0.000697
477.397832 0.000728
478.398666 0.000758
479.399500 0.000786
480.400334 0.000813
481.401168 0.000837
482.402002 0.000860
483.402836 0.000879
484.403670 0.000896
485.404504 0.000909
486.405338 0.000920
487.406172 0.000928
488.407006 0.000934
489.407840 0.000937
490.408674 0.000938
491.409508 0.000938
492.410342 0.000937
493.411176 0.000936
494.412010 0.000935
495.412844 0.000934
496.413678 0.000935
497.414512 0.000936
498.415346 0.000939
499.416180 0.000943
500.417014 0.000948
501.417848 0.000953
502.418682 0.000959
503.419516 0.000963
504.420350 0.000966
505.421184 0.000967
506.422018 0.000964
507.422852 0.000956
508.423686 0.000944
509.424520 0.000926
510.425354 0.000903
511.426188 0.000876
512.427023 0.000843
513.427857 0.000807
514.428691 0.000769
515.429525 0.000729
516.430359 0.000688
517.431193 0.000649
518.432027 0.000611
519.432861 0.000576
520.433695 0.000543
521.434529 0.000513
522.435363 0.000487
523.436197 0.000463
524.437031 0.000443
525.437865 0.000425
526.438699 0.000409
527.439533 0.000395
528.440367 0.000382
529.441201 0.000372
530.442035 0.000362
531.442869 0.000354
532.443703 0.000348
533.444537 0.000342
534.445371 0.000337
535.446205 0.000334
536.447039 0.000331
537.447873 0.000328
538.448707 0.000325
539.449541 0.000322
540.450375 0.000319
541.451209 0.000315
542.452043 0.000310
543.452877 0.000304
544.453711 0.000297
545.454545 0.000289
546.455379 0.000279
547.456214 0.000269
548.457048 0.000257
549.457882 0.000245
550.458716 0.000233
551.459550 0.000220
552.460384 0.000207
553.461218 0.000195
554.462052 0.000183
555.462886 0.000171
556.463720 0.000161
557.464554 0.000151
558.465388 0.000143
559.466222 0.000135
560.467056 0.000129
561.467890 0.000124
562.468724 0.000120
563.469558 0.000118
564.470392 0.000116
565.471226 0.000116
566.472060 0.000116
567.472894 0.000116
568.473728 0.000117
569.474562 0.000118
570.475396 0.000119
571.476230 0.000119
572.477064 0.000118
573.477898 0.000117
574.478732 0.000115
575.479566 0.000112
576.480400 0.000108
577.481234 0.000104
578.482068 0.000099
579.482902 0.000094
580.483736 0.000089
581.484570 0.000084
582.485405 0.000080
583.486239 0.000076
584.487073 0.000073
585.487907 0.000070
586.488741 0.000068
587.489575 0.000067
588.490409 0.000067
589.491243 0.000067
590.492077 0.000068
591.492911 0.000070
592.493745 0.000071
593.494579 0.000073
594.495413 0.000075
595.496247 0.000078
596.497081 0.000080
597.497915 0.000082
598.498749 0.000083
599.499583 0.000084
600.500417 0.000085
601.501251 0.000086
602.502085 0.000086
603.502919 0.000085
604.503753 0.000084
605.504587 0.000083
606.505421 0.000082
607.506255 0.000081
608.507089 0.000079
609.507923 0.000078
610.508757 0.000077
611.509591 0.000076
612.510425 0.000075
613.511259 0.000075
614.512093 0.000075
615.512927 0.000076
616.513761 0.000076
617.514595 0.000077
618.515430 0.000078
619.516264 0.000079
620.517098 0.000080
621.517932 0.000082
622.518766 0.000083
623.519600 0.000084
624.520434 0.000085
625.521268 0.000087
626.522102 0.000088
627.522936 0.000090
628.523770 0.000092
629.524604 0.000094
630.525438 0.000096
631.526272 0.000099
632.527106 0.000101
633.527940 0.000104
634.528774 0.000107
635.529608 0.000109
636.530442 0.000112
637.531276 0.000114
638.532110 0.000116
639.532944 0.000118
640.533778 0.000119
641.534612 0.000119
642.535446 0.000119
643.536280 0.000119
644.537114 0.000119
645.537948 0.000118
646.538782 0.000118
647.539616 0.000117
648.540450 0.000118
649.541284 0.000119
650.542118 0.000120
651.542952 0.000123
652.543786 0.000126
653.544621 0.000131
654.545455 0.000137
655.546289 0.000144
656.547123 0.000152
657.547957 0.000161
658.548791 0.000170
659.549625 0.000180
660.550459 0.000190
661.551293 0.000200
662.552127 0.000210
663.552961 0.000220
664.553795 0.000229
665.554629 0.000238
666.555463 0.000247
667.556297 0.000255
668.557131 0.000264
669.557965 0.000273
670.558799 0.000283
671.559633 0.000294
672.560467 0.000306
673.561301 0.000319
674.562135 0.000333
675.562969 0.000350
676.563803 0.000367
677.564637 0.000387
678.565471 0.000408
679.566305 0.000431
680.567139 0.000455
681.567973 0.000481
682.568807 0.000509
683.569641 0.000538
684.570475 0.000569
685.571309 0.000602
686.572143 0.000638
687.572977 0.000675
688.573812 0.000714
689.574646 0.000755
690.575480 0.000798
691.576314 0.000843
692.577148 0.000888
693.577982 0.000933
694.578816 0.000976
695.579650 0.001019
696.580484 0.001058
697.581318 0.001093
698.582152 0.001123
699.582986 0.001147
700.583820 0.001165
701.584654 0.001177
702.585488 0.001181
703.586322 0.001177
704.587156 0.001167
705.587990 0.001150
706.588824 0.001128
707.589658 0.001100
708.590492 0.001068
709.591326 0.001032
710.592160 0.000995
711.592994 0.000957
712.593828 0.000919
713.594662 0.000883
714.595496 0.000850
715.596330 0.000819
716.597164 0.000793
717.597998 0.000772
718.598832 0.000754
719.599666 0.000741
720.600500 0.000732
721.601334 0.000727
722.602168 0.000725
723.603003 0.000725
724.603837 0.000727
725.604671 0.000730
726.605505 0.000734
727.606339 0.000738
728.607173 0.000743
729.608007 0.000748
730.608841 0.000752
731.609675 0.000756
732.610509 0.000760
733.611343 0.000764
734.612177 0.000768
735.613011 0.000771
736.613845 0.000775
737.614679 0.000779
738.615513 0.000784
739.616347 0.000789
740.617181 0.000794
741.618015 0.000800
742.618849 0.000807
743.619683 0.000814
744.620517 0.000822
745.621351 0.000831
746.622185 0.000841
747.623019 0.000851
748.623853 0.000861
749.624687 0.000872
750.625521 0.000883
751.626355 0.000894
752.627189 0.000906
753.628023 0.000917
754.628857 0.000929
755.629691 0.000942
756.630525 0.000955
757.631359 0.000969
758.632193 0.000984
759.633028 0.001001
760.633862 0.001019
761.634696 0.001039
762.635530 0.001060
763.636364 0.001083
764.637198 0.001108
765.638032 0.001134
766.638866 0.001161
767.639700 0.001188
768.640534 0.001215
769.641368 0.001241
770.642202 0.001266
771.643036 0.001289
772.643870 0.001310
773.644704 0.001329
774.645538 0.001346
775.646372 0.001360
776.647206 0.001372
777.648040 0.001383
778.648874 0.001392
779.649708 0.001401
780.650542 0.001409
781.651376 0.001417
782.652210 0.001426
783.653044 0.001435
784.653878 0.001445
785.654712 0.001456
786.655546 0.001468
787.656380 0.001480
788.657214 0.001492
789.658048 0.001504
790.658882 0.001515
791.659716 0.001525
792.660550 0.001533
793.661384 0.001539
794.662219 0.001542
795.663053 0.001542
796.663887 0.001538
797.664721 0.001530
798.665555 0.001518
799.666389 0.001502
800.667223 0.001482
801.668057 0.001459
802.668891 0.001433
803.669725 0.001405
804.670559 0.001376
805.671393 0.001346
806.672227 0.001316
807.673061 0.001286
808.673895 0.001256
809.674729 0.001227
810.675563 0.001198
811.676397 0.001170
812.677231 0.001142
813.678065 0.001114
814.678899 0.001087
815.679733 0.001061
816.680567 0.001034
817.681401 0.001008
818.682235 0.000983
819.683069 0.000959
820.683903 0.000934
821.684737 0.000911
822.685571 0.000887
823.686405 0.000863
824.687239 0.000839
825.688073 0.000815
826.688907 0.000789
827.689741 0.000763
828.690575 0.000735
829.691410 0.000707
830.692244 0.000678
831.693078 0.000648
832.693912 0.000619
833.694746 0.000589
834.695580 0.000561
835.696414 0.000535
836.697248 0.000510
837.698082 0.000487
838.698916 0.000466
839.699750 0.000448
840.700584 0.000433
841.701418 0.000419
842.702252 0.000408
843.703086 0.000399
844.703920 0.000392
845.704754 0.000386
846.705588 0.000382
847.706422 0.000380
848.707256 0.000378
849.708090 0.000378
850.708924 0.000378
851.709758 0.000379
852.710592 0.000380
853.711426 0.000381
854.712260 0.000382
855.713094 0.000383
856.713928 0.000383
857.714762 0.000383
858.715596 0.000383
859.716430 0.000382
860.717264 0.000381
861.718098 0.000380
862.718932 0.000378
863.719766 0.000377
864.720601 0.000376
865.721435 0.000376
866.722269 0.000376
867.723103 0.000376
868.723937 0.000377
869.724771 0.000379
870.725605 0.000380
871.726439 0.000382
872.727273 0.000384
873.728107 0.000387
874.728941 0.000389
875.729775 0.000391
876.730609 0.000393
877.731443 0.000395
878.732277 0.000397
879.733111 0.000399
880.733945 0.000401
881.734779 0.000403
882.735613 0.000406
883.736447 0.000408
884.737281 0.000410
885.738115 0.000413
886.738949 0.000417
887.739783 0.000421
888.740617 0.000426
889.741451 0.000432
890.742285 0.000439
891.743119 0.000446
892.743953 0.000455
893.744787 0.000464
894.745621 0.000474
895.746455 0.000485
896.747289 0.000496
897.748123 0.000507
898.748957 0.000519
899.749791 0.000530
900.750626 0.000541
901.751460 0.000551
902.752294 0.000561
903.753128 0.000569
904.753962 0.000577
905.754796 0.000584
906.755630 0.000589
907.756464 0.000594
908.757298 0.000598
909.758132 0.000602
910.758966 0.000605
911.759800 0.000607
912.760634 0.000610
913.761468 0.000613
914.762302 0.000617
915.763136 0.000621
916.763970 0.000625
917.764804 0.000629
918.765638 0.000633
919.766472 0.000636
920.767306 0.000638
921.768140 0.000639
922.768974 0.000638
923.769808 0.000636
924.770642 0.000632
925.771476 0.000625
926.772310 0.000618
927.773144 0.000609
928.773978 0.000600
929.774812 0.000590
930.775646 0.000580
931.776480 0.000572
932.777314 0.000564
933.778148 0.000557
934.778982 0.000551
935.779817 0.000547
936.780651 0.000543
937.781485 0.000541
938.782319 0.000540
939.783153 0.000539
940.783987 0.000538
941.784821 0.000539
942.785655 0.000539
943.786489 0.000541
944.787323 0.000542
945.788157 0.000544
946.788991 0.000547
947.789825 0.000550
948.790659 0.000554
949.791493 0.000558
950.792327 0.000562
951.793161 0.000566
952.793995 0.000570
953.794829 0.000575
954.795663 0.000580
955.796497 0.000586
956.797331 0.000593
957.798165 0.000602
958.798999 0.000615
959.799833 0.000631
960.800667 0.000652
961.801501 0.000678
962.802335 0.000710
963.803169 0.000749
964.804003 0.000794
965.804837 0.000846
966.805671 0.000903
967.806505 0.000964
968.807339 0.001030
969.808173 0.001096
970.809008 0.001163
971.809842 0.001227
972.810676 0.001288
973.811510 0.001343
974.812344 0.001392
975.813178 0.001432
976.814012 0.001464
977.814846 0.001486
978.815680 0.001498
979.816514 0.001501
980.817348 0.001494
981.818182 0.001478
982.819016 0.001452
983.819850 0.001419
984.820684 0.001379
985.821518 0.001332
986.822352 0.001280
987.823186 0.001224
988.824020 0.001164
989.824854 0.001102
990.825688 0.001039
991.826522 0.000976
992.827356 0.000914
993.828190 0.000853
994.829024 0.000796
995.829858 0.000741
996.830692 0.000690
997.831526 0.000644
998.832360 0.000602
999.833194 0.000564
1000.834028 0.000530
1001.834862 0.000501
1002.835696 0.000476
1003.836530 0.000454
1004.837364 0.000435
1005.838198 0.000419
1006.839033 0.000406
1007.839867 0.000394
1008.840701 0.000385
1009.841535 0.000376
1010.842369 0.000369
1011.843203 0.000363
1012.844037 0.000358
1013.844871 0.000353
1014.845705 0.000349
1015.846539 0.000345
1016.847373 0.000341
1017.848207 0.000337
1018.849041 0.000333
1019.849875 0.000329
1020.850709 0.000324
1021.851543 0.000319
1022.852377 0.000313
1023.853211 0.000307
1024.854045 0.000301
1025.854879 0.000294
1026.855713 0.000287
1027.856547 0.000279
1028.857381 0.000272
1029.858215 0.000265
1030.859049 0.000258
1031.859883 0.000253
1032.860717 0.000247
1033.861551 0.000243
1034.862385 0.000240
1035.863219 0.000237
1036.864053 0.000236
1037.864887 0.000235
1038.865721 0.000235
1039.866555 0.000236
1040.867389 0.000237
1041.868224 0.000238
1042.869058 0.000240
1043.869892 0.000241
1044.870726 0.000243
1045.871560 0.000246
1046.872394 0.000248
1047.873228 0.000250
1048.874062 0.000253
1049.874896 0.000255
1050.875730 0.000258
1051.876564 0.000260
1052.877398 0.000263
1053.878232 0.000265
1054.879066 0.000267
1055.879900 0.000270
1056.880734 0.000272
1057.881568 0.000274
1058.882402 0.000276
1059.883236 0.000278
1060.884070 0.000280
1061.884904 0.000282
1062.885738 0.000284
1063.886572 0.000286
1064.887406 0.000289
1065.888240 0.000291
1066.889074 0.000294
1067.889908 0.000296
1068.890742 0.000299
1069.891576 0.000302
1070.892410 0.000304
1071.893244 0.000306
1072.894078 0.000309
1073.894912 0.000311
1074.895746 0.000312
1075.896580 0.000314
1076.897415 0.000315
1077.898249 0.000316
1078.899083 0.000316
1079.899917 0.000316
1080.900751 0.000316
1081.901585 0.000316
1082.902419 0.000315
1083.903253 0.000314
1084.904087 0.000313
1085.904921 0.000312
1086.905755 0.000310
1087.906589 0.000308
1088.907423 0.000305
1089.908257 0.000302
1090.909091 0.000298
1091.909925 0.000294
1092.910759 0.000289
1093.911593 0.000285
1094.912427 0.000280
1095.913261 0.000275
1096.914095 0.000270
1097.914929 0.000266
1098.915763 0.000263
1099.916597 0.000260
1100.917431 0.000258
1101.918265 0.000258
1102.919099 0.000258
1103.919933 0.000259
1104.920767 0.000262
1105.921601 0.000265
1106.922435 0.000268
1107.923269 0.000272
1108.924103 0.000275
1109.924937 0.000279
1110.925771 0.000282
1111.926606 0.000284
1112.927440 0.000286
1113.928274 0.000287
1114.929108 0.000287
1115.929942 0.000286
1116.930776 0.000286
1117.931610 0.000284
1118.932444 0.000283
1119.933278 0.000282
1120.934112 0.000281
1121.934946 0.000281
1122.935780 0.000281
1123.936614 0.000282
1124.937448 0.000283
1125.938282 0.000285
1126.939116 0.000289
1127.939950 0.000292
1128.940784 0.000297
1129.941618 0.000302
1130.942452 0.000308
1131.943286 0.000314
1132.944120 0.000320
1133.944954 0.000327
1134.945788 0.000333
1135.946622 0.000341
1136.947456 0.000348
1137.948290 0.000355
1138.949124 0.000363
1139.949958 0.000370
1140.950792 0.000377
1141.951626 0.000383
1142.952460 0.000389
1143.953294 0.000394
1144.954128 0.000399
1145.954962 0.000403
1146.955796 0.000407
1147.956631 0.000410
1148.957465 0.000414
1149.958299 0.000418
1150.959133 0.000422
1151.959967 0.000427
1152.960801 0.000434
1153.961635 0.000441
1154.962469 0.000450
1155.963303 0.000460
1156.964137 0.000471
1157.964971 0.000484
1158.965805 0.000498
1159.966639 0.000514
1160.967473 0.000531
1161.968307 0.000551
1162.969141 0.000573
1163.969975 0.000599
1164.970809 0.000628
1165.971643 0.000661
1166.972477 0.000699
1167.973311 0.000743
1168.974145 0.000795
1169.974979 0.000856
1170.975813 0.000928
1171.976647 0.001014
1172.977481 0.001116
1173.978315 0.001238
1174.979149 0.001384
1175.979983 0.001557
1176.980817 0.001764
1177.981651 0.002007
1178.982485 0.002292
1179.983319 0.002621
1180.984153 0.002998
1181.984987 0.003423
1182.985822 0.003896
1183.986656 0.004412
1184.987490 0.004965
1185.988324 0.005544
1186.989158 0.006136
1187.989992 0.006724
1188.990826 0.007287
1189.991660 0.007803
1190.992494 0.008251
1191.993328 0.008607
1192.994162 0.008852
1193.994996 0.008971
1194.995830 0.008954
1195.996664 0.008796
1196.997498 0.008501
1197.998332 0.008080
1198.999166 0.007550
1200.000000 0.006933
