0.500000 0.014309
1.500000 0.013724
2.500000 0.011782
3.500000 0.011242
4.500000 0.009930
5.500000 0.009353
6.500000 0.008502
7.500000 0.007704
8.500000 0.006587
9.500000 0.006020
10.500000 0.005142
11.500000 0.005053
12.500000 0.004167
13.500000 0.003883
14.500000 0.003750
15.500000 0.003493
16.500000 0.003041
17.500000 0.003050
18.500000 0.002784
19.500000 0.002562
20.500000 0.002376
21.500000 0.002527
22.500000 0.002296
23.500000 0.002234
24.500000 0.002208
25.500000 0.001933
26.500000 0.001871
27.500000 0.001809
28.500000 0.001702
29.500000 0.001578
30.500000 0.001516
31.500000 0.001330
32.500000 0.001419
33.500000 0.001472
34.500000 0.001294
35.500000 0.001516
36.500000 0.001534
37.500000 0.001427
38.500000 0.001277
39.500000 0.001498
40.500000 0.001392
41.500000 0.001259
42.500000 0.001321
43.500000 0.001259
44.500000 0.001312
45.500000 0.001250
46.500000 0.001454
47.500000 0.001498
48.500000 0.001436
49.500000 0.001339
50.500000 0.001356
51.500000 0.001339
52.500000 0.001153
53.500000 0.001188
54.500000 0.001099
55.500000 0.001090
56.500000 0.000966
57.500000 0.000851
58.500000 0.000860
59.500000 0.000895
60.500000 0.000807
61.500000 0.000878
62.500000 0.000736
63.500000 0.000798
64.500000 0.000736
65.500000 0.000718
66.500000 0.000718
67.500000 0.000709
68.500000 0.000700
69.500000 0.000780
70.500000 0.000842
71.500000 0.000692
72.500000 0.000727
73.500000 0.000674
74.500000 0.000683
75.500000 0.000585
76.500000 0.000621
77.500000 0.000727
78.500000 0.000700
79.500000 0.000709
80.500000 0.000647
81.500000 0.000621
82.500000 0.000745
83.500000 0.000647
84.500000 0.000833
85.500000 0.000541
86.500000 0.000603
87.500000 0.000683
88.500000 0.000541
89.500000 0.000514
90.500000 0.000612
91.500000 0.000559
92.500000 0.000612
93.500000 0.000567
94.500000 0.000434
95.500000 0.000426
96.500000 0.000496
97.500000 0.000559
98.500000 0.000417
99.500000 0.000452
100.500000 0.000408
101.500000 0.000363
102.500000 0.000390
103.500000 0.000301
104.500000 0.000239
105.500000 0.000213
106.500000 0.000257
107.500000 0.000293
108.500000 0.000266
109.500000 0.000160
110.500000 0.000186
111.500000 0.000231
112.500000 0.000231
113.500000 0.000142
114.500000 0.000231
115.500000 0.000231
116.500000 0.000257
117.500000 0.000275
118.500000 0.000310
119.500000 0.000195
120.500000 0.000248
121.500000 0.000239
122.500000 0.000222
123.500000 0.000239
124.500000 0.000319
125.500000 0.000204
126.500000 0.000160
127.500000 0.000213
128.500000 0.000186
129.500000 0.000319
130.500000 0.000346
131.500000 0.000346
132.500000 0.000266
133.500000 0.000257
134.500000 0.000248
135.500000 0.000160
136.500000 0.000257
137.500000 0.000204
138.500000 0.000222
139.500000 0.000301
140.500000 0.000204
141.500000 0.000195
142.500000 0.000257
143.500000 0.000239
144.500000 0.000177
145.500000 0.000275
146.500000 0.000195
147.500000 0.000213
148.500000 0.000293
149.500000 0.000222
150.500000 0.000257
151.500000 0.000301
152.500000 0.000239
153.500000 0.000310
154.500000 0.000266
155.500000 0.000222
156.500000 0.000337
157.500000 0.000160
158.500000 0.000266
159.500000 0.000284
160.500000 0.000293
161.500000 0.000346
162.500000 0.000293
163.500000 0.000514
164.500000 0.000434
165.500000 0.000434
166.500000 0.000452
167.500000 0.000408
168.500000 0.000434
169.500000 0.000381
170.500000 0.000399
171.500000 0.000479
172.500000 0.000399
173.500000 0.000452
174.500000 0.000514
175.500000 0.000417
176.500000 0.000523
177.500000 0.000390
178.500000 0.000567
179.500000 0.000647
180.500000 0.000488
181.500000 0.000674
182.500000 0.000559
183.500000 0.000576
184.500000 0.000514
185.500000 0.000629
186.500000 0.000621
187.500000 0.000559
188.500000 0.000612
189.500000 0.000559
190.500000 0.000754
191.500000 0.000550
192.500000 0.000665
193.500000 0.000523
194.500000 0.000709
195.500000 0.000594
196.500000 0.000612
197.500000 0.000692
198.500000 0.000514
199.500000 0.000621
200.500000 0.000576
201.500000 0.000603
202.500000 0.000550
203.500000 0.000443
204.500000 0.000496
205.500000 0.000594
206.500000 0.000523
207.500000 0.000576
208.500000 0.000434
209.500000 0.000417
210.500000 0.000603
211.500000 0.000523
212.500000 0.000426
213.500000 0.000488
214.500000 0.000310
215.500000 0.000470
216.500000 0.000346
217.500000 0.000372
218.500000 0.000390
219.500000 0.000319
220.500000 0.000399
221.500000 0.000319
222.500000 0.000310
223.500000 0.000328
224.500000 0.000355
225.500000 0.000293
226.500000 0.000257
227.500000 0.000275
228.500000 0.000346
229.500000 0.000399
230.500000 0.000301
231.500000 0.000275
232.500000 0.000248
233.500000 0.000231
234.500000 0.000257
235.500000 0.000231
236.500000 0.000293
237.500000 0.000293
238.500000 0.000213
239.500000 0.000133
240.500000 0.000257
241.500000 0.000204
242.500000 0.000310
243.500000 0.000257
244.500000 0.000213
245.500000 0.000275
246.500000 0.000355
247.500000 0.000239
248.500000 0.000177
249.500000 0.000222
250.500000 0.000186
251.500000 0.000195
252.500000 0.000275
253.500000 0.000213
254.500000 0.000248
255.500000 0.000204
256.500000 0.000195
257.500000 0.000248
258.500000 0.000310
259.500000 0.000151
260.500000 0.000204
261.500000 0.000248
262.500000 0.000177
263.500000 0.000133
264.500000 0.000151
265.500000 0.000239
266.500000 0.000168
267.500000 0.000257
268.500000 0.000275
269.500000 0.000204
270.500000 0.000204
271.500000 0.000177
272.500000 0.000213
273.500000 0.000106
274.500000 0.000186
275.500000 0.000168
276.500000 0.000168
277.500000 0.000168
278.500000 0.000275
279.500000 0.000151
280.500000 0.000231
281.500000 0.000098
282.500000 0.000133
283.500000 0.000089
284.500000 0.000133
285.500000 0.000186
286.500000 0.000133
287.500000 0.000115
288.500000 0.000168
289.500000 0.000186
290.500000 0.000160
291.500000 0.000098
292.500000 0.000071
293.500000 0.000133
294.500000 0.000106
295.500000 0.000115
296.500000 0.000239
297.500000 0.000151
298.500000 0.000186
299.500000 0.000168
300.500000 0.000195
301.500000 0.000151
302.500000 0.000160
303.500000 0.000142
304.500000 0.000168
305.500000 0.000177
306.500000 0.000195
307.500000 0.000177
308.500000 0.000098
309.500000 0.000168
310.500000 0.000177
311.500000 0.000133
312.500000 0.000177
313.500000 0.000142
314.500000 0.000133
315.500000 0.000124
316.500000 0.000133
317.500000 0.000177
318.500000 0.000195
319.500000 0.000160
320.500000 0.000124
321.500000 0.000142
322.500000 0.000177
323.500000 0.000151
324.500000 0.000239
325.500000 0.000115
326.500000 0.000062
327.500000 0.000160
328.500000 0.000089
329.500000 0.000124
330.500000 0.000160
331.500000 0.000106
332.500000 0.000168
333.500000 0.000195
334.500000 0.000168
335.500000 0.000160
336.500000 0.000160
337.500000 0.000168
338.500000 0.000142
339.500000 0.000204
340.500000 0.000151
341.500000 0.000106
342.500000 0.000133
343.500000 0.000195
344.500000 0.000142
345.500000 0.000151
346.500000 0.000124
347.500000 0.000168
348.500000 0.000195
349.500000 0.000151
350.500000 0.000124
351.500000 0.000142
352.500000 0.000151
353.500000 0.000142
354.500000 0.000142
355.500000 0.000222
356.500000 0.000124
357.500000 0.000151
358.500000 0.000177
359.500000 0.000195
360.500000 0.000133
361.500000 0.000168
362.500000 0.000195
363.500000 0.000133
364.500000 0.000142
365.500000 0.000133
366.500000 0.000213
367.500000 0.000160
368.500000 0.000124
369.500000 0.000195
370.500000 0.000168
371.500000 0.000257
372.500000 0.000160
373.500000 0.000213
374.500000 0.000213
375.500000 0.000160
376.500000 0.000133
377.500000 0.000222
378.500000 0.000239
379.500000 0.000284
380.500000 0.000266
381.500000 0.000222
382.500000 0.000160
383.500000 0.000222
384.500000 0.000222
385.500000 0.000213
386.500000 0.000195
387.500000 0.000213
388.500000 0.000213
389.500000 0.000310
390.500000 0.000266
391.500000 0.000293
392.500000 0.000319
393.500000 0.000213
394.500000 0.000293
395.500000 0.000301
396.500000 0.000257
397.500000 0.000328
398.500000 0.000248
399.500000 0.000222
400.500000 0.000186
401.500000 0.000222
402.500000 0.000266
403.500000 0.000328
404.500000 0.000222
405.500000 0.000248
406.500000 0.000204
407.500000 0.000195
408.500000 0.000177
409.500000 0.000213
410.500000 0.000204
411.500000 0.000160
412.500000 0.000248
413.500000 0.000301
414.500000 0.000266
415.500000 0.000284
416.500000 0.000248
417.500000 0.000310
418.500000 0.000293
419.500000 0.000284
420.500000 0.000248
421.500000 0.000248
422.500000 0.000266
423.500000 0.000310
424.500000 0.000293
425.500000 0.000301
426.500000 0.000310
427.500000 0.000328
428.500000 0.000293
429.500000 0.000328
430.500000 0.000346
431.500000 0.000399
432.500000 0.000248
433.500000 0.000204
434.500000 0.000284
435.500000 0.000328
436.500000 0.000293
437.500000 0.000310
438.500000 0.000372
439.500000 0.000390
440.500000 0.000355
441.500000 0.000257
442.500000 0.000346
443.500000 0.000328
444.500000 0.000284
445.500000 0.000328
446.500000 0.000275
447.500000 0.000399
448.500000 0.000381
449.500000 0.000275
450.500000 0.000355
451.500000 0.000390
452.500000 0.000381
453.500000 0.000310
454.500000 0.000337
455.500000 0.000310
456.500000 0.000390
457.500000 0.000372
458.500000 0.000470
459.500000 0.000470
460.500000 0.000372
461.500000 0.000434
462.500000 0.000417
463.500000 0.000603
464.500000 0.000541
465.500000 0.000523
466.500000 0.000576
467.500000 0.000656
468.500000 0.000692
469.500000 0.000567
470.500000 0.000621
471.500000 0.000665
472.500000 0.000683
473.500000 0.000647
474.500000 0.000718
475.500000 0.000683
476.500000 0.000825
477.500000 0.000895
478.500000 0.000878
479.500000 0.001090
480.500000 0.001037
481.500000 0.000966
482.500000 0.000949
483.500000 0.001099
484.500000 0.001259
485.500000 0.000957
486.500000 0.001286
487.500000 0.001445
488.500000 0.001516
489.500000 0.001534
490.500000 0.001658
491.500000 0.001587
492.500000 0.001711
493.500000 0.001800
494.500000 0.001534
495.500000 0.001853
496.500000 0.001888
497.500000 0.001729
498.500000 0.001817
499.500000 0.001906
500.500000 0.001667
501.500000 0.001809
502.500000 0.001507
503.500000 0.001303
504.500000 0.001330
505.500000 0.001179
506.500000 0.001090
507.500000 0.001215
508.500000 0.001135
509.500000 0.000984
510.500000 0.000904
511.500000 0.000816
512.500000 0.000514
513.500000 0.000594
514.500000 0.000399
515.500000 0.000505
516.500000 0.000443
517.500000 0.000417
518.500000 0.000408
519.500000 0.000319
520.500000 0.000399
521.500000 0.000310
522.500000 0.000293
523.500000 0.000231
524.500000 0.000222
525.500000 0.000222
526.500000 0.000266
527.500000 0.000204
528.500000 0.000204
529.500000 0.000160
530.500000 0.000284
531.500000 0.000293
532.500000 0.000186
533.500000 0.000151
534.500000 0.000248
535.500000 0.000089
536.500000 0.000248
537.500000 0.000195
538.500000 0.000115
539.500000 0.000115
540.500000 0.000168
541.500000 0.000160
542.500000 0.000142
543.500000 0.000133
544.500000 0.000142
545.500000 0.000089
546.500000 0.000098
547.500000 0.000089
548.500000 0.000168
549.500000 0.000080
550.500000 0.000115
551.500000 0.000115
552.500000 0.000124
553.500000 0.000115
554.500000 0.000071
555.500000 0.000133
556.500000 0.000133
557.500000 0.000071
558.500000 0.000089
559.500000 0.000080
560.500000 0.000071
561.500000 0.000089
562.500000 0.000062
563.500000 0.000124
564.500000 0.000053
565.500000 0.000089
566.500000 0.000062
567.500000 0.000053
568.500000 0.000071
569.500000 0.000053
570.500000 0.000044
571.500000 0.000044
572.500000 0.000080
573.500000 0.000115
574.500000 0.000053
575.500000 0.000080
576.500000 0.000080
577.500000 0.000053
578.500000 0.000035
579.500000 0.000071
580.500000 0.000044
581.500000 0.000115
582.500000 0.000106
583.500000 0.000035
584.500000 0.000035
585.500000 0.000071
586.500000 0.000062
587.500000 0.000062
588.500000 0.000080
589.500000 0.000062
590.500000 0.000071
591.500000 0.000089
592.500000 0.000098
593.500000 0.000071
594.500000 0.000053
595.500000 0.000062
596.500000 0.000106
597.500000 0.000044
598.500000 0.000071
599.500000 0.000044
600.500000 0.000062
601.500000 0.000106
602.500000 0.000044
603.500000 0.000080
604.500000 0.000080
605.500000 0.000071
606.500000 0.000089
607.500000 0.000133
608.500000 0.000062
609.500000 0.000080
610.500000 0.000115
611.500000 0.000053
612.500000 0.000089
613.500000 0.000035
614.500000 0.000089
615.500000 0.000044
616.500000 0.000089
617.500000 0.000115
618.500000 0.000071
619.500000 0.000035
620.500000 0.000124
621.500000 0.000115
622.500000 0.000115
623.500000 0.000053
624.500000 0.000044
625.500000 0.000098
626.500000 0.000044
627.500000 0.000071
628.500000 0.000044
629.500000 0.000124
630.500000 0.000071
631.500000 0.000142
632.500000 0.000071
633.500000 0.000106
634.500000 0.000142
635.500000 0.000133
636.500000 0.000133
637.500000 0.000124
638.500000 0.000106
639.500000 0.000098
640.500000 0.000098
641.500000 0.000089
642.500000 0.000124
643.500000 0.000115
644.500000 0.000133
645.500000 0.000098
646.500000 0.000151
647.500000 0.000142
648.500000 0.000168
649.500000 0.000177
650.500000 0.000124
651.500000 0.000142
652.500000 0.000213
653.500000 0.000177
654.500000 0.000098
655.500000 0.000195
656.500000 0.000098
657.500000 0.000213
658.500000 0.000266
659.500000 0.000275
660.500000 0.000186
661.500000 0.000266
662.500000 0.000248
663.500000 0.000266
664.500000 0.000213
665.500000 0.000346
666.500000 0.000310
667.500000 0.000355
668.500000 0.000434
669.500000 0.000346
670.500000 0.000399
671.500000 0.000452
672.500000 0.000505
673.500000 0.000567
674.500000 0.000461
675.500000 0.000505
676.500000 0.000541
677.500000 0.000807
678.500000 0.000656
679.500000 0.000860
680.500000 0.000789
681.500000 0.000975
682.500000 0.000940
683.500000 0.001064
684.500000 0.001108
685.500000 0.001312
686.500000 0.001206
687.500000 0.001454
688.500000 0.001578
689.500000 0.001614
690.500000 0.001809
691.500000 0.001773
692.500000 0.002243
693.500000 0.002128
694.500000 0.002739
695.500000 0.002589
696.500000 0.003085
697.500000 0.004131
698.500000 0.004300
699.500000 0.004566
700.500000 0.004548
701.500000 0.005479
702.500000 0.004548
703.500000 0.003768
704.500000 0.003697
705.500000 0.003803
706.500000 0.003245
707.500000 0.003227
708.500000 0.002482
709.500000 0.002509
710.500000 0.002145
711.500000 0.001950
712.500000 0.001853
713.500000 0.001720
714.500000 0.001454
715.500000 0.001419
716.500000 0.001153
717.500000 0.001117
718.500000 0.001179
719.500000 0.000966
720.500000 0.001055
721.500000 0.000922
722.500000 0.001073
723.500000 0.000904
724.500000 0.000904
725.500000 0.000957
726.500000 0.000851
727.500000 0.000975
728.500000 0.000940
729.500000 0.000807
730.500000 0.000762
731.500000 0.000798
732.500000 0.000949
733.500000 0.000798
734.500000 0.000833
735.500000 0.000780
736.500000 0.000851
737.500000 0.000709
738.500000 0.000780
739.500000 0.000754
740.500000 0.000585
741.500000 0.000825
742.500000 0.000736
743.500000 0.000922
744.500000 0.000771
745.500000 0.000913
746.500000 0.000798
747.500000 0.000825
748.500000 0.000878
749.500000 0.000798
750.500000 0.000833
751.500000 0.000904
752.500000 0.000762
753.500000 0.000816
754.500000 0.000825
755.500000 0.000993
756.500000 0.000984
757.500000 0.000940
758.500000 0.000922
759.500000 0.000957
760.500000 0.000736
761.500000 0.000922
762.500000 0.000860
763.500000 0.000931
764.500000 0.001002
765.500000 0.001135
766.500000 0.001028
767.500000 0.001055
768.500000 0.000842
769.500000 0.001028
770.500000 0.000887
771.500000 0.001064
772.500000 0.001179
773.500000 0.001303
774.500000 0.001073
775.500000 0.001090
776.500000 0.001215
777.500000 0.001144
778.500000 0.001223
779.500000 0.001161
780.500000 0.001108
781.500000 0.001481
782.500000 0.001268
783.500000 0.001179
784.500000 0.001126
785.500000 0.001215
786.500000 0.001463
787.500000 0.001365
788.500000 0.001463
789.500000 0.001427
790.500000 0.001268
791.500000 0.001153
792.500000 0.001268
793.500000 0.001401
794.500000 0.001206
795.500000 0.001383
796.500000 0.001082
797.500000 0.001046
798.500000 0.001055
799.500000 0.001383
800.500000 0.001286
801.500000 0.001099
802.500000 0.001215
803.500000 0.000957
804.500000 0.001250
805.500000 0.001153
806.500000 0.001037
807.500000 0.000913
808.500000 0.001170
809.500000 0.000780
810.500000 0.001037
811.500000 0.000984
812.500000 0.000975
813.500000 0.001002
814.500000 0.000904
815.500000 0.000878
816.500000 0.000931
817.500000 0.000895
818.500000 0.000736
819.500000 0.000842
820.500000 0.000718
821.500000 0.000780
822.500000 0.000709
823.500000 0.000904
824.500000 0.000709
825.500000 0.000816
826.500000 0.000895
827.500000 0.000621
828.500000 0.000745
829.500000 0.000612
830.500000 0.000638
831.500000 0.000559
832.500000 0.000683
833.500000 0.000762
834.500000 0.000496
835.500000 0.000656
836.500000 0.000629
837.500000 0.000621
838.500000 0.000603
839.500000 0.000514
840.500000 0.000585
841.500000 0.000585
842.500000 0.000647
843.500000 0.000647
844.500000 0.000594
845.500000 0.000541
846.500000 0.000629
847.500000 0.000399
848.500000 0.000550
849.500000 0.000488
850.500000 0.000550
851.500000 0.000523
852.500000 0.000621
853.500000 0.000603
854.500000 0.000541
855.500000 0.000488
856.500000 0.000541
857.500000 0.000674
858.500000 0.000576
859.500000 0.000541
860.500000 0.000550
861.500000 0.000452
862.500000 0.000612
863.500000 0.000550
864.500000 0.000514
865.500000 0.000434
866.500000 0.000550
867.500000 0.000532
868.500000 0.000576
869.500000 0.000532
870.500000 0.000629
871.500000 0.000603
872.500000 0.000479
873.500000 0.000505
874.500000 0.000434
875.500000 0.000488
876.500000 0.000479
877.500000 0.000567
878.500000 0.000612
879.500000 0.000523
880.500000 0.000567
881.500000 0.000585
882.500000 0.000319
883.500000 0.000656
884.500000 0.000417
885.500000 0.000567
886.500000 0.000523
887.500000 0.000550
888.500000 0.000496
889.500000 0.000488
890.500000 0.000496
891.500000 0.000532
892.500000 0.000532
893.500000 0.000541
894.500000 0.000621
895.500000 0.000576
896.500000 0.000559
897.500000 0.000576
898.500000 0.000585
899.500000 0.000665
900.500000 0.000559
901.500000 0.000603
902.500000 0.000426
903.500000 0.000638
904.500000 0.000683
905.500000 0.000576
906.500000 0.000559
907.500000 0.000523
908.500000 0.000692
909.500000 0.000638
910.500000 0.000612
911.500000 0.000647
912.500000 0.000594
913.500000 0.000745
914.500000 0.000709
915.500000 0.000612
916.500000 0.000612
917.500000 0.000683
918.500000 0.000621
919.500000 0.000647
920.500000 0.000718
921.500000 0.000665
922.500000 0.000665
923.500000 0.000754
924.500000 0.000709
925.500000 0.000798
926.500000 0.000550
927.500000 0.000638
928.500000 0.000718
929.500000 0.000807
930.500000 0.000745
931.500000 0.000496
932.500000 0.000621
933.500000 0.000771
934.500000 0.000825
935.500000 0.000674
936.500000 0.000559
937.500000 0.000762
938.500000 0.000780
939.500000 0.000612
940.500000 0.000656
941.500000 0.000709
942.500000 0.000887
943.500000 0.000718
944.500000 0.000754
945.500000 0.000638
946.500000 0.000895
947.500000 0.000851
948.500000 0.000798
949.500000 0.000780
950.500000 0.000825
951.500000 0.000745
952.500000 0.000745
953.500000 0.000895
954.500000 0.000674
955.500000 0.000594
956.500000 0.000594
957.500000 0.000594
958.500000 0.000532
959.500000 0.000576
960.500000 0.000541
961.500000 0.000585
962.500000 0.000700
963.500000 0.000479
964.500000 0.000488
965.500000 0.000426
966.500000 0.000532
967.500000 0.000488
968.500000 0.000532
969.500000 0.000452
970.500000 0.000426
971.500000 0.000479
972.500000 0.000461
973.500000 0.000443
974.500000 0.000417
975.500000 0.000363
976.500000 0.000514
977.500000 0.000470
978.500000 0.000408
979.500000 0.000426
980.500000 0.000505
981.500000 0.000301
982.500000 0.000408
983.500000 0.000443
984.500000 0.000293
985.500000 0.000452
986.500000 0.000417
987.500000 0.000390
988.500000 0.000293
989.500000 0.000390
990.500000 0.000284
991.500000 0.000275
992.500000 0.000346
993.500000 0.000408
994.500000 0.000426
995.500000 0.000293
996.500000 0.000363
997.500000 0.000346
998.500000 0.000363
999.500000 0.000319
1000.500000 0.000355
1001.500000 0.000275
1002.500000 0.000328
1003.500000 0.000284
1004.500000 0.000310
1005.500000 0.000257
1006.500000 0.000257
1007.500000 0.000275
1008.500000 0.000310
1009.500000 0.000328
1010.500000 0.000239
1011.500000 0.000310
1012.500000 0.000399
1013.500000 0.000248
1014.500000 0.000222
1015.500000 0.000293
1016.500000 0.000213
1017.500000 0.000239
1018.500000 0.000319
1019.500000 0.000301
1020.500000 0.000231
1021.500000 0.000231
1022.500000 0.000284
1023.500000 0.000275
1024.500000 0.000222
1025.500000 0.000301
1026.500000 0.000266
1027.500000 0.000213
1028.500000 0.000266
1029.500000 0.000177
1030.500000 0.000372
1031.500000 0.000177
1032.500000 0.000195
1033.500000 0.000248
1034.500000 0.000275
1035.500000 0.000204
1036.500000 0.000231
1037.500000 0.000275
1038.500000 0.000231
1039.500000 0.000275
1040.500000 0.000328
1041.500000 0.000337
1042.500000 0.000257
1043.500000 0.000372
1044.500000 0.000222
1045.500000 0.000168
1046.500000 0.000293
1047.500000 0.000213
1048.500000 0.000372
1049.500000 0.000213
1050.500000 0.000248
1051.500000 0.000301
1052.500000 0.000293
1053.500000 0.000284
1054.500000 0.000248
1055.500000 0.000231
1056.500000 0.000266
1057.500000 0.000275
1058.500000 0.000248
1059.500000 0.000186
1060.500000 0.000177
1061.500000 0.000319
1062.500000 0.000231
1063.500000 0.000284
1064.500000 0.000310
1065.500000 0.000248
1066.500000 0.000257
1067.500000 0.000266
1068.500000 0.000275
1069.500000 0.000363
1070.500000 0.000257
1071.500000 0.000426
1072.500000 0.000168
1073.500000 0.000381
1074.500000 0.000239
1075.500000 0.000372
1076.500000 0.000337
1077.500000 0.000301
1078.500000 0.000310
1079.500000 0.000275
1080.500000 0.000248
1081.500000 0.000346
1082.500000 0.000319
1083.500000 0.000319
1084.500000 0.000195
1085.500000 0.000301
1086.500000 0.000381
1087.500000 0.000248
1088.500000 0.000266
1089.500000 0.000284
1090.500000 0.000275
1091.500000 0.000239
1092.500000 0.000195
1093.500000 0.000195
1094.500000 0.000310
1095.500000 0.000222
1096.500000 0.000195
1097.500000 0.000204
1098.500000 0.000195
1099.500000 0.000239
1100.500000 0.000098
1101.500000 0.000213
1102.500000 0.000213
1103.500000 0.000266
1104.500000 0.000204
1105.500000 0.000266
1106.500000 0.000231
1107.500000 0.000284
1108.500000 0.000275
1109.500000 0.000239
1110.500000 0.000204
1111.500000 0.000248
1112.500000 0.000248
1113.500000 0.000248
1114.500000 0.000231
1115.500000 0.000204
1116.500000 0.000213
1117.500000 0.000222
1118.500000 0.000151
1119.500000 0.000195
1120.500000 0.000266
1121.500000 0.000248
1122.500000 0.000248
1123.500000 0.000248
1124.500000 0.000186
1125.500000 0.000124
1126.500000 0.000195
1127.500000 0.000248
1128.500000 0.000213
1129.500000 0.000222
1130.500000 0.000257
1131.500000 0.000133
1132.500000 0.000275
1133.500000 0.000310
1134.500000 0.000266
1135.500000 0.000284
1136.500000 0.000204
1137.500000 0.000248
1138.500000 0.000275
1139.500000 0.000293
1140.500000 0.000177
1141.500000 0.000231
1142.500000 0.000266
1143.500000 0.000239
1144.500000 0.000293
1145.500000 0.000222
1146.500000 0.000355
1147.500000 0.000239
1148.500000 0.000266
1149.500000 0.000266
1150.500000 0.000337
1151.500000 0.000337
1152.500000 0.000372
1153.500000 0.000301
1154.500000 0.000363
1155.500000 0.000434
1156.500000 0.000284
1157.500000 0.000426
1158.500000 0.000381
1159.500000 0.000479
1160.500000 0.000488
1161.500000 0.000355
1162.500000 0.000461
1163.500000 0.000647
1164.500000 0.000585
1165.500000 0.000603
1166.500000 0.000700
1167.500000 0.000727
1168.500000 0.000887
1169.500000 0.000931
1170.500000 0.000949
1171.500000 0.000993
1172.500000 0.001161
1173.500000 0.001250
1174.500000 0.001392
1175.500000 0.001551
1176.500000 0.001826
1177.500000 0.002225
1178.500000 0.002544
1179.500000 0.002819
1180.500000 0.003484
1181.500000 0.003883
1182.500000 0.004858
1183.500000 0.005355
1184.500000 0.006499
1185.500000 0.007181
1186.500000 0.007633
1187.500000 0.008449
1188.500000 0.009637
1189.500000 0.010692
1190.500000 0.011392
1191.500000 0.013618
1192.500000 0.014699
1193.500000 0.015701
1194.500000 0.016862
1195.500000 0.019256
1196.500000 0.018751
1197.500000 0.019097
1198.500000 0.017235
1199.500000 0.016011
