0.000000 0.001653
1.000834 0.001806
2.001668 0.001951
3.002502 0.002082
4.003336 0.002199
5.004170 0.002297
6.005004 0.002377
7.005838 0.002436
8.006672 0.002476
9.007506 0.002496
10.008340 0.002499
11.009174 0.002485
12.010008 0.002457
13.010842 0.002417
14.011676 0.002367
15.012510 0.002309
16.013344 0.002246
17.014178 0.002178
18.015013 0.002107
19.015847 0.002035
20.016681 0.001963
21.017515 0.001890
22.018349 0.001819
23.019183 0.001749
24.020017 0.001680
25.020851 0.001614
26.021685 0.001549
27.022519 0.001487
28.023353 0.001427
29.024187 0.001369
30.025021 0.001313
31.025855 0.001260
32.026689 0.001209
33.027523 0.001161
34.028357 0.001115
35.029191 0.001071
36.030025 0.001031
37.030859 0.000992
38.031693 0.000957
39.032527 0.000924
40.033361 0.000893
41.034195 0.000865
42.035029 0.000839
43.035863 0.000816
44.036697 0.000795
45.037531 0.000776
46.038365 0.000759
47.039199 0.000744
48.040033 0.000731
49.040867 0.000720
50.041701 0.000711
51.042535 0.000703
52.043369 0.000696
53.044204 0.000691
54.045038 0.000687
55.045872 0.000685
56.046706 0.000683
57.047540 0.000681
58.048374 0.000681
59.049208 0.000681
60.050042 0.000682
61.050876 0.000683
62.051710 0.000684
63.052544 0.000685
64.053378 0.000687
65.054212 0.000689
66.055046 0.000692
67.055880 0.000694
68.056714 0.000697
69.057548 0.000699
70.058382 0.000702
71.059216 0.000704
72.060050 0.000706
73.060884 0.000709
74.061718 0.000711
75.062552 0.000712
76.063386 0.000714
77.064220 0.000715
78.065054 0.000716
79.065888 0.000717
80.066722 0.000718
81.067556 0.000720
82.068390 0.000721
83.069224 0.000723
84.070058 0.000725
85.070892 0.000728
86.071726 0.000732
87.072560 0.000736
88.073394 0.000740
89.074229 0.000745
90.075063 0.000751
91.075897 0.000757
92.076731 0.000764
93.077565 0.000771
94.078399 0.000777
95.079233 0.000784
96.080067 0.000791
97.080901 0.000797
98.081735 0.000803
99.082569 0.000809
100.083403 0.000813
101.084237 0.000817
102.085071 0.000820
103.085905 0.000823
104.086739 0.000824
105.087573 0.000825
106.088407 0.000825
107.089241 0.000824
108.090075 0.000823
109.090909 0.000821
110.091743 0.000819
111.092577 0.000817
112.093411 0.000815
113.094245 0.000813
114.095079 0.000811
115.095913 0.000810
116.096747 0.000809
117.097581 0.000808
118.098415 0.000807
119.099249 0.000806
120.100083 0.000806
121.100917 0.000806
122.101751 0.000806
123.102585 0.000806
124.103420 0.000807
125.104254 0.000807
126.105088 0.000808
127.105922 0.000810
128.106756 0.000812
129.107590 0.000815
130.108424 0.000819
131.109258 0.000823
132.110092 0.000829
133.110926 0.000835
134.111760 0.000843
135.112594 0.000851
136.113428 0.000861
137.114262 0.000872
138.115096 0.000883
139.115930 0.000896
140.116764 0.000909
141.117598 0.000923
142.118432 0.000937
143.119266 0.000952
144.120100 0.000967
145.120934 0.000981
146.121768 0.000996
147.122602 0.001010
148.123436 0.001024
149.124270 0.001037
150.125104 0.001049
151.125938 0.001061
152.126772 0.001071
153.127606 0.001081
154.128440 0.001091
155.129274 0.001099
156.130108 0.001108
157.130942 0.001116
158.131776 0.001123
159.132611 0.001131
160.133445 0.001138
161.134279 0.001146
162.135113 0.001153
163.135947 0.001160
164.136781 0.001168
165.137615 0.001175
166.138449 0.001182
167.139283 0.001188
168.140117 0.001194
169.140951 0.001200
170.141785 0.001204
171.142619 0.001209
172.143453 0.001212
173.144287 0.001215
174.145121 0.001218
175.145955 0.001220
176.146789 0.001223
177.147623 0.001225
178.148457 0.001228
179.149291 0.001231
180.150125 0.001235
181.150959 0.001239
182.151793 0.001244
183.152627 0.001249
184.153461 0.001255
185.154295 0.001261
186.155129 0.001267
187.155963 0.001273
188.156797 0.001279
189.157631 0.001284
190.158465 0.001288
191.159299 0.001291
192.160133 0.001294
193.160967 0.001294
194.161802 0.001293
195.162636 0.001291
196.163470 0.001286
197.164304 0.001280
198.165138 0.001271
199.165972 0.001260
200.166806 0.001246
201.167640 0.001230
202.168474 0.001212
203.169308 0.001192
204.170142 0.001169
205.170976 0.001145
206.171810 0.001120
207.172644 0.001093
208.173478 0.001065
209.174312 0.001036
210.175146 0.001007
211.175980 0.000977
212.176814 0.000948
213.177648 0.000919
214.178482 0.000891
215.179316 0.000864
216.180150 0.000837
217.180984 0.000811
218.181818 0.000786
219.182652 0.000763
220.183486 0.000740
221.184320 0.000719
222.185154 0.000698
223.185988 0.000679
224.186822 0.000661
225.187656 0.000644
226.188490 0.000628
227.189324 0.000613
228.190158 0.000599
229.190992 0.000586
230.191827 0.000574
231.192661 0.000562
232.193495 0.000550
233.194329 0.000540
234.195163 0.000529
235.195997 0.000520
236.196831 0.000510
237.197665 0.000501
238.198499 0.000492
239.199333 0.000483
240.200167 0.000475
241.201001 0.000467
242.201835 0.000459
243.202669 0.000452
244.203503 0.000444
245.204337 0.000437
246.205171 0.000431
247.206005 0.000424
248.206839 0.000418
249.207673 0.000412
250.208507 0.000406
251.209341 0.000401
252.210175 0.000395
253.211009 0.000390
254.211843 0.000385
255.212677 0.000381
256.213511 0.000376
257.214345 0.000372
258.215179 0.000368
259.216013 0.000364
260.216847 0.000361
261.217681 0.000357
262.218515 0.000354
263.219349 0.000350
264.220183 0.000346
265.221018 0.000342
266.221852 0.000339
267.222686 0.000334
268.223520 0.000330
269.224354 0.000326
270.225188 0.000322
271.226022 0.000317
272.226856 0.000313
273.227690 0.000310
274.228524 0.000306
275.229358 0.000303
276.230192 0.000300
277.231026 0.000297
278.231860 0.000295
279.232694 0.000293
280.233528 0.000291
281.234362 0.000289
282.235196 0.000287
283.236030 0.000285
284.236864 0.000283
285.237698 0.000280
286.238532 0.000278
287.239366 0.000276
288.240200 0.000273
289.241034 0.000271
290.241868 0.000268
291.242702 0.000266
292.243536 0.000264
293.244370 0.000262
294.245204 0.000260
295.246038 0.000259
296.246872 0.000258
297.247706 0.000258
298.248540 0.000258
299.249374 0.000258
300.250209 0.000259
301.251043 0.000259
302.251877 0.000261
303.252711 0.000262
304.253545 0.000264
305.254379 0.000265
306.255213 0.000267
307.256047 0.000269
308.256881 0.000270
309.257715 0.000272
310.258549 0.000273
311.259383 0.000274
312.260217 0.000275
313.261051 0.000275
314.261885 0.000276
315.262719 0.000276
316.263553 0.000276
317.264387 0.000275
318.265221 0.000275
319.266055 0.000274
320.266889 0.000273
321.267723 0.000272
322.268557 0.000272
323.269391 0.000271
324.270225 0.000270
325.271059 0.000269
326.271893 0.000268
327.272727 0.000268
328.273561 0.000267
329.274395 0.000266
330.275229 0.000265
331.276063 0.000264
332.276897 0.000263
333.277731 0.000262
334.278565 0.000261
335.279399 0.000260
336.280234 0.000259
337.281068 0.000257
338.281902 0.000256
339.282736 0.000256
340.283570 0.000255
341.284404 0.000255
342.285238 0.000255
343.286072 0.000255
344.286906 0.000256
345.287740 0.000257
346.288574 0.000258
347.289408 0.000259
348.290242 0.000260
349.291076 0.000262
350.291910 0.000264
351.292744 0.000266
352.293578 0.000269
353.294412 0.000271
354.295246 0.000274
355.296080 0.000277
356.296914 0.000281
357.297748 0.000285
358.298582 0.000289
359.299416 0.000294
360.300250 0.000299
361.301084 0.000305
362.301918 0.000311
363.302752 0.000317
364.303586 0.000322
365.304420 0.000328
366.305254 0.000334
367.306088 0.000339
368.306922 0.000344
369.307756 0.000348
370.308590 0.000352
371.309425 0.000355
372.310259 0.000357
373.311093 0.000359
374.311927 0.000361
375.312761 0.000362
376.313595 0.000364
377.314429 0.000365
378.315263 0.000366
379.316097 0.000367
380.316931 0.000369
381.317765 0.000370
382.318599 0.000372
383.319433 0.000374
384.320267 0.000377
385.321101 0.000379
386.321935 0.000382
387.322769 0.000385
388.323603 0.000388
389.324437 0.000391
390.325271 0.000394
391.326105 0.000397
392.326939 0.000400
393.327773 0.000403
394.328607 0.000406
395.329441 0.000409
396.330275 0.000413
397.331109 0.000416
398.331943 0.000419
399.332777 0.000423
400.333611 0.000426
401.334445 0.000430
402.335279 0.000434
403.336113 0.000439
404.336947 0.000443
405.337781 0.000448
406.338616 0.000453
407.339450 0.000458
408.340284 0.000464
409.341118 0.000469
410.341952 0.000475
411.342786 0.000480
412.343620 0.000486
413.344454 0.000492
414.345288 0.000497
415.346122 0.000502
416.346956 0.000507
417.347790 0.000512
418.348624 0.000517
419.349458 0.000521
420.350292 0.000525
421.351126 0.000530
422.351960 0.000533
423.352794 0.000537
424.353628 0.000541
425.354462 0.000545
426.355296 0.000550
427.356130 0.000555
428.356964 0.000560
429.357798 0.000567
430.358632 0.000574
431.359466 0.000582
432.360300 0.000591
433.361134 0.000601
434.361968 0.000613
435.362802 0.000625
436.363636 0.000638
437.364470 0.000652
438.365304 0.000667
439.366138 0.000683
440.366972 0.000699
441.367807 0.000715
442.368641 0.000731
443.369475 0.000747
444.370309 0.000764
445.371143 0.000780
446.371977 0.000797
447.372811 0.000814
448.373645 0.000831
449.374479 0.000848
450.375313 0.000866
451.376147 0.000885
452.376981 0.000905
453.377815 0.000926
454.378649 0.000947
455.379483 0.000971
456.380317 0.000995
457.381151 0.001020
458.381985 0.001046
459.382819 0.001072
460.383653 0.001100
461.384487 0.001127
462.385321 0.001154
463.386155 0.001181
464.386989 0.001208
465.387823 0.001234
466.388657 0.001259
467.389491 0.001283
468.390325 0.001306
469.391159 0.001327
470.391993 0.001348
471.392827 0.001367
472.393661 0.001386
473.394495 0.001403
474.395329 0.001420
475.396163 0.001436
476.396997 0.001451
477.397832 0.001465
478.398666 0.001478
479.399500 0.001490
480.400334 0.001501
481.401168 0.001510
482.402002 0.001517
483.402836 0.001523
484.403670 0.001526
485.404504 0.001528
486.405338 0.001527
487.406172 0.001523
488.407006 0.001517
489.407840 0.001509
490.408674 0.001499
491.409508 0.001487
492.410342 0.001473
493.411176 0.001457
494.412010 0.001439
495.412844 0.001421
496.413678 0.001400
497.414512 0.001379
498.415346 0.001356
499.416180 0.001332
500.417014 0.001306
501.417848 0.001280
502.418682 0.001253
503.419516 0.001224
504.420350 0.001195
505.421184 0.001165
506.422018 0.001135
507.422852 0.001104
508.423686 0.001073
509.424520 0.001042
510.425354 0.001012
511.426188 0.000981
512.427023 0.000952
513.427857 0.000922
514.428691 0.000894
515.429525 0.000866
516.430359 0.000839
517.431193 0.000813
518.432027 0.000787
519.432861 0.000762
520.433695 0.000738
521.434529 0.000715
522.435363 0.000693
523.436197 0.000671
524.437031 0.000651
525.437865 0.000631
526.438699 0.000613
527.439533 0.000595
528.440367 0.000578
529.441201 0.000562
530.442035 0.000547
531.442869 0.000532
532.443703 0.000519
533.444537 0.000506
534.445371 0.000493
535.446205 0.000481
536.447039 0.000469
537.447873 0.000458
538.448707 0.000447
539.449541 0.000436
540.450375 0.000426
541.451209 0.000416
542.452043 0.000406
543.452877 0.000397
544.453711 0.000388
545.454545 0.000380
546.455379 0.000372
547.456214 0.000365
548.457048 0.000358
549.457882 0.000351
550.458716 0.000345
551.459550 0.000339
552.460384 0.000334
553.461218 0.000329
554.462052 0.000324
555.462886 0.000319
556.463720 0.000315
557.464554 0.000311
558.465388 0.000307
559.466222 0.000303
560.467056 0.000300
561.467890 0.000296
562.468724 0.000293
563.469558 0.000291
564.470392 0.000288
565.471226 0.000286
566.472060 0.000284
567.472894 0.000282
568.473728 0.000281
569.474562 0.000280
570.475396 0.000280
571.476230 0.000279
572.477064 0.000279
573.477898 0.000280
574.478732 0.000280
575.479566 0.000281
576.480400 0.000282
577.481234 0.000283
578.482068 0.000285
579.482902 0.000287
580.483736 0.000288
581.484570 0.000291
582.485405 0.000293
583.486239 0.000295
584.487073 0.000298
585.487907 0.000301
586.488741 0.000303
587.489575 0.000306
588.490409 0.000309
589.491243 0.000311
590.492077 0.000314
591.492911 0.000316
592.493745 0.000318
593.494579 0.000320
594.495413 0.000322
595.496247 0.000324
596.497081 0.000325
597.497915 0.000326
598.498749 0.000327
599.499583 0.000327
600.500417 0.000328
601.501251 0.000328
602.502085 0.000328
603.502919 0.000329
604.503753 0.000329
605.504587 0.000329
606.505421 0.000330
607.506255 0.000331
608.507089 0.000332
609.507923 0.000333
610.508757 0.000335
611.509591 0.000337
612.510425 0.000339
613.511259 0.000341
614.512093 0.000344
615.512927 0.000347
616.513761 0.000350
617.514595 0.000354
618.515430 0.000358
619.516264 0.000362
620.517098 0.000367
621.517932 0.000372
622.518766 0.000378
623.519600 0.000384
624.520434 0.000390
625.521268 0.000397
626.522102 0.000405
627.522936 0.000413
628.523770 0.000421
629.524604 0.000430
630.525438 0.000439
631.526272 0.000449
632.527106 0.000459
633.527940 0.000469
634.528774 0.000480
635.529608 0.000490
636.530442 0.000501
637.531276 0.000512
638.532110 0.000523
639.532944 0.000535
640.533778 0.000547
641.534612 0.000559
642.535446 0.000572
643.536280 0.000585
644.537114 0.000599
645.537948 0.000614
646.538782 0.000630
647.539616 0.000647
648.540450 0.000664
649.541284 0.000683
650.542118 0.000703
651.542952 0.000725
652.543786 0.000748
653.544621 0.000773
654.545455 0.000800
655.546289 0.000828
656.547123 0.000859
657.547957 0.000891
658.548791 0.000926
659.549625 0.000963
660.550459 0.001003
661.551293 0.001045
662.552127 0.001090
663.552961 0.001138
664.553795 0.001188
665.554629 0.001243
666.555463 0.001300
667.556297 0.001362
668.557131 0.001428
669.557965 0.001498
670.558799 0.001573
671.559633 0.001653
672.560467 0.001738
673.561301 0.001827
674.562135 0.001921
675.562969 0.002019
676.563803 0.002120
677.564637 0.002223
678.565471 0.002329
679.566305 0.002435
680.567139 0.002540
681.567973 0.002643
682.568807 0.002744
683.569641 0.002840
684.570475 0.002930
685.571309 0.003014
686.572143 0.003090
687.572977 0.003158
688.573812 0.003217
689.574646 0.003267
690.575480 0.003307
691.576314 0.003337
692.577148 0.003357
693.577982 0.003367
694.578816 0.003367
695.579650 0.003358
696.580484 0.003340
697.581318 0.003313
698.582152 0.003278
699.582986 0.003235
700.583820 0.003185
701.584654 0.003128
702.585488 0.003066
703.586322 0.002999
704.587156 0.002927
705.587990 0.002852
706.588824 0.002773
707.589658 0.002693
708.590492 0.002611
709.591326 0.002528
710.592160 0.002445
711.592994 0.002362
712.593828 0.002280
713.594662 0.002200
714.595496 0.002121
715.596330 0.002044
716.597164 0.001969
717.597998 0.001897
718.598832 0.001827
719.599666 0.001760
720.600500 0.001696
721.601334 0.001635
722.602168 0.001577
723.603003 0.001521
724.603837 0.001469
725.604671 0.001419
726.605505 0.001372
727.606339 0.001328
728.607173 0.001286
729.608007 0.001247
730.608841 0.001210
731.609675 0.001176
732.610509 0.001143
733.611343 0.001113
734.612177 0.001085
735.613011 0.001059
736.613845 0.001034
737.614679 0.001011
738.615513 0.000989
739.616347 0.000969
740.617181 0.000951
741.618015 0.000934
742.618849 0.000918
743.619683 0.000904
744.620517 0.000890
745.621351 0.000878
746.622185 0.000867
747.623019 0.000857
748.623853 0.000847
749.624687 0.000839
750.625521 0.000831
751.626355 0.000824
752.627189 0.000817
753.628023 0.000811
754.628857 0.000806
755.629691 0.000801
756.630525 0.000796
757.631359 0.000791
758.632193 0.000787
759.633028 0.000784
760.633862 0.000780
761.634696 0.000777
762.635530 0.000774
763.636364 0.000772
764.637198 0.000770
765.638032 0.000768
766.638866 0.000767
767.639700 0.000766
768.640534 0.000765
769.641368 0.000765
770.642202 0.000765
771.643036 0.000766
772.643870 0.000767
773.644704 0.000769
774.645538 0.000772
775.646372 0.000776
776.647206 0.000780
777.648040 0.000786
778.648874 0.000792
779.649708 0.000799
780.650542 0.000807
781.651376 0.000815
782.652210 0.000824
783.653044 0.000833
784.653878 0.000842
785.654712 0.000850
786.655546 0.000858
787.656380 0.000866
788.657214 0.000873
789.658048 0.000879
790.658882 0.000884
791.659716 0.000888
792.660550 0.000891
793.661384 0.000893
794.662219 0.000894
795.663053 0.000895
796.663887 0.000895
797.664721 0.000894
798.665555 0.000893
799.666389 0.000892
800.667223 0.000891
801.668057 0.000889
802.668891 0.000887
803.669725 0.000886
804.670559 0.000884
805.671393 0.000882
806.672227 0.000880
807.673061 0.000878
808.673895 0.000875
809.674729 0.000872
810.675563 0.000870
811.676397 0.000866
812.677231 0.000863
813.678065 0.000860
814.678899 0.000856
815.679733 0.000853
816.680567 0.000849
817.681401 0.000846
818.682235 0.000843
819.683069 0.000840
820.683903 0.000838
821.684737 0.000836
822.685571 0.000835
823.686405 0.000834
824.687239 0.000834
825.688073 0.000834
826.688907 0.000835
827.689741 0.000837
828.690575 0.000839
829.691410 0.000841
830.692244 0.000843
831.693078 0.000844
832.693912 0.000846
833.694746 0.000846
834.695580 0.000845
835.696414 0.000843
836.697248 0.000840
837.698082 0.000835
838.698916 0.000829
839.699750 0.000821
840.700584 0.000812
841.701418 0.000802
842.702252 0.000792
843.703086 0.000781
844.703920 0.000770
845.704754 0.000759
846.705588 0.000748
847.706422 0.000737
848.707256 0.000727
849.708090 0.000718
850.708924 0.000709
851.709758 0.000701
852.710592 0.000693
853.711426 0.000685
854.712260 0.000678
855.713094 0.000671
856.713928 0.000663
857.714762 0.000656
858.715596 0.000648
859.716430 0.000641
860.717264 0.000633
861.718098 0.000626
862.718932 0.000618
863.719766 0.000611
864.720601 0.000604
865.721435 0.000597
866.722269 0.000591
867.723103 0.000585
868.723937 0.000579
869.724771 0.000574
870.725605 0.000570
871.726439 0.000566
872.727273 0.000562
873.728107 0.000558
874.728941 0.000554
875.729775 0.000551
876.730609 0.000547
877.731443 0.000542
878.732277 0.000537
879.733111 0.000532
880.733945 0.000526
881.734779 0.000520
882.735613 0.000514
883.736447 0.000507
884.737281 0.000500
885.738115 0.000493
886.738949 0.000487
887.739783 0.000480
888.740617 0.000474
889.741451 0.000469
890.742285 0.000464
891.743119 0.000460
892.743953 0.000457
893.744787 0.000454
894.745621 0.000451
895.746455 0.000449
896.747289 0.000447
897.748123 0.000446
898.748957 0.000444
899.749791 0.000442
900.750626 0.000440
901.751460 0.000438
902.752294 0.000435
903.753128 0.000432
904.753962 0.000429
905.754796 0.000425
906.755630 0.000421
907.756464 0.000417
908.757298 0.000413
909.758132 0.000409
910.758966 0.000405
911.759800 0.000401
912.760634 0.000397
913.761468 0.000395
914.762302 0.000392
915.763136 0.000391
916.763970 0.000390
917.764804 0.000390
918.765638 0.000390
919.766472 0.000391
920.767306 0.000393
921.768140 0.000395
922.768974 0.000398
923.769808 0.000401
924.770642 0.000405
925.771476 0.000409
926.772310 0.000413
927.773144 0.000418
928.773978 0.000423
929.774812 0.000427
930.775646 0.000432
931.776480 0.000437
932.777314 0.000441
933.778148 0.000446
934.778982 0.000450
935.779817 0.000454
936.780651 0.000458
937.781485 0.000461
938.782319 0.000464
939.783153 0.000467
940.783987 0.000470
941.784821 0.000472
942.785655 0.000474
943.786489 0.000476
944.787323 0.000477
945.788157 0.000479
946.788991 0.000480
947.789825 0.000482
948.790659 0.000483
949.791493 0.000484
950.792327 0.000484
951.793161 0.000485
952.793995 0.000485
953.794829 0.000485
954.795663 0.000485
955.796497 0.000485
956.797331 0.000484
957.798165 0.000483
958.798999 0.000482
959.799833 0.000481
960.800667 0.000480
961.801501 0.000479
962.802335 0.000477
963.803169 0.000476
964.804003 0.000474
965.804837 0.000473
966.805671 0.000472
967.806505 0.000471
968.807339 0.000469
969.808173 0.000468
970.809008 0.000467
971.809842 0.000466
972.810676 0.000465
973.811510 0.000463
974.812344 0.000462
975.813178 0.000460
976.814012 0.000459
977.814846 0.000457
978.815680 0.000455
979.816514 0.000454
980.817348 0.000452
981.818182 0.000451
982.819016 0.000450
983.819850 0.000449
984.820684 0.000448
985.821518 0.000447
986.822352 0.000447
987.823186 0.000446
988.824020 0.000446
989.824854 0.000445
990.825688 0.000445
991.826522 0.000444
992.827356 0.000443
993.828190 0.000441
994.829024 0.000440
995.829858 0.000438
996.830692 0.000436
997.831526 0.000433
998.832360 0.000431
999.833194 0.000428
1000.834028 0.000425
1001.834862 0.000422
1002.835696 0.000419
1003.836530 0.000415
1004.837364 0.000411
1005.838198 0.000407
1006.839033 0.000403
1007.839867 0.000399
1008.840701 0.000394
1009.841535 0.000389
1010.842369 0.000385
1011.843203 0.000380
1012.844037 0.000375
1013.844871 0.000370
1014.845705 0.000366
1015.846539 0.000361
1016.847373 0.000356
1017.848207 0.000352
1018.849041 0.000348
1019.849875 0.000343
1020.850709 0.000339
1021.851543 0.000335
1022.852377 0.000331
1023.853211 0.000327
1024.854045 0.000323
1025.854879 0.000320
1026.855713 0.000316
1027.856547 0.000313
1028.857381 0.000310
1029.858215 0.000307
1030.859049 0.000305
1031.859883 0.000303
1032.860717 0.000301
1033.861551 0.000299
1034.862385 0.000298
1035.863219 0.000296
1036.864053 0.000296
1037.864887 0.000295
1038.865721 0.000295
1039.866555 0.000295
1040.867389 0.000295
1041.868224 0.000295
1042.869058 0.000296
1043.869892 0.000298
1044.870726 0.000299
1045.871560 0.000301
1046.872394 0.000304
1047.873228 0.000307
1048.874062 0.000310
1049.874896 0.000313
1050.875730 0.000317
1051.876564 0.000321
1052.877398 0.000326
1053.878232 0.000330
1054.879066 0.000334
1055.879900 0.000339
1056.880734 0.000343
1057.881568 0.000347
1058.882402 0.000351
1059.883236 0.000355
1060.884070 0.000358
1061.884904 0.000361
1062.885738 0.000363
1063.886572 0.000365
1064.887406 0.000366
1065.888240 0.000366
1066.889074 0.000366
1067.889908 0.000366
1068.890742 0.000365
1069.891576 0.000363
1070.892410 0.000362
1071.893244 0.000360
1072.894078 0.000358
1073.894912 0.000356
1074.895746 0.000355
1075.896580 0.000353
1076.897415 0.000351
1077.898249 0.000350
1078.899083 0.000349
1079.899917 0.000348
1080.900751 0.000347
1081.901585 0.000346
1082.902419 0.000345
1083.903253 0.000345
1084.904087 0.000344
1085.904921 0.000344
1086.905755 0.000343
1087.906589 0.000342
1088.907423 0.000342
1089.908257 0.000341
1090.909091 0.000341
1091.909925 0.000341
1092.910759 0.000341
1093.911593 0.000340
1094.912427 0.000340
1095.913261 0.000341
1096.914095 0.000341
1097.914929 0.000341
1098.915763 0.000342
1099.916597 0.000342
1100.917431 0.000343
1101.918265 0.000344
1102.919099 0.000345
1103.919933 0.000347
1104.920767 0.000348
1105.921601 0.000350
1106.922435 0.000353
1107.923269 0.000355
1108.924103 0.000358
1109.924937 0.000361
1110.925771 0.000365
1111.926606 0.000369
1112.927440 0.000374
1113.928274 0.000379
1114.929108 0.000385
1115.929942 0.000391
1116.930776 0.000397
1117.931610 0.000405
1118.932444 0.000412
1119.933278 0.000420
1120.934112 0.000428
1121.934946 0.000436
1122.935780 0.000444
1123.936614 0.000452
1124.937448 0.000460
1125.938282 0.000468
1126.939116 0.000476
1127.939950 0.000483
1128.940784 0.000490
1129.941618 0.000498
1130.942452 0.000505
1131.943286 0.000513
1132.944120 0.000521
1133.944954 0.000530
1134.945788 0.000540
1135.946622 0.000550
1136.947456 0.000562
1137.948290 0.000574
1138.949124 0.000589
1139.949958 0.000604
1140.950792 0.000621
1141.951626 0.000640
1142.952460 0.000660
1143.953294 0.000682
1144.954128 0.000706
1145.954962 0.000732
1146.955796 0.000759
1147.956631 0.000789
1148.957465 0.000820
1149.958299 0.000853
1150.959133 0.000888
1151.959967 0.000925
1152.960801 0.000964
1153.961635 0.001005
1154.962469 0.001048
1155.963303 0.001093
1156.964137 0.001140
1157.964971 0.001189
1158.965805 0.001240
1159.966639 0.001293
1160.967473 0.001348
1161.968307 0.001406
1162.969141 0.001466
1163.969975 0.001528
1164.970809 0.001594
1165.971643 0.001662
1166.972477 0.001733
1167.973311 0.001807
1168.974145 0.001884
1169.974979 0.001964
1170.975813 0.002047
1171.976647 0.002133
1172.977481 0.002221
1173.978315 0.002311
1174.979149 0.002404
1175.979983 0.002497
1176.980817 0.002591
1177.981651 0.002684
1178.982485 0.002776
1179.983319 0.002865
1180.984153 0.002950
1181.984987 0.003029
1182.985822 0.003100
1183.986656 0.003162
1184.987490 0.003213
1185.988324 0.003250
1186.989158 0.003271
1187.989992 0.003276
1188.990826 0.003261
1189.991660 0.003227
1190.992494 0.003171
1191.993328 0.003093
1192.994162 0.002994
1193.994996 0.002874
1194.995830 0.002735
1195.996664 0.002578
1196.997498 0.002406
1197.998332 0.002222
1198.999166 0.002030
1200.000000 0.001834
