0.000000 0.001315
1.000834 0.001421
2.001668 0.001520
3.002502 0.001607
4.003336 0.001682
5.004170 0.001743
6.005004 0.001790
7.005838 0.001821
8.006672 0.001838
9.007506 0.001841
10.008340 0.001831
11.009174 0.001810
12.010008 0.001778
13.010842 0.001739
14.011676 0.001694
15.012510 0.001643
16.013344 0.001590
17.014178 0.001534
18.015013 0.001478
19.015847 0.001422
20.016681 0.001368
21.017515 0.001315
22.018349 0.001265
23.019183 0.001217
24.020017 0.001172
25.020851 0.001130
26.021685 0.001091
27.022519 0.001056
28.023353 0.001024
29.024187 0.000995
30.025021 0.000970
31.025855 0.000948
32.026689 0.000929
33.027523 0.000913
34.028357 0.000900
35.029191 0.000890
36.030025 0.000883
37.030859 0.000878
38.031693 0.000874
39.032527 0.000873
40.033361 0.000873
41.034195 0.000874
42.035029 0.000876
43.035863 0.000879
44.036697 0.000882
45.037531 0.000886
46.038365 0.000889
47.039199 0.000892
48.040033 0.000895
49.040867 0.000898
50.041701 0.000901
51.042535 0.000903
52.043369 0.000904
53.044204 0.000905
54.045038 0.000906
55.045872 0.000906
56.046706 0.000906
57.047540 0.000906
58.048374 0.000905
59.049208 0.000904
60.050042 0.000902
61.050876 0.000901
62.051710 0.000899
63.052544 0.000897
64.053378 0.000895
65.054212 0.000893
66.055046 0.000890
67.055880 0.000888
68.056714 0.000886
69.057548 0.000884
70.058382 0.000883
71.059216 0.000881
72.060050 0.000879
73.060884 0.000877
74.061718 0.000875
75.062552 0.000873
76.063386 0.000870
77.064220 0.000866
78.065054 0.000863
79.065888 0.000858
80.066722 0.000853
81.067556 0.000847
82.068390 0.000840
83.069224 0.000833
84.070058 0.000826
85.070892 0.000818
86.071726 0.000810
87.072560 0.000803
88.073394 0.000796
89.074229 0.000789
90.075063 0.000783
91.075897 0.000778
92.076731 0.000774
93.077565 0.000771
94.078399 0.000768
95.079233 0.000767
96.080067 0.000767
97.080901 0.000768
98.081735 0.000769
99.082569 0.000771
100.083403 0.000774
101.084237 0.000777
102.085071 0.000780
103.085905 0.000783
104.086739 0.000786
105.087573 0.000788
106.088407 0.000791
107.089241 0.000793
108.090075 0.000794
109.090909 0.000795
110.091743 0.000796
111.092577 0.000796
112.093411 0.000797
113.094245 0.000797
114.095079 0.000797
115.095913 0.000797
116.096747 0.000798
117.097581 0.000799
118.098415 0.000801
119.099249 0.000803
120.100083 0.000806
121.100917 0.000811
122.101751 0.000816
123.102585 0.000823
124.103420 0.000830
125.104254 0.000839
126.105088 0.000849
127.105922 0.000860
128.106756 0.000872
129.107590 0.000885
130.108424 0.000899
131.109258 0.000914
132.110092 0.000928
133.110926 0.000943
134.111760 0.000957
135.112594 0.000970
136.113428 0.000983
137.114262 0.000995
138.115096 0.001005
139.115930 0.001014
140.116764 0.001022
141.117598 0.001028
142.118432 0.001033
143.119266 0.001037
144.120100 0.001040
145.120934 0.001042
146.121768 0.001044
147.122602 0.001045
148.123436 0.001047
149.124270 0.001050
150.125104 0.001054
151.125938 0.001058
152.126772 0.001065
153.127606 0.001073
154.128440 0.001083
155.129274 0.001095
156.130108 0.001109
157.130942 0.001125
158.131776 0.001143
159.132611 0.001162
160.133445 0.001183
161.134279 0.001204
162.135113 0.001226
163.135947 0.001249
164.136781 0.001270
165.137615 0.001291
166.138449 0.001311
167.139283 0.001329
168.140117 0.001345
169.140951 0.001360
170.141785 0.001372
171.142619 0.001382
172.143453 0.001389
173.144287 0.001395
174.145121 0.001399
175.145955 0.001401
176.146789 0.001402
177.147623 0.001402
178.148457 0.001401
179.149291 0.001399
180.150125 0.001396
181.150959 0.001392
182.151793 0.001388
183.152627 0.001382
184.153461 0.001376
185.154295 0.001369
186.155129 0.001360
187.155963 0.001351
188.156797 0.001340
189.157631 0.001328
190.158465 0.001315
191.159299 0.001301
192.160133 0.001286
193.160967 0.001271
194.161802 0.001254
195.162636 0.001238
196.163470 0.001221
197.164304 0.001204
198.165138 0.001186
199.165972 0.001169
200.166806 0.001152
201.167640 0.001135
202.168474 0.001118
203.169308 0.001102
204.170142 0.001086
205.170976 0.001070
206.171810 0.001054
207.172644 0.001038
208.173478 0.001022
209.174312 0.001007
210.175146 0.000991
211.175980 0.000975
212.176814 0.000959
213.177648 0.000943
214.178482 0.000926
215.179316 0.000908
216.180150 0.000890
217.180984 0.000871
218.181818 0.000852
219.182652 0.000833
220.183486 0.000813
221.184320 0.000793
222.185154 0.000773
223.185988 0.000753
224.186822 0.000734
225.187656 0.000716
226.188490 0.000699
227.189324 0.000683
228.190158 0.000669
229.190992 0.000656
230.191827 0.000644
231.192661 0.000634
232.193495 0.000626
233.194329 0.000618
234.195163 0.000612
235.195997 0.000606
236.196831 0.000602
237.197665 0.000597
238.198499 0.000592
239.199333 0.000588
240.200167 0.000583
241.201001 0.000578
242.201835 0.000572
243.202669 0.000566
244.203503 0.000560
245.204337 0.000554
246.205171 0.000547
247.206005 0.000540
248.206839 0.000533
249.207673 0.000526
250.208507 0.000519
251.209341 0.000513
252.210175 0.000507
253.211009 0.000502
254.211843 0.000497
255.212677 0.000493
256.213511 0.000490
257.214345 0.000487
258.215179 0.000485
259.216013 0.000484
260.216847 0.000483
261.217681 0.000484
262.218515 0.000484
263.219349 0.000485
264.220183 0.000487
265.221018 0.000488
266.221852 0.000490
267.222686 0.000492
268.223520 0.000494
269.224354 0.000495
270.225188 0.000496
271.226022 0.000496
272.226856 0.000496
273.227690 0.000495
274.228524 0.000494
275.229358 0.000491
276.230192 0.000488
277.231026 0.000485
278.231860 0.000481
279.232694 0.000477
280.233528 0.000473
281.234362 0.000468
282.235196 0.000464
283.236030 0.000460
284.236864 0.000456
285.237698 0.000452
286.238532 0.000449
287.239366 0.000446
288.240200 0.000443
289.241034 0.000441
290.241868 0.000438
291.242702 0.000436
292.243536 0.000433
293.244370 0.000430
294.245204 0.000427
295.246038 0.000424
296.246872 0.000421
297.247706 0.000417
298.248540 0.000413
299.249374 0.000409
300.250209 0.000406
301.251043 0.000402
302.251877 0.000398
303.252711 0.000395
304.253545 0.000392
305.254379 0.000389
306.255213 0.000386
307.256047 0.000384
308.256881 0.000382
309.257715 0.000381
310.258549 0.000380
311.259383 0.000379
312.260217 0.000379
313.261051 0.000379
314.261885 0.000379
315.262719 0.000380
316.263553 0.000381
317.264387 0.000382
318.265221 0.000383
319.266055 0.000384
320.266889 0.000385
321.267723 0.000386
322.268557 0.000387
323.269391 0.000388
324.270225 0.000389
325.271059 0.000389
326.271893 0.000389
327.272727 0.000390
328.273561 0.000390
329.274395 0.000390
330.275229 0.000390
331.276063 0.000390
332.276897 0.000391
333.277731 0.000391
334.278565 0.000392
335.279399 0.000393
336.280234 0.000394
337.281068 0.000396
338.281902 0.000398
339.282736 0.000400
340.283570 0.000403
341.284404 0.000406
342.285238 0.000408
343.286072 0.000411
344.286906 0.000413
345.287740 0.000416
346.288574 0.000418
347.289408 0.000420
348.290242 0.000421
349.291076 0.000422
350.291910 0.000423
351.292744 0.000424
352.293578 0.000424
353.294412 0.000423
354.295246 0.000423
355.296080 0.000422
356.296914 0.000421
357.297748 0.000420
358.298582 0.000419
359.299416 0.000418
360.300250 0.000417
361.301084 0.000416
362.301918 0.000415
363.302752 0.000414
364.303586 0.000414
365.304420 0.000414
366.305254 0.000415
367.306088 0.000416
368.306922 0.000418
369.307756 0.000420
370.308590 0.000423
371.309425 0.000427
372.310259 0.000431
373.311093 0.000436
374.311927 0.000441
375.312761 0.000446
376.313595 0.000450
377.314429 0.000454
378.315263 0.000458
379.316097 0.000461
380.316931 0.000462
381.317765 0.000463
382.318599 0.000462
383.319433 0.000460
384.320267 0.000457
385.321101 0.000453
386.321935 0.000448
387.322769 0.000442
388.323603 0.000436
389.324437 0.000429
390.325271 0.000423
391.326105 0.000416
392.326939 0.000410
393.327773 0.000404
394.328607 0.000399
395.329441 0.000394
396.330275 0.000390
397.331109 0.000387
398.331943 0.000385
399.332777 0.000384
400.333611 0.000384
401.334445 0.000385
402.335279 0.000386
403.336113 0.000389
404.336947 0.000393
405.337781 0.000397
406.338616 0.000403
407.339450 0.000409
408.340284 0.000416
409.341118 0.000424
410.341952 0.000433
411.342786 0.000442
412.343620 0.000451
413.344454 0.000460
414.345288 0.000469
415.346122 0.000478
416.346956 0.000487
417.347790 0.000496
418.348624 0.000504
419.349458 0.000511
420.350292 0.000518
421.351126 0.000525
422.351960 0.000531
423.352794 0.000536
424.353628 0.000542
425.354462 0.000547
426.355296 0.000552
427.356130 0.000557
428.356964 0.000561
429.357798 0.000566
430.358632 0.000570
431.359466 0.000574
432.360300 0.000579
433.361134 0.000583
434.361968 0.000587
435.362802 0.000592
436.363636 0.000596
437.364470 0.000601
438.365304 0.000605
439.366138 0.000610
440.366972 0.000614
441.367807 0.000619
442.368641 0.000624
443.369475 0.000629
444.370309 0.000634
445.371143 0.000639
446.371977 0.000645
447.372811 0.000650
448.373645 0.000656
449.374479 0.000662
450.375313 0.000668
451.376147 0.000673
452.376981 0.000679
453.377815 0.000685
454.378649 0.000690
455.379483 0.000696
456.380317 0.000702
457.381151 0.000709
458.381985 0.000716
459.382819 0.000724
460.383653 0.000734
461.384487 0.000745
462.385321 0.000759
463.386155 0.000774
464.386989 0.000793
465.387823 0.000814
466.388657 0.000839
467.389491 0.000866
468.390325 0.000897
469.391159 0.000930
470.391993 0.000966
471.392827 0.001004
472.393661 0.001043
473.394495 0.001084
474.395329 0.001126
475.396163 0.001169
476.396997 0.001211
477.397832 0.001253
478.398666 0.001295
479.399500 0.001336
480.400334 0.001376
481.401168 0.001415
482.402002 0.001453
483.402836 0.001490
484.403670 0.001526
485.404504 0.001560
486.405338 0.001593
487.406172 0.001624
488.407006 0.001652
489.407840 0.001678
490.408674 0.001700
491.409508 0.001719
492.410342 0.001733
493.411176 0.001742
494.412010 0.001745
495.412844 0.001743
496.413678 0.001734
497.414512 0.001720
498.415346 0.001699
499.416180 0.001671
500.417014 0.001638
501.417848 0.001598
502.418682 0.001554
503.419516 0.001505
504.420350 0.001453
505.421184 0.001397
506.422018 0.001340
507.422852 0.001281
508.423686 0.001222
509.424520 0.001163
510.425354 0.001104
511.426188 0.001047
512.427023 0.000993
513.427857 0.000940
514.428691 0.000890
515.429525 0.000843
516.430359 0.000799
517.431193 0.000758
518.432027 0.000720
519.432861 0.000685
520.433695 0.000653
521.434529 0.000624
522.435363 0.000598
523.436197 0.000575
524.437031 0.000554
525.437865 0.000535
526.438699 0.000519
527.439533 0.000504
528.440367 0.000492
529.441201 0.000480
530.442035 0.000470
531.442869 0.000462
532.443703 0.000454
533.444537 0.000447
534.445371 0.000441
535.446205 0.000436
536.447039 0.000431
537.447873 0.000426
538.448707 0.000422
539.449541 0.000417
540.450375 0.000412
541.451209 0.000407
542.452043 0.000402
543.452877 0.000396
544.453711 0.000389
545.454545 0.000382
546.455379 0.000374
547.456214 0.000365
548.457048 0.000356
549.457882 0.000346
550.458716 0.000336
551.459550 0.000326
552.460384 0.000315
553.461218 0.000304
554.462052 0.000293
555.462886 0.000282
556.463720 0.000272
557.464554 0.000262
558.465388 0.000253
559.466222 0.000244
560.467056 0.000237
561.467890 0.000229
562.468724 0.000223
563.469558 0.000217
564.470392 0.000212
565.471226 0.000207
566.472060 0.000202
567.472894 0.000198
568.473728 0.000194
569.474562 0.000190
570.475396 0.000187
571.476230 0.000183
572.477064 0.000180
573.477898 0.000177
574.478732 0.000174
575.479566 0.000171
576.480400 0.000169
577.481234 0.000167
578.482068 0.000165
579.482902 0.000164
580.483736 0.000163
581.484570 0.000163
582.485405 0.000163
583.486239 0.000164
584.487073 0.000165
585.487907 0.000167
586.488741 0.000169
587.489575 0.000171
588.490409 0.000174
589.491243 0.000177
590.492077 0.000181
591.492911 0.000184
592.493745 0.000187
593.494579 0.000191
594.495413 0.000194
595.496247 0.000197
596.497081 0.000200
597.497915 0.000202
598.498749 0.000204
599.499583 0.000205
600.500417 0.000207
601.501251 0.000207
602.502085 0.000208
603.502919 0.000208
604.503753 0.000208
605.504587 0.000207
606.505421 0.000207
607.506255 0.000207
608.507089 0.000207
609.507923 0.000207
610.508757 0.000207
611.509591 0.000207
612.510425 0.000208
613.511259 0.000209
614.512093 0.000209
615.512927 0.000210
616.513761 0.000211
617.514595 0.000212
618.515430 0.000213
619.516264 0.000214
620.517098 0.000214
621.517932 0.000215
622.518766 0.000215
623.519600 0.000216
624.520434 0.000216
625.521268 0.000216
626.522102 0.000216
627.522936 0.000217
628.523770 0.000218
629.524604 0.000219
630.525438 0.000220
631.526272 0.000222
632.527106 0.000225
633.527940 0.000228
634.528774 0.000232
635.529608 0.000236
636.530442 0.000241
637.531276 0.000247
638.532110 0.000254
639.532944 0.000261
640.533778 0.000269
641.534612 0.000277
642.535446 0.000286
643.536280 0.000296
644.537114 0.000306
645.537948 0.000316
646.538782 0.000327
647.539616 0.000337
648.540450 0.000348
649.541284 0.000360
650.542118 0.000371
651.542952 0.000382
652.543786 0.000394
653.544621 0.000405
654.545455 0.000417
655.546289 0.000429
656.547123 0.000441
657.547957 0.000454
658.548791 0.000468
659.549625 0.000482
660.550459 0.000498
661.551293 0.000514
662.552127 0.000532
663.552961 0.000550
664.553795 0.000570
665.554629 0.000592
666.555463 0.000615
667.556297 0.000639
668.557131 0.000664
669.557965 0.000692
670.558799 0.000720
671.559633 0.000751
672.560467 0.000784
673.561301 0.000819
674.562135 0.000858
675.562969 0.000900
676.563803 0.000946
677.564637 0.000997
678.565471 0.001053
679.566305 0.001116
680.567139 0.001185
681.567973 0.001262
682.568807 0.001346
683.569641 0.001437
684.570475 0.001535
685.571309 0.001639
686.572143 0.001748
687.572977 0.001860
688.573812 0.001973
689.574646 0.002085
690.575480 0.002193
691.576314 0.002295
692.577148 0.002387
693.577982 0.002467
694.578816 0.002533
695.579650 0.002583
696.580484 0.002615
697.581318 0.002627
698.582152 0.002621
699.582986 0.002595
700.583820 0.002552
701.584654 0.002493
702.585488 0.002420
703.586322 0.002335
704.587156 0.002241
705.587990 0.002141
706.588824 0.002038
707.589658 0.001934
708.590492 0.001832
709.591326 0.001733
710.592160 0.001640
711.592994 0.001553
712.593828 0.001473
713.594662 0.001401
714.595496 0.001335
715.596330 0.001277
716.597164 0.001225
717.597998 0.001178
718.598832 0.001137
719.599666 0.001100
720.600500 0.001066
721.601334 0.001036
722.602168 0.001007
723.603003 0.000980
724.603837 0.000955
725.604671 0.000931
726.605505 0.000908
727.606339 0.000887
728.607173 0.000866
729.608007 0.000847
730.608841 0.000829
731.609675 0.000812
732.610509 0.000797
733.611343 0.000783
734.612177 0.000771
735.613011 0.000760
736.613845 0.000750
737.614679 0.000741
738.615513 0.000733
739.616347 0.000726
740.617181 0.000720
741.618015 0.000715
742.618849 0.000710
743.619683 0.000705
744.620517 0.000701
745.621351 0.000696
746.622185 0.000692
747.623019 0.000687
748.623853 0.000683
749.624687 0.000678
750.625521 0.000673
751.626355 0.000668
752.627189 0.000663
753.628023 0.000657
754.628857 0.000652
755.629691 0.000646
756.630525 0.000640
757.631359 0.000635
758.632193 0.000630
759.633028 0.000625
760.633862 0.000621
761.634696 0.000618
762.635530 0.000615
763.636364 0.000614
764.637198 0.000613
765.638032 0.000613
766.638866 0.000613
767.639700 0.000614
768.640534 0.000616
769.641368 0.000618
770.642202 0.000620
771.643036 0.000622
772.643870 0.000624
773.644704 0.000626
774.645538 0.000627
775.646372 0.000628
776.647206 0.000628
777.648040 0.000628
778.648874 0.000627
779.649708 0.000626
780.650542 0.000625
781.651376 0.000623
782.652210 0.000621
783.653044 0.000620
784.653878 0.000618
785.654712 0.000616
786.655546 0.000615
787.656380 0.000614
788.657214 0.000612
789.658048 0.000611
790.658882 0.000610
791.659716 0.000610
792.660550 0.000609
793.661384 0.000609
794.662219 0.000608
795.663053 0.000608
796.663887 0.000607
797.664721 0.000607
798.665555 0.000607
799.666389 0.000606
800.667223 0.000606
801.668057 0.000606
802.668891 0.000605
803.669725 0.000605
804.670559 0.000605
805.671393 0.000604
806.672227 0.000604
807.673061 0.000604
808.673895 0.000603
809.674729 0.000603
810.675563 0.000602
811.676397 0.000602
812.677231 0.000601
813.678065 0.000600
814.678899 0.000600
815.679733 0.000599
816.680567 0.000599
817.681401 0.000599
818.682235 0.000600
819.683069 0.000602
820.683903 0.000606
821.684737 0.000611
822.685571 0.000617
823.686405 0.000626
824.687239 0.000638
825.688073 0.000651
826.688907 0.000668
827.689741 0.000687
828.690575 0.000708
829.691410 0.000730
830.692244 0.000755
831.693078 0.000779
832.693912 0.000804
833.694746 0.000828
834.695580 0.000851
835.696414 0.000871
836.697248 0.000889
837.698082 0.000903
838.698916 0.000913
839.699750 0.000919
840.700584 0.000922
841.701418 0.000920
842.702252 0.000916
843.703086 0.000908
844.703920 0.000898
845.704754 0.000886
846.705588 0.000873
847.706422 0.000859
848.707256 0.000845
849.708090 0.000831
850.708924 0.000818
851.709758 0.000805
852.710592 0.000794
853.711426 0.000783
854.712260 0.000774
855.713094 0.000765
856.713928 0.000757
857.714762 0.000750
858.715596 0.000743
859.716430 0.000737
860.717264 0.000732
861.718098 0.000727
862.718932 0.000723
863.719766 0.000719
864.720601 0.000716
865.721435 0.000714
866.722269 0.000712
867.723103 0.000711
868.723937 0.000712
869.724771 0.000713
870.725605 0.000714
871.726439 0.000717
872.727273 0.000720
873.728107 0.000723
874.728941 0.000727
875.729775 0.000731
876.730609 0.000736
877.731443 0.000741
878.732277 0.000746
879.733111 0.000752
880.733945 0.000758
881.734779 0.000764
882.735613 0.000771
883.736447 0.000778
884.737281 0.000786
885.738115 0.000794
886.738949 0.000802
887.739783 0.000810
888.740617 0.000817
889.741451 0.000825
890.742285 0.000832
891.743119 0.000837
892.743953 0.000842
893.744787 0.000846
894.745621 0.000848
895.746455 0.000849
896.747289 0.000848
897.748123 0.000846
898.748957 0.000842
899.749791 0.000837
900.750626 0.000831
901.751460 0.000823
902.752294 0.000815
903.753128 0.000806
904.753962 0.000796
905.754796 0.000785
906.755630 0.000775
907.756464 0.000764
908.757298 0.000753
909.758132 0.000743
910.758966 0.000733
911.759800 0.000724
912.760634 0.000715
913.761468 0.000707
914.762302 0.000700
915.763136 0.000693
916.763970 0.000687
917.764804 0.000681
918.765638 0.000676
919.766472 0.000671
920.767306 0.000666
921.768140 0.000661
922.768974 0.000656
923.769808 0.000651
924.770642 0.000645
925.771476 0.000640
926.772310 0.000635
927.773144 0.000630
928.773978 0.000626
929.774812 0.000621
930.775646 0.000618
931.776480 0.000615
932.777314 0.000614
933.778148 0.000613
934.778982 0.000613
935.779817 0.000614
936.780651 0.000616
937.781485 0.000618
938.782319 0.000621
939.783153 0.000624
940.783987 0.000627
941.784821 0.000630
942.785655 0.000632
943.786489 0.000634
944.787323 0.000636
945.788157 0.000637
946.788991 0.000637
947.789825 0.000636
948.790659 0.000635
949.791493 0.000634
950.792327 0.000631
951.793161 0.000629
952.793995 0.000626
953.794829 0.000622
954.795663 0.000618
955.796497 0.000614
956.797331 0.000610
957.798165 0.000606
958.798999 0.000601
959.799833 0.000597
960.800667 0.000592
961.801501 0.000588
962.802335 0.000583
963.803169 0.000580
964.804003 0.000577
965.804837 0.000575
966.805671 0.000574
967.806505 0.000574
968.807339 0.000576
969.808173 0.000579
970.809008 0.000584
971.809842 0.000592
972.810676 0.000602
973.811510 0.000615
974.812344 0.000631
975.813178 0.000650
976.814012 0.000672
977.814846 0.000697
978.815680 0.000725
979.816514 0.000756
980.817348 0.000790
981.818182 0.000827
982.819016 0.000866
983.819850 0.000906
984.820684 0.000946
985.821518 0.000987
986.822352 0.001027
987.823186 0.001066
988.824020 0.001102
989.824854 0.001136
990.825688 0.001165
991.826522 0.001191
992.827356 0.001211
993.828190 0.001226
994.829024 0.001236
995.829858 0.001241
996.830692 0.001240
997.831526 0.001234
998.832360 0.001223
999.833194 0.001207
1000.834028 0.001187
1001.834862 0.001164
1002.835696 0.001138
1003.836530 0.001109
1004.837364 0.001078
1005.838198 0.001046
1006.839033 0.001012
1007.839867 0.000978
1008.840701 0.000944
1009.841535 0.000909
1010.842369 0.000875
1011.843203 0.000841
1012.844037 0.000808
1013.844871 0.000775
1014.845705 0.000743
1015.846539 0.000713
1016.847373 0.000684
1017.848207 0.000656
1018.849041 0.000629
1019.849875 0.000605
1020.850709 0.000582
1021.851543 0.000561
1022.852377 0.000541
1023.853211 0.000524
1024.854045 0.000508
1025.854879 0.000495
1026.855713 0.000483
1027.856547 0.000473
1028.857381 0.000464
1029.858215 0.000457
1030.859049 0.000451
1031.859883 0.000446
1032.860717 0.000442
1033.861551 0.000438
1034.862385 0.000435
1035.863219 0.000432
1036.864053 0.000430
1037.864887 0.000427
1038.865721 0.000425
1039.866555 0.000423
1040.867389 0.000420
1041.868224 0.000418
1042.869058 0.000416
1043.869892 0.000413
1044.870726 0.000411
1045.871560 0.000408
1046.872394 0.000406
1047.873228 0.000403
1048.874062 0.000400
1049.874896 0.000398
1050.875730 0.000395
1051.876564 0.000392
1052.877398 0.000390
1053.878232 0.000388
1054.879066 0.000386
1055.879900 0.000384
1056.880734 0.000383
1057.881568 0.000382
1058.882402 0.000382
1059.883236 0.000382
1060.884070 0.000383
1061.884904 0.000384
1062.885738 0.000386
1063.886572 0.000388
1064.887406 0.000391
1065.888240 0.000393
1066.889074 0.000397
1067.889908 0.000400
1068.890742 0.000403
1069.891576 0.000406
1070.892410 0.000409
1071.893244 0.000412
1072.894078 0.000415
1073.894912 0.000417
1074.895746 0.000419
1075.896580 0.000421
1076.897415 0.000422
1077.898249 0.000423
1078.899083 0.000424
1079.899917 0.000424
1080.900751 0.000424
1081.901585 0.000423
1082.902419 0.000422
1083.903253 0.000421
1084.904087 0.000420
1085.904921 0.000418
1086.905755 0.000416
1087.906589 0.000414
1088.907423 0.000412
1089.908257 0.000410
1090.909091 0.000408
1091.909925 0.000405
1092.910759 0.000403
1093.911593 0.000401
1094.912427 0.000399
1095.913261 0.000398
1096.914095 0.000396
1097.914929 0.000395
1098.915763 0.000394
1099.916597 0.000393
1100.917431 0.000392
1101.918265 0.000391
1102.919099 0.000391
1103.919933 0.000390
1104.920767 0.000390
1105.921601 0.000390
1106.922435 0.000390
1107.923269 0.000390
1108.924103 0.000391
1109.924937 0.000392
1110.925771 0.000393
1111.926606 0.000395
1112.927440 0.000397
1113.928274 0.000399
1114.929108 0.000401
1115.929942 0.000404
1116.930776 0.000406
1117.931610 0.000408
1118.932444 0.000410
1119.933278 0.000412
1120.934112 0.000414
1121.934946 0.000416
1122.935780 0.000417
1123.936614 0.000418
1124.937448 0.000420
1125.938282 0.000421
1126.939116 0.000423
1127.939950 0.000426
1128.940784 0.000429
1129.941618 0.000433
1130.942452 0.000437
1131.943286 0.000443
1132.944120 0.000449
1133.944954 0.000457
1134.945788 0.000465
1135.946622 0.000475
1136.947456 0.000485
1137.948290 0.000497
1138.949124 0.000509
1139.949958 0.000523
1140.950792 0.000538
1141.951626 0.000554
1142.952460 0.000572
1143.953294 0.000591
1144.954128 0.000612
1145.954962 0.000635
1146.955796 0.000660
1147.956631 0.000688
1148.957465 0.000719
1149.958299 0.000754
1150.959133 0.000791
1151.959967 0.000833
1152.960801 0.000879
1153.961635 0.000929
1154.962469 0.000984
1155.963303 0.001043
1156.964137 0.001107
1157.964971 0.001177
1158.965805 0.001252
1159.966639 0.001332
1160.967473 0.001417
1161.968307 0.001508
1162.969141 0.001604
1163.969975 0.001707
1164.970809 0.001815
1165.971643 0.001930
1166.972477 0.002050
1167.973311 0.002178
1168.974145 0.002312
1169.974979 0.002453
1170.975813 0.002601
1171.976647 0.002755
1172.977481 0.002915
1173.978315 0.003080
1174.979149 0.003249
1175.979983 0.003421
1176.980817 0.003593
1177.981651 0.003764
1178.982485 0.003930
1179.983319 0.004088
1180.984153 0.004236
1181.984987 0.004370
1182.985822 0.004486
1183.986656 0.004581
1184.987490 0.004651
1185.988324 0.004694
1186.989158 0.004708
1187.989992 0.004689
1188.990826 0.004638
1189.991660 0.004553
1190.992494 0.004436
1191.993328 0.004287
1192.994162 0.004109
1193.994996 0.003904
1194.995830 0.003677
1195.996664 0.003431
1196.997498 0.003172
1197.998332 0.002903
1198.999166 0.002631
1200.000000 0.002359
