0.500000 0.010730
1.500000 0.008595
2.500000 0.007367
3.500000 0.007474
4.500000 0.007100
5.500000 0.006620
6.500000 0.005552
7.500000 0.004698
8.500000 0.003790
9.500000 0.003470
10.500000 0.003577
11.500000 0.003363
12.500000 0.003630
13.500000 0.002990
14.500000 0.003096
15.500000 0.002723
16.500000 0.004217
17.500000 0.003363
18.500000 0.002723
19.500000 0.002242
20.500000 0.002509
21.500000 0.002242
22.500000 0.002242
23.500000 0.002349
24.500000 0.001815
25.500000 0.002349
26.500000 0.002349
27.500000 0.002135
28.500000 0.002082
29.500000 0.002883
30.500000 0.002402
31.500000 0.002509
32.500000 0.002402
33.500000 0.002189
34.500000 0.002829
35.500000 0.002349
36.500000 0.002562
37.500000 0.002456
38.500000 0.003577
39.500000 0.003523
40.500000 0.004111
41.500000 0.003203
42.500000 0.003844
43.500000 0.004057
44.500000 0.003630
45.500000 0.003310
46.500000 0.003096
47.500000 0.003630
48.500000 0.001975
49.500000 0.002562
50.500000 0.002242
51.500000 0.002562
52.500000 0.002029
53.500000 0.002029
54.500000 0.001975
55.500000 0.001868
56.500000 0.002402
57.500000 0.002029
58.500000 0.002402
59.500000 0.001548
60.500000 0.001335
61.500000 0.002029
62.500000 0.001335
63.500000 0.001602
64.500000 0.001922
65.500000 0.001655
66.500000 0.001762
67.500000 0.002135
68.500000 0.001014
69.500000 0.001335
70.500000 0.001655
71.500000 0.001602
72.500000 0.001602
73.500000 0.002082
74.500000 0.001495
75.500000 0.001548
76.500000 0.001335
77.500000 0.001228
78.500000 0.001228
79.500000 0.001868
80.500000 0.001762
81.500000 0.002349
82.500000 0.001335
83.500000 0.001922
84.500000 0.002189
85.500000 0.001815
86.500000 0.002349
87.500000 0.001335
88.500000 0.001602
89.500000 0.001868
90.500000 0.002135
91.500000 0.001495
92.500000 0.001281
93.500000 0.001441
94.500000 0.001174
95.500000 0.000961
96.500000 0.000908
97.500000 0.001121
98.500000 0.001281
99.500000 0.001495
100.500000 0.001121
101.500000 0.001228
102.500000 0.000747
103.500000 0.001228
104.500000 0.001121
105.500000 0.000534
106.500000 0.000908
107.500000 0.000747
108.500000 0.000801
109.500000 0.000747
110.500000 0.000694
111.500000 0.000641
112.500000 0.000374
113.500000 0.000480
114.500000 0.000320
115.500000 0.000160
116.500000 0.000374
117.500000 0.000427
118.500000 0.000160
119.500000 0.000534
120.500000 0.000267
121.500000 0.000214
122.500000 0.000214
123.500000 0.000267
124.500000 0.000320
125.500000 0.000160
126.500000 0.000160
127.500000 0.000107
128.500000 0.000160
129.500000 0.000160
130.500000 0.000374
131.500000 0.000053
132.500000 0.000267
133.500000 0.000107
134.500000 0.000374
135.500000 0.000214
136.500000 0.000320
137.500000 0.000427
138.500000 0.000320
139.500000 0.000107
140.500000 0.000214
141.500000 0.000320
142.500000 0.000427
143.500000 0.000480
144.500000 0.000320
145.500000 0.000694
146.500000 0.000534
147.500000 0.000374
148.500000 0.000267
149.500000 0.000480
150.500000 0.000641
151.500000 0.000320
152.500000 0.000427
153.500000 0.000374
154.500000 0.000480
155.500000 0.000374
156.500000 0.000641
157.500000 0.000374
158.500000 0.000587
159.500000 0.000320
160.500000 0.000587
161.500000 0.000534
162.500000 0.000641
163.500000 0.000480
164.500000 0.000641
165.500000 0.000534
166.500000 0.000641
167.500000 0.000480
168.500000 0.000480
169.500000 0.000747
170.500000 0.001014
171.500000 0.000694
172.500000 0.000694
173.500000 0.000587
174.500000 0.000641
175.500000 0.000641
176.500000 0.000747
177.500000 0.000427
178.500000 0.000908
179.500000 0.000694
180.500000 0.001121
181.500000 0.000747
182.500000 0.000587
183.500000 0.000801
184.500000 0.000854
185.500000 0.001602
186.500000 0.001121
187.500000 0.001602
188.500000 0.001014
189.500000 0.001815
190.500000 0.001068
191.500000 0.001388
192.500000 0.000961
193.500000 0.000961
194.500000 0.001068
195.500000 0.000908
196.500000 0.001068
197.500000 0.001014
198.500000 0.000801
199.500000 0.001228
200.500000 0.000908
201.500000 0.001228
202.500000 0.001014
203.500000 0.000961
204.500000 0.001335
205.500000 0.000854
206.500000 0.000534
207.500000 0.000694
208.500000 0.000747
209.500000 0.000747
210.500000 0.000694
211.500000 0.001121
212.500000 0.001068
213.500000 0.000641
214.500000 0.000908
215.500000 0.000801
216.500000 0.000747
217.500000 0.000427
218.500000 0.000801
219.500000 0.000801
220.500000 0.000908
221.500000 0.000908
222.500000 0.000694
223.500000 0.000641
224.500000 0.000587
225.500000 0.000641
226.500000 0.000694
227.500000 0.000534
228.500000 0.000480
229.500000 0.000587
230.500000 0.000534
231.500000 0.000374
232.500000 0.000320
233.500000 0.000534
234.500000 0.000374
235.500000 0.000534
236.500000 0.000801
237.500000 0.000641
238.500000 0.000427
239.500000 0.000320
240.500000 0.000427
241.500000 0.000534
242.500000 0.000480
243.500000 0.000427
244.500000 0.000374
245.500000 0.000480
246.500000 0.000534
247.500000 0.000427
248.500000 0.000694
249.500000 0.000374
250.500000 0.000320
251.500000 0.000320
252.500000 0.000374
253.500000 0.000374
254.500000 0.000160
255.500000 0.000107
256.500000 0.000587
257.500000 0.000587
258.500000 0.000267
259.500000 0.000214
260.500000 0.000427
261.500000 0.000160
262.500000 0.000214
263.500000 0.000480
264.500000 0.000267
265.500000 0.000214
266.500000 0.000267
267.500000 0.000267
268.500000 0.000107
269.500000 0.000427
270.500000 0.000374
271.500000 0.000214
272.500000 0.000214
273.500000 0.000320
274.500000 0.000214
275.500000 0.000214
276.500000 0.000160
277.500000 0.000214
278.500000 0.000160
279.500000 0.000427
280.500000 0.000320
281.500000 0.000427
282.500000 0.000587
283.500000 0.000267
284.500000 0.000320
285.500000 0.000160
286.500000 0.000320
287.500000 0.000320
288.500000 0.000320
289.500000 0.000480
290.500000 0.000160
291.500000 0.000160
292.500000 0.000267
293.500000 0.000374
294.500000 0.000320
295.500000 0.000107
296.500000 0.000374
297.500000 0.000214
298.500000 0.000587
299.500000 0.000160
300.500000 0.000480
301.500000 0.000107
302.500000 0.000427
303.500000 0.000160
304.500000 0.000214
305.500000 0.000053
306.500000 0.000160
307.500000 0.000374
308.500000 0.000320
309.500000 0.000374
310.500000 0.000107
311.500000 0.000160
312.500000 0.000107
313.500000 0.000214
314.500000 0.000214
315.500000 0.000320
316.500000 0.000214
317.500000 0.000374
318.500000 0.000160
319.500000 0.000214
320.500000 0.000480
321.500000 0.000374
322.500000 0.000107
323.500000 0.000267
324.500000 0.000107
325.500000 0.000534
326.500000 0.000374
327.500000 0.000267
328.500000 0.000214
329.500000 0.000160
330.500000 0.000267
331.500000 0.000320
332.500000 0.000107
333.500000 0.000107
334.500000 0.000107
335.500000 0.000214
336.500000 0.000053
337.500000 0.000214
338.500000 0.000374
339.500000 0.000160
340.500000 0.000160
341.500000 0.000214
342.500000 0.000160
343.500000 0.000107
344.500000 0.000214
345.500000 0.000427
346.500000 0.000214
347.500000 0.000267
348.500000 0.000160
349.500000 0.000427
350.500000 0.000160
351.500000 0.000267
352.500000 0.000267
353.500000 0.000107
354.500000 0.000107
355.500000 0.000214
356.500000 0.000374
357.500000 0.000320
358.500000 0.000374
359.500000 0.000214
360.500000 0.000267
361.500000 0.000214
362.500000 0.000053
363.500000 0.000160
364.500000 0.000160
365.500000 0.000214
366.500000 0.000267
367.500000 0.000053
368.500000 0.000267
369.500000 0.000107
370.500000 0.000160
371.500000 0.000267
372.500000 0.000320
373.500000 0.000160
374.500000 0.000214
375.500000 0.000107
376.500000 0.000534
377.500000 0.000214
378.500000 0.000374
379.500000 0.000534
380.500000 0.000107
381.500000 0.000214
382.500000 0.000107
383.500000 0.000320
384.500000 0.000320
385.500000 0.000267
386.500000 0.000427
387.500000 0.000320
388.500000 0.000160
389.500000 0.000427
390.500000 0.000214
391.500000 0.000427
392.500000 0.000107
393.500000 0.000427
394.500000 0.000267
395.500000 0.000214
396.500000 0.000427
397.500000 0.000160
398.500000 0.000214
399.500000 0.000320
400.500000 0.000160
401.500000 0.000160
402.500000 0.000374
403.500000 0.000267
404.500000 0.000267
405.500000 0.000427
406.500000 0.000427
407.500000 0.000427
408.500000 0.000587
409.500000 0.000267
410.500000 0.000053
411.500000 0.000374
412.500000 0.000214
413.500000 0.000160
414.500000 0.000320
415.500000 0.000053
416.500000 0.000374
417.500000 0.000320
418.500000 0.000534
419.500000 0.000053
420.500000 0.000214
421.500000 0.000267
422.500000 0.000000
423.500000 0.000320
424.500000 0.000160
425.500000 0.000053
426.500000 0.000053
427.500000 0.000214
428.500000 0.000214
429.500000 0.000160
430.500000 0.000214
431.500000 0.000374
432.500000 0.000107
433.500000 0.000214
434.500000 0.000053
435.500000 0.000374
436.500000 0.000534
437.500000 0.000374
438.500000 0.000374
439.500000 0.000427
440.500000 0.000267
441.500000 0.000320
442.500000 0.000160
443.500000 0.000374
444.500000 0.000587
445.500000 0.000320
446.500000 0.000160
447.500000 0.000427
448.500000 0.000320
449.500000 0.000480
450.500000 0.000320
451.500000 0.000267
452.500000 0.000427
453.500000 0.000427
454.500000 0.000374
455.500000 0.000534
456.500000 0.000534
457.500000 0.000427
458.500000 0.000587
459.500000 0.000480
460.500000 0.000320
461.500000 0.000427
462.500000 0.000267
463.500000 0.000480
464.500000 0.000587
465.500000 0.000427
466.500000 0.000587
467.500000 0.000641
468.500000 0.000534
469.500000 0.000427
470.500000 0.001068
471.500000 0.000587
472.500000 0.000961
473.500000 0.000747
474.500000 0.000641
475.500000 0.000694
476.500000 0.000801
477.500000 0.001174
478.500000 0.001174
479.500000 0.000747
480.500000 0.000480
481.500000 0.000801
482.500000 0.000587
483.500000 0.000694
484.500000 0.000961
485.500000 0.001121
486.500000 0.000961
487.500000 0.001228
488.500000 0.001388
489.500000 0.001441
490.500000 0.002135
491.500000 0.001975
492.500000 0.002883
493.500000 0.003043
494.500000 0.003577
495.500000 0.005979
496.500000 0.006139
497.500000 0.003043
498.500000 0.003310
499.500000 0.004431
500.500000 0.003363
501.500000 0.002936
502.500000 0.002883
503.500000 0.002456
504.500000 0.003363
505.500000 0.003043
506.500000 0.001815
507.500000 0.002562
508.500000 0.001815
509.500000 0.001548
510.500000 0.000747
511.500000 0.000747
512.500000 0.001014
513.500000 0.000908
514.500000 0.000747
515.500000 0.000480
516.500000 0.000427
517.500000 0.000534
518.500000 0.000747
519.500000 0.000534
520.500000 0.000587
521.500000 0.000480
522.500000 0.000374
523.500000 0.000480
524.500000 0.000214
525.500000 0.000374
526.500000 0.000587
527.500000 0.000160
528.500000 0.000320
529.500000 0.000267
530.500000 0.000214
531.500000 0.000214
532.500000 0.000160
533.500000 0.000374
534.500000 0.000107
535.500000 0.000160
536.500000 0.000053
537.500000 0.000214
538.500000 0.000374
539.500000 0.000214
540.500000 0.000427
541.500000 0.000107
542.500000 0.000160
543.500000 0.000107
544.500000 0.000214
545.500000 0.000053
546.500000 0.000214
547.500000 0.000214
548.500000 0.000160
549.500000 0.000053
550.500000 0.000053
551.500000 0.000267
552.500000 0.000107
553.500000 0.000107
554.500000 0.000214
555.500000 0.000107
556.500000 0.000107
557.500000 0.000160
558.500000 0.000107
559.500000 0.000107
560.500000 0.000000
561.500000 0.000053
562.500000 0.000000
563.500000 0.000267
564.500000 0.000214
565.500000 0.000160
566.500000 0.000053
567.500000 0.000160
568.500000 0.000160
569.500000 0.000160
570.500000 0.000107
571.500000 0.000107
572.500000 0.000160
573.500000 0.000107
574.500000 0.000160
575.500000 0.000267
576.500000 0.000000
577.500000 0.000160
578.500000 0.000267
579.500000 0.000000
580.500000 0.000107
581.500000 0.000000
582.500000 0.000053
583.500000 0.000107
584.500000 0.000160
585.500000 0.000053
586.500000 0.000160
587.500000 0.000107
588.500000 0.000160
589.500000 0.000053
590.500000 0.000214
591.500000 0.000053
592.500000 0.000053
593.500000 0.000053
594.500000 0.000053
595.500000 0.000160
596.500000 0.000053
597.500000 0.000107
598.500000 0.000160
599.500000 0.000107
600.500000 0.000160
601.500000 0.000053
602.500000 0.000000
603.500000 0.000000
604.500000 0.000053
605.500000 0.000214
606.500000 0.000000
607.500000 0.000267
608.500000 0.000160
609.500000 0.000053
610.500000 0.000160
611.500000 0.000053
612.500000 0.000000
613.500000 0.000053
614.500000 0.000107
615.500000 0.000107
616.500000 0.000214
617.500000 0.000000
618.500000 0.000107
619.500000 0.000053
620.500000 0.000214
621.500000 0.000000
622.500000 0.000320
623.500000 0.000053
624.500000 0.000107
625.500000 0.000160
626.500000 0.000053
627.500000 0.000267
628.500000 0.000107
629.500000 0.000214
630.500000 0.000053
631.500000 0.000107
632.500000 0.000160
633.500000 0.000053
634.500000 0.000053
635.500000 0.000214
636.500000 0.000107
637.500000 0.000053
638.500000 0.000374
639.500000 0.000000
640.500000 0.000160
641.500000 0.000053
642.500000 0.000374
643.500000 0.000214
644.500000 0.000160
645.500000 0.000214
646.500000 0.000053
647.500000 0.000320
648.500000 0.000107
649.500000 0.000053
650.500000 0.000160
651.500000 0.000214
652.500000 0.000107
653.500000 0.000160
654.500000 0.000214
655.500000 0.000320
656.500000 0.000107
657.500000 0.000160
658.500000 0.000214
659.500000 0.000053
660.500000 0.000000
661.500000 0.000587
662.500000 0.000107
663.500000 0.000480
664.500000 0.000480
665.500000 0.000214
666.500000 0.000320
667.500000 0.000160
668.500000 0.000214
669.500000 0.000427
670.500000 0.000374
671.500000 0.000641
672.500000 0.000320
673.500000 0.000427
674.500000 0.000801
675.500000 0.000427
676.500000 0.000747
677.500000 0.000961
678.500000 0.001335
679.500000 0.001228
680.500000 0.001281
681.500000 0.001121
682.500000 0.001121
683.500000 0.000961
684.500000 0.001335
685.500000 0.001495
686.500000 0.001708
687.500000 0.001602
688.500000 0.001495
689.500000 0.001655
690.500000 0.002189
691.500000 0.002189
692.500000 0.002189
693.500000 0.003203
694.500000 0.005018
695.500000 0.004431
696.500000 0.005338
697.500000 0.004591
698.500000 0.003950
699.500000 0.003363
700.500000 0.002509
701.500000 0.002135
702.500000 0.001815
703.500000 0.001815
704.500000 0.001014
705.500000 0.000801
706.500000 0.000694
707.500000 0.000961
708.500000 0.001121
709.500000 0.000961
710.500000 0.000961
711.500000 0.001121
712.500000 0.000908
713.500000 0.000801
714.500000 0.000854
715.500000 0.000908
716.500000 0.000427
717.500000 0.000374
718.500000 0.000747
719.500000 0.000747
720.500000 0.000480
721.500000 0.000480
722.500000 0.000587
723.500000 0.000641
724.500000 0.000427
725.500000 0.000427
726.500000 0.000374
727.500000 0.000480
728.500000 0.000374
729.500000 0.000374
730.500000 0.000480
731.500000 0.000587
732.500000 0.000480
733.500000 0.000427
734.500000 0.000374
735.500000 0.000320
736.500000 0.000587
737.500000 0.000587
738.500000 0.000534
739.500000 0.000374
740.500000 0.000427
741.500000 0.000641
742.500000 0.000267
743.500000 0.000374
744.500000 0.000641
745.500000 0.000801
746.500000 0.000747
747.500000 0.000214
748.500000 0.000854
749.500000 0.000961
750.500000 0.000480
751.500000 0.000801
752.500000 0.000534
753.500000 0.000427
754.500000 0.000747
755.500000 0.000480
756.500000 0.000641
757.500000 0.000641
758.500000 0.001068
759.500000 0.000480
760.500000 0.000747
761.500000 0.000480
762.500000 0.000534
763.500000 0.000961
764.500000 0.001014
765.500000 0.000641
766.500000 0.000694
767.500000 0.000801
768.500000 0.001655
769.500000 0.000854
770.500000 0.001228
771.500000 0.001602
772.500000 0.001495
773.500000 0.001228
774.500000 0.001602
775.500000 0.001121
776.500000 0.001922
777.500000 0.002135
778.500000 0.001655
779.500000 0.001441
780.500000 0.001708
781.500000 0.002135
782.500000 0.001762
783.500000 0.001602
784.500000 0.001815
785.500000 0.002029
786.500000 0.002242
787.500000 0.002936
788.500000 0.003470
789.500000 0.002189
790.500000 0.002296
791.500000 0.001495
792.500000 0.001922
793.500000 0.001388
794.500000 0.001602
795.500000 0.002189
796.500000 0.001495
797.500000 0.001602
798.500000 0.001388
799.500000 0.001281
800.500000 0.001548
801.500000 0.000908
802.500000 0.001495
803.500000 0.001441
804.500000 0.001655
805.500000 0.001228
806.500000 0.001228
807.500000 0.001228
808.500000 0.001281
809.500000 0.000908
810.500000 0.001335
811.500000 0.001121
812.500000 0.001174
813.500000 0.000641
814.500000 0.000694
815.500000 0.000641
816.500000 0.000854
817.500000 0.001228
818.500000 0.000854
819.500000 0.000854
820.500000 0.000694
821.500000 0.001068
822.500000 0.000747
823.500000 0.000587
824.500000 0.001068
825.500000 0.000641
826.500000 0.000427
827.500000 0.000641
828.500000 0.000534
829.500000 0.000427
830.500000 0.000747
831.500000 0.000587
832.500000 0.000427
833.500000 0.000747
834.500000 0.000320
835.500000 0.000480
836.500000 0.000480
837.500000 0.000534
838.500000 0.000694
839.500000 0.000267
840.500000 0.000747
841.500000 0.000534
842.500000 0.000374
843.500000 0.000427
844.500000 0.000480
845.500000 0.000641
846.500000 0.000641
847.500000 0.000320
848.500000 0.000587
849.500000 0.000267
850.500000 0.000267
851.500000 0.000641
852.500000 0.000480
853.500000 0.000694
854.500000 0.000427
855.500000 0.000374
856.500000 0.000694
857.500000 0.000427
858.500000 0.000587
859.500000 0.000374
860.500000 0.000320
861.500000 0.000214
862.500000 0.000480
863.500000 0.000160
864.500000 0.000267
865.500000 0.000480
866.500000 0.000587
867.500000 0.000320
868.500000 0.000214
869.500000 0.000214
870.500000 0.000427
871.500000 0.000694
872.500000 0.000480
873.500000 0.000427
874.500000 0.000427
875.500000 0.000427
876.500000 0.000267
877.500000 0.000534
878.500000 0.000320
879.500000 0.000587
880.500000 0.000160
881.500000 0.000641
882.500000 0.000320
883.500000 0.000747
884.500000 0.000480
885.500000 0.000587
886.500000 0.000374
887.500000 0.000480
888.500000 0.000480
889.500000 0.000320
890.500000 0.000534
891.500000 0.000534
892.500000 0.000480
893.500000 0.000641
894.500000 0.000854
895.500000 0.000534
896.500000 0.000374
897.500000 0.000267
898.500000 0.000480
899.500000 0.000534
900.500000 0.000320
901.500000 0.000534
902.500000 0.000374
903.500000 0.000534
904.500000 0.000320
905.500000 0.000427
906.500000 0.000320
907.500000 0.000267
908.500000 0.000534
909.500000 0.000374
910.500000 0.000374
911.500000 0.000214
912.500000 0.000427
913.500000 0.000480
914.500000 0.000374
915.500000 0.000480
916.500000 0.000320
917.500000 0.000320
918.500000 0.000320
919.500000 0.000480
920.500000 0.000427
921.500000 0.000641
922.500000 0.000320
923.500000 0.000587
924.500000 0.000160
925.500000 0.000320
926.500000 0.000587
927.500000 0.000427
928.500000 0.000214
929.500000 0.000801
930.500000 0.000587
931.500000 0.000320
932.500000 0.000587
933.500000 0.000267
934.500000 0.000480
935.500000 0.000534
936.500000 0.000320
937.500000 0.000641
938.500000 0.000641
939.500000 0.000587
940.500000 0.000641
941.500000 0.000534
942.500000 0.000534
943.500000 0.000587
944.500000 0.000534
945.500000 0.000854
946.500000 0.000694
947.500000 0.000641
948.500000 0.000534
949.500000 0.000961
950.500000 0.000801
951.500000 0.001121
952.500000 0.001068
953.500000 0.000641
954.500000 0.000480
955.500000 0.000534
956.500000 0.000908
957.500000 0.000534
958.500000 0.000801
959.500000 0.000641
960.500000 0.000747
961.500000 0.000587
962.500000 0.000801
963.500000 0.000267
964.500000 0.000587
965.500000 0.000694
966.500000 0.000534
967.500000 0.000374
968.500000 0.000320
969.500000 0.000534
970.500000 0.000534
971.500000 0.000374
972.500000 0.000694
973.500000 0.000641
974.500000 0.000747
975.500000 0.000961
976.500000 0.000641
977.500000 0.000534
978.500000 0.000374
979.500000 0.000587
980.500000 0.000641
981.500000 0.000694
982.500000 0.000694
983.500000 0.000534
984.500000 0.000534
985.500000 0.000427
986.500000 0.000480
987.500000 0.000374
988.500000 0.001068
989.500000 0.000587
990.500000 0.000641
991.500000 0.000534
992.500000 0.000587
993.500000 0.000641
994.500000 0.000480
995.500000 0.000641
996.500000 0.000641
997.500000 0.000534
998.500000 0.000641
999.500000 0.000480
1000.500000 0.000694
1001.500000 0.000801
1002.500000 0.001014
1003.500000 0.000480
1004.500000 0.000427
1005.500000 0.000747
1006.500000 0.000534
1007.500000 0.000908
1008.500000 0.000427
1009.500000 0.000480
1010.500000 0.000801
1011.500000 0.000480
1012.500000 0.000801
1013.500000 0.000801
1014.500000 0.001121
1015.500000 0.000694
1016.500000 0.000694
1017.500000 0.000320
1018.500000 0.000587
1019.500000 0.000587
1020.500000 0.000694
1021.500000 0.000694
1022.500000 0.000747
1023.500000 0.000427
1024.500000 0.000427
1025.500000 0.000320
1026.500000 0.000267
1027.500000 0.000480
1028.500000 0.000534
1029.500000 0.000480
1030.500000 0.000320
1031.500000 0.000480
1032.500000 0.000587
1033.500000 0.000267
1034.500000 0.000427
1035.500000 0.000587
1036.500000 0.000587
1037.500000 0.000641
1038.500000 0.000320
1039.500000 0.000587
1040.500000 0.000480
1041.500000 0.000480
1042.500000 0.000427
1043.500000 0.000587
1044.500000 0.000534
1045.500000 0.000908
1046.500000 0.000587
1047.500000 0.000374
1048.500000 0.000694
1049.500000 0.000801
1050.500000 0.000587
1051.500000 0.000587
1052.500000 0.000480
1053.500000 0.000534
1054.500000 0.000267
1055.500000 0.000427
1056.500000 0.000801
1057.500000 0.000747
1058.500000 0.000747
1059.500000 0.000534
1060.500000 0.000641
1061.500000 0.000747
1062.500000 0.000641
1063.500000 0.000267
1064.500000 0.000480
1065.500000 0.000801
1066.500000 0.000427
1067.500000 0.000641
1068.500000 0.000374
1069.500000 0.000320
1070.500000 0.000427
1071.500000 0.000534
1072.500000 0.000427
1073.500000 0.000480
1074.500000 0.000480
1075.500000 0.000480
1076.500000 0.000747
1077.500000 0.000320
1078.500000 0.000427
1079.500000 0.000374
1080.500000 0.000320
1081.500000 0.000534
1082.500000 0.000427
1083.500000 0.000374
1084.500000 0.000374
1085.500000 0.000480
1086.500000 0.000320
1087.500000 0.000374
1088.500000 0.000320
1089.500000 0.000107
1090.500000 0.000267
1091.500000 0.000374
1092.500000 0.000427
1093.500000 0.000320
1094.500000 0.000320
1095.500000 0.000374
1096.500000 0.000320
1097.500000 0.000267
1098.500000 0.000427
1099.500000 0.000214
1100.500000 0.000374
1101.500000 0.000480
1102.500000 0.000534
1103.500000 0.000107
1104.500000 0.000214
1105.500000 0.000534
1106.500000 0.000374
1107.500000 0.000320
1108.500000 0.000214
1109.500000 0.000107
1110.500000 0.000267
1111.500000 0.000374
1112.500000 0.000267
1113.500000 0.000214
1114.500000 0.000107
1115.500000 0.000534
1116.500000 0.000214
1117.500000 0.000214
1118.500000 0.000267
1119.500000 0.000214
1120.500000 0.000160
1121.500000 0.000267
1122.500000 0.000320
1123.500000 0.000107
1124.500000 0.000320
1125.500000 0.000267
1126.500000 0.000160
1127.500000 0.000160
1128.500000 0.000267
1129.500000 0.000107
1130.500000 0.000160
1131.500000 0.000320
1132.500000 0.000267
1133.500000 0.000374
1134.500000 0.000053
1135.500000 0.000107
1136.500000 0.000374
1137.500000 0.000427
1138.500000 0.000374
1139.500000 0.000320
1140.500000 0.000160
1141.500000 0.000267
1142.500000 0.000267
1143.500000 0.000107
1144.500000 0.000267
1145.500000 0.000214
1146.500000 0.000374
1147.500000 0.000320
1148.500000 0.000107
1149.500000 0.000160
1150.500000 0.000320
1151.500000 0.000267
1152.500000 0.000214
1153.500000 0.000053
1154.500000 0.000214
1155.500000 0.000374
1156.500000 0.000107
1157.500000 0.000107
1158.500000 0.000214
1159.500000 0.000267
1160.500000 0.000320
1161.500000 0.000320
1162.500000 0.000160
1163.500000 0.000480
1164.500000 0.000427
1165.500000 0.000480
1166.500000 0.000587
1167.500000 0.000694
1168.500000 0.000480
1169.500000 0.000587
1170.500000 0.000587
1171.500000 0.000534
1172.500000 0.000480
1173.500000 0.000534
1174.500000 0.001014
1175.500000 0.000641
1176.500000 0.001495
1177.500000 0.001068
1178.500000 0.001655
1179.500000 0.001815
1180.500000 0.001708
1181.500000 0.002349
1182.500000 0.002509
1183.500000 0.002349
1184.500000 0.002509
1185.500000 0.002296
1186.500000 0.002723
1187.500000 0.002616
1188.500000 0.002349
1189.500000 0.004538
1190.500000 0.004484
1191.500000 0.003043
1192.500000 0.004057
1193.500000 0.005552
1194.500000 0.009182
1195.500000 0.009983
1196.500000 0.010463
1197.500000 0.009769
1198.500000 0.011104
1199.500000 0.011371
