0.000000 0.006236
1.000834 0.007096
2.001668 0.007798
3.002502 0.008296
4.003336 0.008564
5.004170 0.008603
6.005004 0.008434
7.005838 0.008096
8.006672 0.007636
9.007506 0.007101
10.008340 0.006535
11.009174 0.005969
12.010008 0.005430
13.010842 0.004932
14.011676 0.004483
15.012510 0.004085
16.013344 0.003736
17.014178 0.003434
18.015013 0.003172
19.015847 0.002946
20.016681 0.002751
21.017515 0.002581
22.018349 0.002432
23.019183 0.002300
24.020017 0.002182
25.020851 0.002076
26.021685 0.001979
27.022519 0.001891
28.023353 0.001812
29.024187 0.001742
30.025021 0.001680
31.025855 0.001626
32.026689 0.001581
33.027523 0.001542
34.028357 0.001510
35.029191 0.001483
36.030025 0.001460
37.030859 0.001439
38.031693 0.001420
39.032527 0.001403
40.033361 0.001387
41.034195 0.001373
42.035029 0.001360
43.035863 0.001348
44.036697 0.001336
45.037531 0.001324
46.038365 0.001311
47.039199 0.001294
48.040033 0.001274
49.040867 0.001249
50.041701 0.001219
51.042535 0.001185
52.043369 0.001149
53.044204 0.001110
54.045038 0.001071
55.045872 0.001033
56.046706 0.000996
57.047540 0.000962
58.048374 0.000930
59.049208 0.000902
60.050042 0.000876
61.050876 0.000852
62.051710 0.000831
63.052544 0.000812
64.053378 0.000796
65.054212 0.000783
66.055046 0.000772
67.055880 0.000764
68.056714 0.000758
69.057548 0.000754
70.058382 0.000751
71.059216 0.000748
72.060050 0.000745
73.060884 0.000743
74.061718 0.000742
75.062552 0.000741
76.063386 0.000742
77.064220 0.000743
78.065054 0.000744
79.065888 0.000746
80.066722 0.000746
81.067556 0.000745
82.068390 0.000742
83.069224 0.000736
84.070058 0.000728
85.070892 0.000717
86.071726 0.000704
87.072560 0.000688
88.073394 0.000672
89.074229 0.000654
90.075063 0.000636
91.075897 0.000617
92.076731 0.000598
93.077565 0.000578
94.078399 0.000558
95.079233 0.000538
96.080067 0.000518
97.080901 0.000497
98.081735 0.000476
99.082569 0.000454
100.083403 0.000432
101.084237 0.000409
102.085071 0.000387
103.085905 0.000364
104.086739 0.000343
105.087573 0.000322
106.088407 0.000303
107.089241 0.000286
108.090075 0.000271
109.090909 0.000257
110.091743 0.000246
111.092577 0.000238
112.093411 0.000232
113.094245 0.000227
114.095079 0.000225
115.095913 0.000225
116.096747 0.000225
117.097581 0.000226
118.098415 0.000228
119.099249 0.000229
120.100083 0.000229
121.100917 0.000229
122.101751 0.000229
123.102585 0.000228
124.103420 0.000228
125.104254 0.000228
126.105088 0.000228
127.105922 0.000229
128.106756 0.000230
129.107590 0.000232
130.108424 0.000233
131.109258 0.000233
132.110092 0.000233
133.110926 0.000233
134.111760 0.000231
135.112594 0.000230
136.113428 0.000228
137.114262 0.000226
138.115096 0.000225
139.115930 0.000225
140.116764 0.000225
141.117598 0.000226
142.118432 0.000229
143.119266 0.000232
144.120100 0.000236
145.120934 0.000241
146.121768 0.000247
147.122602 0.000253
148.123436 0.000260
149.124270 0.000266
150.125104 0.000272
151.125938 0.000277
152.126772 0.000283
153.127606 0.000287
154.128440 0.000292
155.129274 0.000297
156.130108 0.000303
157.130942 0.000310
158.131776 0.000320
159.132611 0.000332
160.133445 0.000346
161.134279 0.000362
162.135113 0.000379
163.135947 0.000396
164.136781 0.000413
165.137615 0.000429
166.138449 0.000443
167.139283 0.000455
168.140117 0.000466
169.140951 0.000475
170.141785 0.000483
171.142619 0.000490
172.143453 0.000497
173.144287 0.000505
174.145121 0.000513
175.145955 0.000521
176.146789 0.000531
177.147623 0.000541
178.148457 0.000552
179.149291 0.000563
180.150125 0.000573
181.150959 0.000583
182.151793 0.000592
183.152627 0.000601
184.153461 0.000608
185.154295 0.000615
186.155129 0.000622
187.155963 0.000628
188.156797 0.000633
189.157631 0.000637
190.158465 0.000640
191.159299 0.000642
192.160133 0.000641
193.160967 0.000639
194.161802 0.000634
195.162636 0.000627
196.163470 0.000618
197.164304 0.000608
198.165138 0.000597
199.165972 0.000585
200.166806 0.000573
201.167640 0.000562
202.168474 0.000551
203.169308 0.000541
204.170142 0.000532
205.170976 0.000524
206.171810 0.000516
207.172644 0.000510
208.173478 0.000503
209.174312 0.000496
210.175146 0.000488
211.175980 0.000479
212.176814 0.000469
213.177648 0.000458
214.178482 0.000446
215.179316 0.000434
216.180150 0.000421
217.180984 0.000409
218.181818 0.000396
219.182652 0.000384
220.183486 0.000373
221.184320 0.000362
222.185154 0.000352
223.185988 0.000342
224.186822 0.000335
225.187656 0.000328
226.188490 0.000322
227.189324 0.000318
228.190158 0.000314
229.190992 0.000310
230.191827 0.000306
231.192661 0.000302
232.193495 0.000297
233.194329 0.000292
234.195163 0.000287
235.195997 0.000282
236.196831 0.000277
237.197665 0.000272
238.198499 0.000268
239.199333 0.000265
240.200167 0.000262
241.201001 0.000260
242.201835 0.000258
243.202669 0.000256
244.203503 0.000254
245.204337 0.000252
246.205171 0.000249
247.206005 0.000247
248.206839 0.000245
249.207673 0.000243
250.208507 0.000241
251.209341 0.000239
252.210175 0.000238
253.211009 0.000236
254.211843 0.000235
255.212677 0.000233
256.213511 0.000231
257.214345 0.000229
258.215179 0.000225
259.216013 0.000221
260.216847 0.000217
261.217681 0.000212
262.218515 0.000208
263.219349 0.000205
264.220183 0.000203
265.221018 0.000201
266.221852 0.000199
267.222686 0.000198
268.223520 0.000197
269.224354 0.000196
270.225188 0.000194
271.226022 0.000192
272.226856 0.000189
273.227690 0.000186
274.228524 0.000182
275.229358 0.000179
276.230192 0.000176
277.231026 0.000173
278.231860 0.000170
279.232694 0.000167
280.233528 0.000164
281.234362 0.000161
282.235196 0.000158
283.236030 0.000156
284.236864 0.000154
285.237698 0.000153
286.238532 0.000153
287.239366 0.000153
288.240200 0.000153
289.241034 0.000153
290.241868 0.000154
291.242702 0.000155
292.243536 0.000157
293.244370 0.000159
294.245204 0.000162
295.246038 0.000166
296.246872 0.000169
297.247706 0.000172
298.248540 0.000174
299.249374 0.000174
300.250209 0.000173
301.251043 0.000171
302.251877 0.000168
303.252711 0.000164
304.253545 0.000160
305.254379 0.000156
306.255213 0.000152
307.256047 0.000149
308.256881 0.000147
309.257715 0.000146
310.258549 0.000146
311.259383 0.000146
312.260217 0.000147
313.261051 0.000149
314.261885 0.000151
315.262719 0.000152
316.263553 0.000154
317.264387 0.000154
318.265221 0.000155
319.266055 0.000154
320.266889 0.000153
321.267723 0.000152
322.268557 0.000150
323.269391 0.000148
324.270225 0.000146
325.271059 0.000144
326.271893 0.000142
327.272727 0.000140
328.273561 0.000139
329.274395 0.000138
330.275229 0.000138
331.276063 0.000138
332.276897 0.000138
333.277731 0.000139
334.278565 0.000140
335.279399 0.000141
336.280234 0.000141
337.281068 0.000141
338.281902 0.000141
339.282736 0.000140
340.283570 0.000139
341.284404 0.000138
342.285238 0.000137
343.286072 0.000135
344.286906 0.000134
345.287740 0.000134
346.288574 0.000133
347.289408 0.000133
348.290242 0.000132
349.291076 0.000132
350.291910 0.000132
351.292744 0.000132
352.293578 0.000132
353.294412 0.000132
354.295246 0.000131
355.296080 0.000131
356.296914 0.000130
357.297748 0.000129
358.298582 0.000128
359.299416 0.000128
360.300250 0.000127
361.301084 0.000127
362.301918 0.000128
363.302752 0.000129
364.303586 0.000131
365.304420 0.000133
366.305254 0.000136
367.306088 0.000139
368.306922 0.000142
369.307756 0.000145
370.308590 0.000147
371.309425 0.000150
372.310259 0.000152
373.311093 0.000154
374.311927 0.000157
375.312761 0.000159
376.313595 0.000161
377.314429 0.000164
378.315263 0.000167
379.316097 0.000169
380.316931 0.000172
381.317765 0.000174
382.318599 0.000176
383.319433 0.000179
384.320267 0.000181
385.321101 0.000184
386.321935 0.000186
387.322769 0.000189
388.323603 0.000192
389.324437 0.000195
390.325271 0.000198
391.326105 0.000200
392.326939 0.000202
393.327773 0.000202
394.328607 0.000203
395.329441 0.000202
396.330275 0.000201
397.331109 0.000199
398.331943 0.000197
399.332777 0.000196
400.333611 0.000194
401.334445 0.000192
402.335279 0.000190
403.336113 0.000188
404.336947 0.000185
405.337781 0.000183
406.338616 0.000182
407.339450 0.000180
408.340284 0.000180
409.341118 0.000180
410.341952 0.000182
411.342786 0.000184
412.343620 0.000188
413.344454 0.000191
414.345288 0.000195
415.346122 0.000199
416.346956 0.000202
417.347790 0.000205
418.348624 0.000208
419.349458 0.000209
420.350292 0.000211
421.351126 0.000213
422.351960 0.000214
423.352794 0.000216
424.353628 0.000218
425.354462 0.000221
426.355296 0.000223
427.356130 0.000227
428.356964 0.000230
429.357798 0.000233
430.358632 0.000236
431.359466 0.000239
432.360300 0.000242
433.361134 0.000245
434.361968 0.000247
435.362802 0.000250
436.363636 0.000252
437.364470 0.000254
438.365304 0.000257
439.366138 0.000259
440.366972 0.000261
441.367807 0.000263
442.368641 0.000266
443.369475 0.000268
444.370309 0.000271
445.371143 0.000274
446.371977 0.000278
447.372811 0.000281
448.373645 0.000285
449.374479 0.000288
450.375313 0.000291
451.376147 0.000295
452.376981 0.000299
453.377815 0.000303
454.378649 0.000307
455.379483 0.000313
456.380317 0.000319
457.381151 0.000326
458.381985 0.000335
459.382819 0.000345
460.383653 0.000356
461.384487 0.000370
462.385321 0.000385
463.386155 0.000403
464.386989 0.000423
465.387823 0.000445
466.388657 0.000469
467.389491 0.000495
468.390325 0.000522
469.391159 0.000550
470.391993 0.000579
471.392827 0.000610
472.393661 0.000642
473.394495 0.000677
474.395329 0.000714
475.396163 0.000754
476.396997 0.000797
477.397832 0.000842
478.398666 0.000891
479.399500 0.000943
480.400334 0.000998
481.401168 0.001055
482.402002 0.001117
483.402836 0.001181
484.403670 0.001249
485.404504 0.001319
486.405338 0.001391
487.406172 0.001463
488.407006 0.001534
489.407840 0.001601
490.408674 0.001664
491.409508 0.001721
492.410342 0.001770
493.411176 0.001809
494.412010 0.001839
495.412844 0.001858
496.413678 0.001864
497.414512 0.001858
498.415346 0.001837
499.416180 0.001803
500.417014 0.001757
501.417848 0.001699
502.418682 0.001631
503.419516 0.001557
504.420350 0.001477
505.421184 0.001394
506.422018 0.001308
507.422852 0.001222
508.423686 0.001135
509.424520 0.001049
510.425354 0.000964
511.426188 0.000881
512.427023 0.000802
513.427857 0.000729
514.428691 0.000661
515.429525 0.000600
516.430359 0.000546
517.431193 0.000499
518.432027 0.000457
519.432861 0.000421
520.433695 0.000388
521.434529 0.000358
522.435363 0.000330
523.436197 0.000305
524.437031 0.000282
525.437865 0.000261
526.438699 0.000242
527.439533 0.000226
528.440367 0.000213
529.441201 0.000202
530.442035 0.000193
531.442869 0.000186
532.443703 0.000180
533.444537 0.000176
534.445371 0.000172
535.446205 0.000169
536.447039 0.000166
537.447873 0.000162
538.448707 0.000158
539.449541 0.000154
540.450375 0.000149
541.451209 0.000145
542.452043 0.000140
543.452877 0.000136
544.453711 0.000132
545.454545 0.000128
546.455379 0.000124
547.456214 0.000121
548.457048 0.000116
549.457882 0.000112
550.458716 0.000107
551.459550 0.000103
552.460384 0.000098
553.461218 0.000093
554.462052 0.000088
555.462886 0.000084
556.463720 0.000081
557.464554 0.000078
558.465388 0.000076
559.466222 0.000074
560.467056 0.000073
561.467890 0.000072
562.468724 0.000071
563.469558 0.000071
564.470392 0.000071
565.471226 0.000072
566.472060 0.000072
567.472894 0.000073
568.473728 0.000074
569.474562 0.000075
570.475396 0.000077
571.476230 0.000078
572.477064 0.000078
573.477898 0.000079
574.478732 0.000078
575.479566 0.000078
576.480400 0.000077
577.481234 0.000075
578.482068 0.000073
579.482902 0.000070
580.483736 0.000067
581.484570 0.000064
582.485405 0.000061
583.486239 0.000059
584.487073 0.000056
585.487907 0.000054
586.488741 0.000053
587.489575 0.000051
588.490409 0.000051
589.491243 0.000051
590.492077 0.000052
591.492911 0.000052
592.493745 0.000054
593.494579 0.000055
594.495413 0.000056
595.496247 0.000057
596.497081 0.000058
597.497915 0.000059
598.498749 0.000060
599.499583 0.000062
600.500417 0.000063
601.501251 0.000064
602.502085 0.000066
603.502919 0.000068
604.503753 0.000070
605.504587 0.000071
606.505421 0.000073
607.506255 0.000075
608.507089 0.000076
609.507923 0.000078
610.508757 0.000079
611.509591 0.000080
612.510425 0.000081
613.511259 0.000083
614.512093 0.000084
615.512927 0.000085
616.513761 0.000086
617.514595 0.000087
618.515430 0.000087
619.516264 0.000087
620.517098 0.000087
621.517932 0.000086
622.518766 0.000084
623.519600 0.000082
624.520434 0.000081
625.521268 0.000079
626.522102 0.000078
627.522936 0.000078
628.523770 0.000078
629.524604 0.000080
630.525438 0.000082
631.526272 0.000085
632.527106 0.000088
633.527940 0.000092
634.528774 0.000095
635.529608 0.000098
636.530442 0.000100
637.531276 0.000102
638.532110 0.000103
639.532944 0.000105
640.533778 0.000107
641.534612 0.000109
642.535446 0.000113
643.536280 0.000118
644.537114 0.000124
645.537948 0.000131
646.538782 0.000138
647.539616 0.000146
648.540450 0.000154
649.541284 0.000162
650.542118 0.000169
651.542952 0.000176
652.543786 0.000182
653.544621 0.000188
654.545455 0.000195
655.546289 0.000202
656.547123 0.000209
657.547957 0.000218
658.548791 0.000228
659.549625 0.000239
660.550459 0.000250
661.551293 0.000264
662.552127 0.000278
663.552961 0.000293
664.553795 0.000310
665.554629 0.000329
666.555463 0.000349
667.556297 0.000370
668.557131 0.000394
669.557965 0.000420
670.558799 0.000447
671.559633 0.000478
672.560467 0.000511
673.561301 0.000547
674.562135 0.000587
675.562969 0.000631
676.563803 0.000679
677.564637 0.000731
678.565471 0.000788
679.566305 0.000851
680.567139 0.000919
681.567973 0.000994
682.568807 0.001076
683.569641 0.001165
684.570475 0.001263
685.571309 0.001369
686.572143 0.001485
687.572977 0.001611
688.573812 0.001749
689.574646 0.001900
690.575480 0.002067
691.576314 0.002251
692.577148 0.002452
693.577982 0.002668
694.578816 0.002895
695.579650 0.003126
696.580484 0.003350
697.581318 0.003554
698.582152 0.003726
699.582986 0.003854
700.583820 0.003929
701.584654 0.003944
702.585488 0.003899
703.586322 0.003799
704.587156 0.003651
705.587990 0.003464
706.588824 0.003252
707.589658 0.003023
708.590492 0.002789
709.591326 0.002558
710.592160 0.002335
711.592994 0.002124
712.593828 0.001930
713.594662 0.001754
714.595496 0.001596
715.596330 0.001457
716.597164 0.001335
717.597998 0.001230
718.598832 0.001140
719.599666 0.001063
720.600500 0.000997
721.601334 0.000942
722.602168 0.000895
723.603003 0.000856
724.603837 0.000823
725.604671 0.000795
726.605505 0.000773
727.606339 0.000755
728.607173 0.000741
729.608007 0.000730
730.608841 0.000721
731.609675 0.000714
732.610509 0.000707
733.611343 0.000701
734.612177 0.000695
735.613011 0.000689
736.613845 0.000683
737.614679 0.000678
738.615513 0.000674
739.616347 0.000672
740.617181 0.000672
741.618015 0.000675
742.618849 0.000680
743.619683 0.000687
744.620517 0.000695
745.621351 0.000705
746.622185 0.000715
747.623019 0.000726
748.623853 0.000737
749.624687 0.000748
750.625521 0.000760
751.626355 0.000772
752.627189 0.000785
753.628023 0.000798
754.628857 0.000812
755.629691 0.000825
756.630525 0.000839
757.631359 0.000853
758.632193 0.000866
759.633028 0.000880
760.633862 0.000895
761.634696 0.000909
762.635530 0.000924
763.636364 0.000940
764.637198 0.000956
765.638032 0.000972
766.638866 0.000988
767.639700 0.001006
768.640534 0.001023
769.641368 0.001042
770.642202 0.001061
771.643036 0.001080
772.643870 0.001099
773.644704 0.001117
774.645538 0.001134
775.646372 0.001150
776.647206 0.001165
777.648040 0.001180
778.648874 0.001195
779.649708 0.001210
780.650542 0.001227
781.651376 0.001244
782.652210 0.001263
783.653044 0.001282
784.653878 0.001299
785.654712 0.001315
786.655546 0.001328
787.656380 0.001337
788.657214 0.001342
789.658048 0.001342
790.658882 0.001338
791.659716 0.001329
792.660550 0.001318
793.661384 0.001305
794.662219 0.001291
795.663053 0.001277
796.663887 0.001265
797.664721 0.001253
798.665555 0.001244
799.666389 0.001236
800.667223 0.001229
801.668057 0.001222
802.668891 0.001213
803.669725 0.001203
804.670559 0.001190
805.671393 0.001175
806.672227 0.001156
807.673061 0.001136
808.673895 0.001113
809.674729 0.001090
810.675563 0.001066
811.676397 0.001042
812.677231 0.001017
813.678065 0.000992
814.678899 0.000966
815.679733 0.000939
816.680567 0.000912
817.681401 0.000886
818.682235 0.000862
819.683069 0.000839
820.683903 0.000820
821.684737 0.000802
822.685571 0.000787
823.686405 0.000774
824.687239 0.000763
825.688073 0.000751
826.688907 0.000740
827.689741 0.000728
828.690575 0.000717
829.691410 0.000705
830.692244 0.000694
831.693078 0.000684
832.693912 0.000675
833.694746 0.000667
834.695580 0.000659
835.696414 0.000652
836.697248 0.000645
837.698082 0.000638
838.698916 0.000631
839.699750 0.000624
840.700584 0.000617
841.701418 0.000609
842.702252 0.000601
843.703086 0.000593
844.703920 0.000585
845.704754 0.000577
846.705588 0.000570
847.706422 0.000564
848.707256 0.000559
849.708090 0.000557
850.708924 0.000556
851.709758 0.000556
852.710592 0.000558
853.711426 0.000559
854.712260 0.000560
855.713094 0.000560
856.713928 0.000558
857.714762 0.000555
858.715596 0.000550
859.716430 0.000544
860.717264 0.000536
861.718098 0.000528
862.718932 0.000520
863.719766 0.000512
864.720601 0.000504
865.721435 0.000497
866.722269 0.000491
867.723103 0.000485
868.723937 0.000480
869.724771 0.000476
870.725605 0.000473
871.726439 0.000470
872.727273 0.000468
873.728107 0.000468
874.728941 0.000468
875.729775 0.000470
876.730609 0.000472
877.731443 0.000475
878.732277 0.000477
879.733111 0.000479
880.733945 0.000481
881.734779 0.000482
882.735613 0.000482
883.736447 0.000483
884.737281 0.000483
885.738115 0.000483
886.738949 0.000484
887.739783 0.000486
888.740617 0.000488
889.741451 0.000492
890.742285 0.000496
891.743119 0.000501
892.743953 0.000506
893.744787 0.000510
894.745621 0.000515
895.746455 0.000518
896.747289 0.000520
897.748123 0.000520
898.748957 0.000520
899.749791 0.000519
900.750626 0.000518
901.751460 0.000517
902.752294 0.000517
903.753128 0.000518
904.753962 0.000520
905.754796 0.000523
906.755630 0.000526
907.756464 0.000529
908.757298 0.000532
909.758132 0.000534
910.758966 0.000535
911.759800 0.000535
912.760634 0.000533
913.761468 0.000532
914.762302 0.000529
915.763136 0.000527
916.763970 0.000526
917.764804 0.000525
918.765638 0.000525
919.766472 0.000526
920.767306 0.000528
921.768140 0.000530
922.768974 0.000532
923.769808 0.000534
924.770642 0.000536
925.771476 0.000538
926.772310 0.000540
927.773144 0.000541
928.773978 0.000543
929.774812 0.000545
930.775646 0.000548
931.776480 0.000550
932.777314 0.000553
933.778148 0.000557
934.778982 0.000560
935.779817 0.000563
936.780651 0.000566
937.781485 0.000570
938.782319 0.000574
939.783153 0.000578
940.783987 0.000583
941.784821 0.000589
942.785655 0.000595
943.786489 0.000600
944.787323 0.000605
945.788157 0.000610
946.788991 0.000613
947.789825 0.000614
948.790659 0.000614
949.791493 0.000611
950.792327 0.000606
951.793161 0.000599
952.793995 0.000590
953.794829 0.000578
954.795663 0.000566
955.796497 0.000553
956.797331 0.000540
957.798165 0.000527
958.798999 0.000514
959.799833 0.000503
960.800667 0.000492
961.801501 0.000482
962.802335 0.000473
963.803169 0.000465
964.804003 0.000458
965.804837 0.000451
966.805671 0.000445
967.806505 0.000439
968.807339 0.000433
969.808173 0.000428
970.809008 0.000422
971.809842 0.000417
972.810676 0.000412
973.811510 0.000407
974.812344 0.000402
975.813178 0.000397
976.814012 0.000392
977.814846 0.000387
978.815680 0.000384
979.816514 0.000380
980.817348 0.000378
981.818182 0.000376
982.819016 0.000374
983.819850 0.000372
984.820684 0.000370
985.821518 0.000367
986.822352 0.000362
987.823186 0.000357
988.824020 0.000352
989.824854 0.000346
990.825688 0.000340
991.826522 0.000334
992.827356 0.000329
993.828190 0.000325
994.829024 0.000322
995.829858 0.000320
996.830692 0.000317
997.831526 0.000315
998.832360 0.000313
999.833194 0.000311
1000.834028 0.000309
1001.834862 0.000307
1002.835696 0.000305
1003.836530 0.000304
1004.837364 0.000303
1005.838198 0.000302
1006.839033 0.000303
1007.839867 0.000304
1008.840701 0.000305
1009.841535 0.000307
1010.842369 0.000309
1011.843203 0.000310
1012.844037 0.000311
1013.844871 0.000311
1014.845705 0.000310
1015.846539 0.000308
1016.847373 0.000305
1017.848207 0.000302
1018.849041 0.000298
1019.849875 0.000293
1020.850709 0.000288
1021.851543 0.000284
1022.852377 0.000279
1023.853211 0.000275
1024.854045 0.000271
1025.854879 0.000267
1026.855713 0.000263
1027.856547 0.000260
1028.857381 0.000257
1029.858215 0.000255
1030.859049 0.000254
1031.859883 0.000254
1032.860717 0.000254
1033.861551 0.000256
1034.862385 0.000259
1035.863219 0.000263
1036.864053 0.000267
1037.864887 0.000272
1038.865721 0.000276
1039.866555 0.000281
1040.867389 0.000284
1041.868224 0.000286
1042.869058 0.000287
1043.869892 0.000288
1044.870726 0.000287
1045.871560 0.000287
1046.872394 0.000286
1047.873228 0.000286
1048.874062 0.000285
1049.874896 0.000285
1050.875730 0.000284
1051.876564 0.000284
1052.877398 0.000283
1053.878232 0.000281
1054.879066 0.000279
1055.879900 0.000278
1056.880734 0.000276
1057.881568 0.000276
1058.882402 0.000276
1059.883236 0.000278
1060.884070 0.000282
1061.884904 0.000286
1062.885738 0.000292
1063.886572 0.000299
1064.887406 0.000306
1065.888240 0.000313
1066.889074 0.000321
1067.889908 0.000327
1068.890742 0.000333
1069.891576 0.000338
1070.892410 0.000340
1071.893244 0.000342
1072.894078 0.000341
1073.894912 0.000339
1074.895746 0.000336
1075.896580 0.000332
1076.897415 0.000326
1077.898249 0.000320
1078.899083 0.000314
1079.899917 0.000308
1080.900751 0.000303
1081.901585 0.000298
1082.902419 0.000294
1083.903253 0.000290
1084.904087 0.000287
1085.904921 0.000283
1086.905755 0.000280
1087.906589 0.000276
1088.907423 0.000271
1089.908257 0.000267
1090.909091 0.000262
1091.909925 0.000258
1092.910759 0.000254
1093.911593 0.000251
1094.912427 0.000248
1095.913261 0.000246
1096.914095 0.000243
1097.914929 0.000242
1098.915763 0.000240
1099.916597 0.000238
1100.917431 0.000237
1101.918265 0.000237
1102.919099 0.000237
1103.919933 0.000239
1104.920767 0.000240
1105.921601 0.000242
1106.922435 0.000244
1107.923269 0.000245
1108.924103 0.000244
1109.924937 0.000243
1110.925771 0.000241
1111.926606 0.000237
1112.927440 0.000234
1113.928274 0.000230
1114.929108 0.000226
1115.929942 0.000223
1116.930776 0.000222
1117.931610 0.000221
1118.932444 0.000221
1119.933278 0.000222
1120.934112 0.000224
1121.934946 0.000225
1122.935780 0.000226
1123.936614 0.000227
1124.937448 0.000228
1125.938282 0.000228
1126.939116 0.000229
1127.939950 0.000230
1128.940784 0.000231
1129.941618 0.000232
1130.942452 0.000234
1131.943286 0.000237
1132.944120 0.000239
1133.944954 0.000242
1134.945788 0.000243
1135.946622 0.000245
1136.947456 0.000246
1137.948290 0.000246
1138.949124 0.000246
1139.949958 0.000246
1140.950792 0.000246
1141.951626 0.000247
1142.952460 0.000248
1143.953294 0.000251
1144.954128 0.000254
1145.954962 0.000258
1146.955796 0.000263
1147.956631 0.000269
1148.957465 0.000276
1149.958299 0.000283
1150.959133 0.000290
1151.959967 0.000298
1152.960801 0.000306
1153.961635 0.000315
1154.962469 0.000326
1155.963303 0.000338
1156.964137 0.000353
1157.964971 0.000371
1158.965805 0.000393
1159.966639 0.000418
1160.967473 0.000448
1161.968307 0.000482
1162.969141 0.000520
1163.969975 0.000564
1164.970809 0.000613
1165.971643 0.000669
1166.972477 0.000730
1167.973311 0.000801
1168.974145 0.000881
1169.974979 0.000974
1170.975813 0.001084
1171.976647 0.001214
1172.977481 0.001369
1173.978315 0.001553
1174.979149 0.001771
1175.979983 0.002028
1176.980817 0.002328
1177.981651 0.002674
1178.982485 0.003071
1179.983319 0.003521
1180.984153 0.004029
1181.984987 0.004596
1182.985822 0.005226
1183.986656 0.005921
1184.987490 0.006685
1185.988324 0.007515
1186.989158 0.008407
1187.989992 0.009348
1188.990826 0.010315
1189.991660 0.011271
1190.992494 0.012166
1191.993328 0.012940
1192.994162 0.013524
1193.994996 0.013850
1194.995830 0.013860
1195.996664 0.013518
1196.997498 0.012820
1197.998332 0.011795
1198.999166 0.010506
1200.000000 0.009043
