0.500000 0.039257
1.500000 0.028349
2.500000 0.018880
3.500000 0.013887
4.500000 0.010577
5.500000 0.008462
6.500000 0.007094
7.500000 0.005641
8.500000 0.004806
9.500000 0.004475
10.500000 0.003425
11.500000 0.003310
12.500000 0.002432
13.500000 0.002403
14.500000 0.001957
15.500000 0.001597
16.500000 0.001396
17.500000 0.001194
18.500000 0.001180
19.500000 0.001525
20.500000 0.001137
21.500000 0.001022
22.500000 0.000705
23.500000 0.001007
24.500000 0.000935
25.500000 0.000878
26.500000 0.000720
27.500000 0.000720
28.500000 0.000907
29.500000 0.000633
30.500000 0.000518
31.500000 0.000547
32.500000 0.000604
33.500000 0.000662
34.500000 0.000561
35.500000 0.000532
36.500000 0.000777
37.500000 0.000446
38.500000 0.000504
39.500000 0.000489
40.500000 0.000547
41.500000 0.000475
42.500000 0.000662
43.500000 0.000504
44.500000 0.000777
45.500000 0.000403
46.500000 0.000504
47.500000 0.000489
48.500000 0.000576
49.500000 0.000374
50.500000 0.000518
51.500000 0.000720
52.500000 0.000417
53.500000 0.000532
54.500000 0.000389
55.500000 0.000662
56.500000 0.000518
57.500000 0.000504
58.500000 0.000489
59.500000 0.000633
60.500000 0.000648
61.500000 0.000648
62.500000 0.000633
63.500000 0.000648
64.500000 0.000518
65.500000 0.000547
66.500000 0.000734
67.500000 0.000619
68.500000 0.000590
69.500000 0.000547
70.500000 0.000691
71.500000 0.000590
72.500000 0.000705
73.500000 0.000590
74.500000 0.000619
75.500000 0.000748
76.500000 0.000820
77.500000 0.000863
78.500000 0.000835
79.500000 0.000950
80.500000 0.000791
81.500000 0.000863
82.500000 0.001180
83.500000 0.000907
84.500000 0.001166
85.500000 0.000993
86.500000 0.001122
87.500000 0.001295
88.500000 0.001094
89.500000 0.001122
90.500000 0.001525
91.500000 0.001324
92.500000 0.001238
93.500000 0.001612
94.500000 0.001856
95.500000 0.001727
96.500000 0.001914
97.500000 0.001583
98.500000 0.001569
99.500000 0.001842
100.500000 0.001209
101.500000 0.000907
102.500000 0.000979
103.500000 0.001050
104.500000 0.000619
105.500000 0.000576
106.500000 0.000676
107.500000 0.000748
108.500000 0.000763
109.500000 0.000777
110.500000 0.000993
111.500000 0.000979
112.500000 0.000892
113.500000 0.000561
114.500000 0.000662
115.500000 0.000590
116.500000 0.000662
117.500000 0.000648
118.500000 0.000374
119.500000 0.000532
120.500000 0.000518
121.500000 0.000460
122.500000 0.000403
123.500000 0.000345
124.500000 0.000273
125.500000 0.000273
126.500000 0.000259
127.500000 0.000201
128.500000 0.000259
129.500000 0.000259
130.500000 0.000216
131.500000 0.000173
132.500000 0.000216
133.500000 0.000245
134.500000 0.000216
135.500000 0.000173
136.500000 0.000187
137.500000 0.000130
138.500000 0.000086
139.500000 0.000216
140.500000 0.000187
141.500000 0.000216
142.500000 0.000086
143.500000 0.000230
144.500000 0.000144
145.500000 0.000144
146.500000 0.000072
147.500000 0.000158
148.500000 0.000158
149.500000 0.000130
150.500000 0.000130
151.500000 0.000115
152.500000 0.000086
153.500000 0.000173
154.500000 0.000115
155.500000 0.000086
156.500000 0.000158
157.500000 0.000144
158.500000 0.000115
159.500000 0.000187
160.500000 0.000144
161.500000 0.000173
162.500000 0.000317
163.500000 0.000201
164.500000 0.000187
165.500000 0.000101
166.500000 0.000158
167.500000 0.000302
168.500000 0.000173
169.500000 0.000345
170.500000 0.000259
171.500000 0.000245
172.500000 0.000273
173.500000 0.000230
174.500000 0.000302
175.500000 0.000360
176.500000 0.000302
177.500000 0.000389
178.500000 0.000230
179.500000 0.000216
180.500000 0.000360
181.500000 0.000187
182.500000 0.000288
183.500000 0.000403
184.500000 0.000432
185.500000 0.000504
186.500000 0.000245
187.500000 0.000288
188.500000 0.000259
189.500000 0.000374
190.500000 0.000389
191.500000 0.000504
192.500000 0.000432
193.500000 0.000590
194.500000 0.000389
195.500000 0.000475
196.500000 0.000389
197.500000 0.000547
198.500000 0.000518
199.500000 0.000374
200.500000 0.000417
201.500000 0.000576
202.500000 0.000547
203.500000 0.000489
204.500000 0.000561
205.500000 0.000532
206.500000 0.000576
207.500000 0.000590
208.500000 0.000518
209.500000 0.000446
210.500000 0.000576
211.500000 0.000432
212.500000 0.000460
213.500000 0.000504
214.500000 0.000576
215.500000 0.000475
216.500000 0.000417
217.500000 0.000317
218.500000 0.000345
219.500000 0.000345
220.500000 0.000230
221.500000 0.000403
222.500000 0.000302
223.500000 0.000288
224.500000 0.000345
225.500000 0.000302
226.500000 0.000417
227.500000 0.000389
228.500000 0.000187
229.500000 0.000245
230.500000 0.000417
231.500000 0.000230
232.500000 0.000245
233.500000 0.000259
234.500000 0.000288
235.500000 0.000259
236.500000 0.000187
237.500000 0.000288
238.500000 0.000389
239.500000 0.000345
240.500000 0.000187
241.500000 0.000216
242.500000 0.000273
243.500000 0.000360
244.500000 0.000187
245.500000 0.000230
246.500000 0.000230
247.500000 0.000201
248.500000 0.000273
249.500000 0.000115
250.500000 0.000230
251.500000 0.000187
252.500000 0.000259
253.500000 0.000187
254.500000 0.000173
255.500000 0.000273
256.500000 0.000259
257.500000 0.000201
258.500000 0.000187
259.500000 0.000230
260.500000 0.000245
261.500000 0.000144
262.500000 0.000245
263.500000 0.000201
264.500000 0.000230
265.500000 0.000086
266.500000 0.000158
267.500000 0.000173
268.500000 0.000187
269.500000 0.000144
270.500000 0.000187
271.500000 0.000173
272.500000 0.000187
273.500000 0.000144
274.500000 0.000115
275.500000 0.000101
276.500000 0.000130
277.500000 0.000259
278.500000 0.000144
279.500000 0.000158
280.500000 0.000058
281.500000 0.000158
282.500000 0.000130
283.500000 0.000187
284.500000 0.000173
285.500000 0.000072
286.500000 0.000187
287.500000 0.000230
288.500000 0.000058
289.500000 0.000144
290.500000 0.000173
291.500000 0.000144
292.500000 0.000187
293.500000 0.000144
294.500000 0.000259
295.500000 0.000072
296.500000 0.000115
297.500000 0.000101
298.500000 0.000101
299.500000 0.000101
300.500000 0.000130
301.500000 0.000115
302.500000 0.000144
303.500000 0.000144
304.500000 0.000058
305.500000 0.000158
306.500000 0.000130
307.500000 0.000144
308.500000 0.000072
309.500000 0.000072
310.500000 0.000058
311.500000 0.000101
312.500000 0.000158
313.500000 0.000086
314.500000 0.000086
315.500000 0.000086
316.500000 0.000101
317.500000 0.000072
318.500000 0.000072
319.500000 0.000072
320.500000 0.000130
321.500000 0.000101
322.500000 0.000058
323.500000 0.000072
324.500000 0.000086
325.500000 0.000115
326.500000 0.000130
327.500000 0.000115
328.500000 0.000101
329.500000 0.000029
330.500000 0.000115
331.500000 0.000086
332.500000 0.000072
333.500000 0.000072
334.500000 0.000029
335.500000 0.000072
336.500000 0.000115
337.500000 0.000101
338.500000 0.000115
339.500000 0.000086
340.500000 0.000101
341.500000 0.000043
342.500000 0.000058
343.500000 0.000101
344.500000 0.000058
345.500000 0.000058
346.500000 0.000043
347.500000 0.000043
348.500000 0.000029
349.500000 0.000115
350.500000 0.000086
351.500000 0.000058
352.500000 0.000101
353.500000 0.000029
354.500000 0.000086
355.500000 0.000029
356.500000 0.000101
357.500000 0.000014
358.500000 0.000086
359.500000 0.000014
360.500000 0.000043
361.500000 0.000115
362.500000 0.000058
363.500000 0.000043
364.500000 0.000072
365.500000 0.000058
366.500000 0.000058
367.500000 0.000072
368.500000 0.000043
369.500000 0.000101
370.500000 0.000072
371.500000 0.000029
372.500000 0.000043
373.500000 0.000072
374.500000 0.000058
375.500000 0.000072
376.500000 0.000029
377.500000 0.000072
378.500000 0.000014
379.500000 0.000058
380.500000 0.000058
381.500000 0.000058
382.500000 0.000058
383.500000 0.000043
384.500000 0.000029
385.500000 0.000043
386.500000 0.000130
387.500000 0.000029
388.500000 0.000058
389.500000 0.000043
390.500000 0.000014
391.500000 0.000014
392.500000 0.000000
393.500000 0.000014
394.500000 0.000043
395.500000 0.000029
396.500000 0.000014
397.500000 0.000029
398.500000 0.000101
399.500000 0.000058
400.500000 0.000043
401.500000 0.000043
402.500000 0.000029
403.500000 0.000058
404.500000 0.000101
405.500000 0.000043
406.500000 0.000058
407.500000 0.000029
408.500000 0.000043
409.500000 0.000043
410.500000 0.000029
411.500000 0.000072
412.500000 0.000058
413.500000 0.000058
414.500000 0.000014
415.500000 0.000043
416.500000 0.000043
417.500000 0.000058
418.500000 0.000086
419.500000 0.000101
420.500000 0.000058
421.500000 0.000072
422.500000 0.000043
423.500000 0.000072
424.500000 0.000058
425.500000 0.000058
426.500000 0.000086
427.500000 0.000014
428.500000 0.000086
429.500000 0.000086
430.500000 0.000072
431.500000 0.000072
432.500000 0.000187
433.500000 0.000072
434.500000 0.000086
435.500000 0.000058
436.500000 0.000115
437.500000 0.000144
438.500000 0.000058
439.500000 0.000086
440.500000 0.000115
441.500000 0.000058
442.500000 0.000072
443.500000 0.000072
444.500000 0.000130
445.500000 0.000072
446.500000 0.000058
447.500000 0.000072
448.500000 0.000115
449.500000 0.000101
450.500000 0.000101
451.500000 0.000072
452.500000 0.000043
453.500000 0.000173
454.500000 0.000115
455.500000 0.000101
456.500000 0.000173
457.500000 0.000058
458.500000 0.000101
459.500000 0.000187
460.500000 0.000144
461.500000 0.000173
462.500000 0.000144
463.500000 0.000144
464.500000 0.000245
465.500000 0.000230
466.500000 0.000259
467.500000 0.000288
468.500000 0.000173
469.500000 0.000389
470.500000 0.000317
471.500000 0.000173
472.500000 0.000201
473.500000 0.000317
474.500000 0.000547
475.500000 0.000417
476.500000 0.000360
477.500000 0.000403
478.500000 0.000532
479.500000 0.000691
480.500000 0.000777
481.500000 0.000604
482.500000 0.000748
483.500000 0.000993
484.500000 0.000878
485.500000 0.001612
486.500000 0.001597
487.500000 0.002130
488.500000 0.002274
489.500000 0.002245
490.500000 0.002849
491.500000 0.002936
492.500000 0.002633
493.500000 0.002878
494.500000 0.002446
495.500000 0.002792
496.500000 0.002259
497.500000 0.002302
498.500000 0.002734
499.500000 0.003065
500.500000 0.003929
501.500000 0.003482
502.500000 0.002849
503.500000 0.003108
504.500000 0.002835
505.500000 0.001597
506.500000 0.001223
507.500000 0.001065
508.500000 0.001022
509.500000 0.000532
510.500000 0.000590
511.500000 0.000446
512.500000 0.000331
513.500000 0.000489
514.500000 0.000403
515.500000 0.000259
516.500000 0.000259
517.500000 0.000230
518.500000 0.000345
519.500000 0.000273
520.500000 0.000201
521.500000 0.000173
522.500000 0.000115
523.500000 0.000230
524.500000 0.000101
525.500000 0.000245
526.500000 0.000158
527.500000 0.000086
528.500000 0.000072
529.500000 0.000115
530.500000 0.000158
531.500000 0.000130
532.500000 0.000130
533.500000 0.000144
534.500000 0.000187
535.500000 0.000130
536.500000 0.000086
537.500000 0.000101
538.500000 0.000058
539.500000 0.000086
540.500000 0.000043
541.500000 0.000058
542.500000 0.000072
543.500000 0.000058
544.500000 0.000115
545.500000 0.000115
546.500000 0.000130
547.500000 0.000115
548.500000 0.000072
549.500000 0.000101
550.500000 0.000058
551.500000 0.000029
552.500000 0.000029
553.500000 0.000000
554.500000 0.000043
555.500000 0.000029
556.500000 0.000043
557.500000 0.000029
558.500000 0.000043
559.500000 0.000029
560.500000 0.000014
561.500000 0.000014
562.500000 0.000014
563.500000 0.000058
564.500000 0.000000
565.500000 0.000058
566.500000 0.000043
567.500000 0.000029
568.500000 0.000043
569.500000 0.000058
570.500000 0.000043
571.500000 0.000029
572.500000 0.000014
573.500000 0.000058
574.500000 0.000043
575.500000 0.000000
576.500000 0.000029
577.500000 0.000058
578.500000 0.000043
579.500000 0.000014
580.500000 0.000058
581.500000 0.000043
582.500000 0.000000
583.500000 0.000043
584.500000 0.000014
585.500000 0.000029
586.500000 0.000029
587.500000 0.000058
588.500000 0.000043
589.500000 0.000029
590.500000 0.000058
591.500000 0.000058
592.500000 0.000000
593.500000 0.000000
594.500000 0.000014
595.500000 0.000014
596.500000 0.000014
597.500000 0.000000
598.500000 0.000000
599.500000 0.000000
600.500000 0.000000
601.500000 0.000014
602.500000 0.000014
603.500000 0.000072
604.500000 0.000043
605.500000 0.000058
606.500000 0.000043
607.500000 0.000029
608.500000 0.000043
609.500000 0.000029
610.500000 0.000043
611.500000 0.000029
612.500000 0.000014
613.500000 0.000086
614.500000 0.000014
615.500000 0.000029
616.500000 0.000029
617.500000 0.000043
618.500000 0.000058
619.500000 0.000072
620.500000 0.000058
621.500000 0.000058
622.500000 0.000014
623.500000 0.000014
624.500000 0.000014
625.500000 0.000043
626.500000 0.000029
627.500000 0.000043
628.500000 0.000029
629.500000 0.000014
630.500000 0.000014
631.500000 0.000029
632.500000 0.000014
633.500000 0.000058
634.500000 0.000043
635.500000 0.000000
636.500000 0.000029
637.500000 0.000086
638.500000 0.000014
639.500000 0.000043
640.500000 0.000101
641.500000 0.000029
642.500000 0.000043
643.500000 0.000043
644.500000 0.000058
645.500000 0.000086
646.500000 0.000072
647.500000 0.000014
648.500000 0.000029
649.500000 0.000029
650.500000 0.000043
651.500000 0.000101
652.500000 0.000043
653.500000 0.000058
654.500000 0.000043
655.500000 0.000000
656.500000 0.000029
657.500000 0.000014
658.500000 0.000072
659.500000 0.000072
660.500000 0.000058
661.500000 0.000101
662.500000 0.000130
663.500000 0.000101
664.500000 0.000058
665.500000 0.000230
666.500000 0.000245
667.500000 0.000216
668.500000 0.000158
669.500000 0.000273
670.500000 0.000216
671.500000 0.000288
672.500000 0.000288
673.500000 0.000403
674.500000 0.000317
675.500000 0.000489
676.500000 0.000331
677.500000 0.000403
678.500000 0.000489
679.500000 0.000360
680.500000 0.000374
681.500000 0.000619
682.500000 0.000676
683.500000 0.000763
684.500000 0.001223
685.500000 0.001367
686.500000 0.001482
687.500000 0.001871
688.500000 0.001856
689.500000 0.002518
690.500000 0.002792
691.500000 0.003094
692.500000 0.003151
693.500000 0.003295
694.500000 0.003828
695.500000 0.004317
696.500000 0.004001
697.500000 0.004303
698.500000 0.004072
699.500000 0.003684
700.500000 0.004331
701.500000 0.003670
702.500000 0.002633
703.500000 0.001712
704.500000 0.001238
705.500000 0.001094
706.500000 0.000950
707.500000 0.000748
708.500000 0.000863
709.500000 0.000763
710.500000 0.000648
711.500000 0.000547
712.500000 0.000648
713.500000 0.000590
714.500000 0.000432
715.500000 0.000345
716.500000 0.000403
717.500000 0.000475
718.500000 0.000432
719.500000 0.000489
720.500000 0.000345
721.500000 0.000317
722.500000 0.000374
723.500000 0.000489
724.500000 0.000360
725.500000 0.000417
726.500000 0.000446
727.500000 0.000360
728.500000 0.000374
729.500000 0.000518
730.500000 0.000489
731.500000 0.000518
732.500000 0.000446
733.500000 0.000403
734.500000 0.000374
735.500000 0.000345
736.500000 0.000417
737.500000 0.000576
738.500000 0.000288
739.500000 0.000532
740.500000 0.000518
741.500000 0.000317
742.500000 0.000475
743.500000 0.000504
744.500000 0.000518
745.500000 0.000561
746.500000 0.000604
747.500000 0.000763
748.500000 0.000389
749.500000 0.000475
750.500000 0.000518
751.500000 0.000734
752.500000 0.000662
753.500000 0.000604
754.500000 0.000446
755.500000 0.000460
756.500000 0.000748
757.500000 0.000590
758.500000 0.000576
759.500000 0.000532
760.500000 0.000576
761.500000 0.000705
762.500000 0.000489
763.500000 0.000576
764.500000 0.000648
765.500000 0.000720
766.500000 0.000633
767.500000 0.000691
768.500000 0.000835
769.500000 0.000734
770.500000 0.000979
771.500000 0.000892
772.500000 0.000863
773.500000 0.000835
774.500000 0.000806
775.500000 0.001079
776.500000 0.000835
777.500000 0.001108
778.500000 0.000648
779.500000 0.000979
780.500000 0.001079
781.500000 0.001338
782.500000 0.000964
783.500000 0.001137
784.500000 0.001194
785.500000 0.001482
786.500000 0.001324
787.500000 0.001338
788.500000 0.001238
789.500000 0.001338
790.500000 0.001597
791.500000 0.001324
792.500000 0.001166
793.500000 0.000979
794.500000 0.001050
795.500000 0.001007
796.500000 0.001238
797.500000 0.001281
798.500000 0.001295
799.500000 0.001353
800.500000 0.001223
801.500000 0.001108
802.500000 0.001036
803.500000 0.001252
804.500000 0.000950
805.500000 0.000979
806.500000 0.000849
807.500000 0.000691
808.500000 0.000604
809.500000 0.000504
810.500000 0.000763
811.500000 0.000950
812.500000 0.000791
813.500000 0.001007
814.500000 0.000849
815.500000 0.000691
816.500000 0.000935
817.500000 0.000403
818.500000 0.000576
819.500000 0.000532
820.500000 0.000446
821.500000 0.000403
822.500000 0.000576
823.500000 0.000504
824.500000 0.000302
825.500000 0.000403
826.500000 0.000389
827.500000 0.000345
828.500000 0.000201
829.500000 0.000331
830.500000 0.000374
831.500000 0.000273
832.500000 0.000403
833.500000 0.000345
834.500000 0.000432
835.500000 0.000331
836.500000 0.000345
837.500000 0.000158
838.500000 0.000345
839.500000 0.000230
840.500000 0.000201
841.500000 0.000130
842.500000 0.000201
843.500000 0.000216
844.500000 0.000144
845.500000 0.000187
846.500000 0.000158
847.500000 0.000216
848.500000 0.000374
849.500000 0.000216
850.500000 0.000230
851.500000 0.000331
852.500000 0.000173
853.500000 0.000201
854.500000 0.000230
855.500000 0.000201
856.500000 0.000201
857.500000 0.000345
858.500000 0.000245
859.500000 0.000302
860.500000 0.000230
861.500000 0.000273
862.500000 0.000201
863.500000 0.000230
864.500000 0.000201
865.500000 0.000273
866.500000 0.000331
867.500000 0.000245
868.500000 0.000245
869.500000 0.000417
870.500000 0.000273
871.500000 0.000360
872.500000 0.000216
873.500000 0.000389
874.500000 0.000259
875.500000 0.000389
876.500000 0.000216
877.500000 0.000432
878.500000 0.000259
879.500000 0.000374
880.500000 0.000288
881.500000 0.000331
882.500000 0.000317
883.500000 0.000259
884.500000 0.000259
885.500000 0.000273
886.500000 0.000417
887.500000 0.000288
888.500000 0.000302
889.500000 0.000187
890.500000 0.000259
891.500000 0.000273
892.500000 0.000475
893.500000 0.000259
894.500000 0.000273
895.500000 0.000331
896.500000 0.000273
897.500000 0.000273
898.500000 0.000345
899.500000 0.000475
900.500000 0.000245
901.500000 0.000187
902.500000 0.000331
903.500000 0.000317
904.500000 0.000302
905.500000 0.000374
906.500000 0.000331
907.500000 0.000475
908.500000 0.000403
909.500000 0.000417
910.500000 0.000532
911.500000 0.000460
912.500000 0.000619
913.500000 0.000676
914.500000 0.000302
915.500000 0.000360
916.500000 0.000446
917.500000 0.000360
918.500000 0.000504
919.500000 0.000460
920.500000 0.000518
921.500000 0.000360
922.500000 0.000417
923.500000 0.000504
924.500000 0.000475
925.500000 0.000676
926.500000 0.000720
927.500000 0.000633
928.500000 0.000691
929.500000 0.000676
930.500000 0.000748
931.500000 0.000806
932.500000 0.000705
933.500000 0.000561
934.500000 0.000662
935.500000 0.000806
936.500000 0.000748
937.500000 0.000763
938.500000 0.000849
939.500000 0.000763
940.500000 0.000950
941.500000 0.000777
942.500000 0.000791
943.500000 0.000576
944.500000 0.000662
945.500000 0.001050
946.500000 0.000763
947.500000 0.000734
948.500000 0.000547
949.500000 0.000863
950.500000 0.000676
951.500000 0.000777
952.500000 0.000820
953.500000 0.000892
954.500000 0.000863
955.500000 0.000921
956.500000 0.000791
957.500000 0.000835
958.500000 0.001007
959.500000 0.000662
960.500000 0.000863
961.500000 0.000964
962.500000 0.000676
963.500000 0.000878
964.500000 0.001166
965.500000 0.000907
966.500000 0.000576
967.500000 0.000907
968.500000 0.000907
969.500000 0.000835
970.500000 0.001007
971.500000 0.001137
972.500000 0.000849
973.500000 0.000835
974.500000 0.001122
975.500000 0.000979
976.500000 0.001036
977.500000 0.001079
978.500000 0.001108
979.500000 0.000993
980.500000 0.001209
981.500000 0.001295
982.500000 0.001065
983.500000 0.001151
984.500000 0.001295
985.500000 0.001223
986.500000 0.001094
987.500000 0.001122
988.500000 0.001180
989.500000 0.001381
990.500000 0.001453
991.500000 0.001569
992.500000 0.001324
993.500000 0.001381
994.500000 0.001310
995.500000 0.001410
996.500000 0.001439
997.500000 0.001137
998.500000 0.001223
999.500000 0.001108
1000.500000 0.001310
1001.500000 0.001425
1002.500000 0.001353
1003.500000 0.001108
1004.500000 0.001252
1005.500000 0.001137
1006.500000 0.001108
1007.500000 0.001108
1008.500000 0.001108
1009.500000 0.001094
1010.500000 0.001050
1011.500000 0.001137
1012.500000 0.001194
1013.500000 0.001180
1014.500000 0.000878
1015.500000 0.000835
1016.500000 0.000820
1017.500000 0.000633
1018.500000 0.000705
1019.500000 0.000835
1020.500000 0.000561
1021.500000 0.000619
1022.500000 0.000504
1023.500000 0.000518
1024.500000 0.000489
1025.500000 0.000489
1026.500000 0.000403
1027.500000 0.000446
1028.500000 0.000504
1029.500000 0.000489
1030.500000 0.000432
1031.500000 0.000504
1032.500000 0.000374
1033.500000 0.000504
1034.500000 0.000460
1035.500000 0.000374
1036.500000 0.000374
1037.500000 0.000259
1038.500000 0.000302
1039.500000 0.000374
1040.500000 0.000216
1041.500000 0.000273
1042.500000 0.000317
1043.500000 0.000273
1044.500000 0.000374
1045.500000 0.000288
1046.500000 0.000345
1047.500000 0.000345
1048.500000 0.000245
1049.500000 0.000259
1050.500000 0.000302
1051.500000 0.000187
1052.500000 0.000331
1053.500000 0.000302
1054.500000 0.000360
1055.500000 0.000245
1056.500000 0.000173
1057.500000 0.000302
1058.500000 0.000259
1059.500000 0.000144
1060.500000 0.000288
1061.500000 0.000187
1062.500000 0.000288
1063.500000 0.000216
1064.500000 0.000216
1065.500000 0.000158
1066.500000 0.000288
1067.500000 0.000317
1068.500000 0.000331
1069.500000 0.000144
1070.500000 0.000187
1071.500000 0.000317
1072.500000 0.000288
1073.500000 0.000130
1074.500000 0.000201
1075.500000 0.000230
1076.500000 0.000245
1077.500000 0.000201
1078.500000 0.000288
1079.500000 0.000216
1080.500000 0.000245
1081.500000 0.000216
1082.500000 0.000259
1083.500000 0.000173
1084.500000 0.000273
1085.500000 0.000259
1086.500000 0.000201
1087.500000 0.000187
1088.500000 0.000345
1089.500000 0.000158
1090.500000 0.000201
1091.500000 0.000216
1092.500000 0.000360
1093.500000 0.000144
1094.500000 0.000216
1095.500000 0.000216
1096.500000 0.000201
1097.500000 0.000173
1098.500000 0.000245
1099.500000 0.000130
1100.500000 0.000173
1101.500000 0.000187
1102.500000 0.000173
1103.500000 0.000216
1104.500000 0.000331
1105.500000 0.000245
1106.500000 0.000144
1107.500000 0.000201
1108.500000 0.000288
1109.500000 0.000360
1110.500000 0.000158
1111.500000 0.000288
1112.500000 0.000115
1113.500000 0.000201
1114.500000 0.000230
1115.500000 0.000230
1116.500000 0.000273
1117.500000 0.000302
1118.500000 0.000101
1119.500000 0.000216
1120.500000 0.000187
1121.500000 0.000331
1122.500000 0.000144
1123.500000 0.000302
1124.500000 0.000288
1125.500000 0.000245
1126.500000 0.000201
1127.500000 0.000259
1128.500000 0.000201
1129.500000 0.000187
1130.500000 0.000245
1131.500000 0.000288
1132.500000 0.000230
1133.500000 0.000158
1134.500000 0.000158
1135.500000 0.000245
1136.500000 0.000317
1137.500000 0.000245
1138.500000 0.000259
1139.500000 0.000317
1140.500000 0.000288
1141.500000 0.000288
1142.500000 0.000288
1143.500000 0.000345
1144.500000 0.000187
1145.500000 0.000432
1146.500000 0.000331
1147.500000 0.000288
1148.500000 0.000230
1149.500000 0.000273
1150.500000 0.000331
1151.500000 0.000389
1152.500000 0.000259
1153.500000 0.000230
1154.500000 0.000475
1155.500000 0.000245
1156.500000 0.000417
1157.500000 0.000345
1158.500000 0.000446
1159.500000 0.000460
1160.500000 0.000417
1161.500000 0.000460
1162.500000 0.000475
1163.500000 0.000489
1164.500000 0.000547
1165.500000 0.000576
1166.500000 0.000633
1167.500000 0.000633
1168.500000 0.000662
1169.500000 0.000734
1170.500000 0.000676
1171.500000 0.000849
1172.500000 0.000964
1173.500000 0.000964
1174.500000 0.000921
1175.500000 0.001324
1176.500000 0.001266
1177.500000 0.001295
1178.500000 0.001425
1179.500000 0.001497
1180.500000 0.001799
1181.500000 0.002173
1182.500000 0.002662
1183.500000 0.002792
1184.500000 0.002979
1185.500000 0.003713
1186.500000 0.004447
1187.500000 0.005353
1188.500000 0.007123
1189.500000 0.007670
1190.500000 0.009296
1191.500000 0.011124
1192.500000 0.012577
1193.500000 0.015470
1194.500000 0.017815
1195.500000 0.021902
1196.500000 0.027845
1197.500000 0.034882
1198.500000 0.044452
1199.500000 0.046682
