0.000000 0.002327
1.000834 0.002590
2.001668 0.002831
3.002502 0.003041
4.003336 0.003214
5.004170 0.003348
6.005004 0.003440
7.005838 0.003493
8.006672 0.003509
9.007506 0.003492
10.008340 0.003448
11.009174 0.003381
12.010008 0.003298
13.010842 0.003202
14.011676 0.003099
15.012510 0.002991
16.013344 0.002882
17.014178 0.002775
18.015013 0.002670
19.015847 0.002569
20.016681 0.002475
21.017515 0.002386
22.018349 0.002303
23.019183 0.002226
24.020017 0.002155
25.020851 0.002090
26.021685 0.002029
27.022519 0.001972
28.023353 0.001920
29.024187 0.001870
30.025021 0.001824
31.025855 0.001780
32.026689 0.001739
33.027523 0.001700
34.028357 0.001663
35.029191 0.001629
36.030025 0.001596
37.030859 0.001564
38.031693 0.001534
39.032527 0.001506
40.033361 0.001478
41.034195 0.001451
42.035029 0.001425
43.035863 0.001400
44.036697 0.001375
45.037531 0.001351
46.038365 0.001328
47.039199 0.001305
48.040033 0.001283
49.040867 0.001261
50.041701 0.001240
51.042535 0.001221
52.043369 0.001203
53.044204 0.001188
54.045038 0.001175
55.045872 0.001165
56.046706 0.001158
57.047540 0.001154
58.048374 0.001153
59.049208 0.001155
60.050042 0.001158
61.050876 0.001162
62.051710 0.001167
63.052544 0.001172
64.053378 0.001177
65.054212 0.001181
66.055046 0.001184
67.055880 0.001186
68.056714 0.001188
69.057548 0.001189
70.058382 0.001192
71.059216 0.001195
72.060050 0.001200
73.060884 0.001206
74.061718 0.001214
75.062552 0.001224
76.063386 0.001235
77.064220 0.001248
78.065054 0.001261
79.065888 0.001275
80.066722 0.001288
81.067556 0.001301
82.068390 0.001312
83.069224 0.001322
84.070058 0.001329
85.070892 0.001333
86.071726 0.001335
87.072560 0.001334
88.073394 0.001330
89.074229 0.001324
90.075063 0.001315
91.075897 0.001305
92.076731 0.001292
93.077565 0.001279
94.078399 0.001264
95.079233 0.001249
96.080067 0.001233
97.080901 0.001216
98.081735 0.001199
99.082569 0.001182
100.083403 0.001164
101.084237 0.001145
102.085071 0.001126
103.085905 0.001107
104.086739 0.001086
105.087573 0.001066
106.088407 0.001046
107.089241 0.001025
108.090075 0.001005
109.090909 0.000986
110.091743 0.000967
111.092577 0.000948
112.093411 0.000930
113.094245 0.000913
114.095079 0.000896
115.095913 0.000879
116.096747 0.000862
117.097581 0.000847
118.098415 0.000832
119.099249 0.000818
120.100083 0.000805
121.100917 0.000793
122.101751 0.000783
123.102585 0.000774
124.103420 0.000766
125.104254 0.000759
126.105088 0.000753
127.105922 0.000748
128.106756 0.000742
129.107590 0.000737
130.108424 0.000732
131.109258 0.000727
132.110092 0.000722
133.110926 0.000718
134.111760 0.000714
135.112594 0.000710
136.113428 0.000706
137.114262 0.000703
138.115096 0.000700
139.115930 0.000698
140.116764 0.000696
141.117598 0.000694
142.118432 0.000692
143.119266 0.000690
144.120100 0.000687
145.120934 0.000684
146.121768 0.000681
147.122602 0.000676
148.123436 0.000670
149.124270 0.000663
150.125104 0.000655
151.125938 0.000646
152.126772 0.000637
153.127606 0.000628
154.128440 0.000619
155.129274 0.000611
156.130108 0.000603
157.130942 0.000597
158.131776 0.000593
159.132611 0.000590
160.133445 0.000588
161.134279 0.000587
162.135113 0.000587
163.135947 0.000588
164.136781 0.000588
165.137615 0.000588
166.138449 0.000587
167.139283 0.000586
168.140117 0.000583
169.140951 0.000579
170.141785 0.000574
171.142619 0.000567
172.143453 0.000560
173.144287 0.000552
174.145121 0.000544
175.145955 0.000536
176.146789 0.000528
177.147623 0.000520
178.148457 0.000513
179.149291 0.000506
180.150125 0.000500
181.150959 0.000495
182.151793 0.000491
183.152627 0.000488
184.153461 0.000485
185.154295 0.000484
186.155129 0.000483
187.155963 0.000483
188.156797 0.000483
189.157631 0.000484
190.158465 0.000486
191.159299 0.000487
192.160133 0.000489
193.160967 0.000490
194.161802 0.000492
195.162636 0.000493
196.163470 0.000494
197.164304 0.000495
198.165138 0.000496
199.165972 0.000496
200.166806 0.000496
201.167640 0.000495
202.168474 0.000493
203.169308 0.000491
204.170142 0.000487
205.170976 0.000482
206.171810 0.000477
207.172644 0.000470
208.173478 0.000463
209.174312 0.000455
210.175146 0.000447
211.175980 0.000439
212.176814 0.000432
213.177648 0.000425
214.178482 0.000419
215.179316 0.000414
216.180150 0.000409
217.180984 0.000405
218.181818 0.000402
219.182652 0.000400
220.183486 0.000397
221.184320 0.000396
222.185154 0.000394
223.185988 0.000392
224.186822 0.000391
225.187656 0.000389
226.188490 0.000388
227.189324 0.000386
228.190158 0.000385
229.190992 0.000384
230.191827 0.000383
231.192661 0.000381
232.193495 0.000380
233.194329 0.000379
234.195163 0.000377
235.195997 0.000375
236.196831 0.000373
237.197665 0.000370
238.198499 0.000367
239.199333 0.000364
240.200167 0.000360
241.201001 0.000356
242.201835 0.000352
243.202669 0.000348
244.203503 0.000344
245.204337 0.000340
246.205171 0.000336
247.206005 0.000333
248.206839 0.000329
249.207673 0.000326
250.208507 0.000322
251.209341 0.000319
252.210175 0.000315
253.211009 0.000312
254.211843 0.000309
255.212677 0.000307
256.213511 0.000305
257.214345 0.000303
258.215179 0.000302
259.216013 0.000301
260.216847 0.000301
261.217681 0.000302
262.218515 0.000302
263.219349 0.000303
264.220183 0.000304
265.221018 0.000306
266.221852 0.000307
267.222686 0.000308
268.223520 0.000309
269.224354 0.000310
270.225188 0.000311
271.226022 0.000312
272.226856 0.000312
273.227690 0.000312
274.228524 0.000312
275.229358 0.000311
276.230192 0.000309
277.231026 0.000306
278.231860 0.000303
279.232694 0.000299
280.233528 0.000294
281.234362 0.000290
282.235196 0.000285
283.236030 0.000281
284.236864 0.000277
285.237698 0.000274
286.238532 0.000272
287.239366 0.000271
288.240200 0.000270
289.241034 0.000271
290.241868 0.000273
291.242702 0.000276
292.243536 0.000279
293.244370 0.000282
294.245204 0.000286
295.246038 0.000289
296.246872 0.000292
297.247706 0.000295
298.248540 0.000297
299.249374 0.000298
300.250209 0.000299
301.251043 0.000300
302.251877 0.000299
303.252711 0.000298
304.253545 0.000297
305.254379 0.000296
306.255213 0.000294
307.256047 0.000292
308.256881 0.000291
309.257715 0.000289
310.258549 0.000286
311.259383 0.000284
312.260217 0.000282
313.261051 0.000279
314.261885 0.000277
315.262719 0.000274
316.263553 0.000271
317.264387 0.000269
318.265221 0.000267
319.266055 0.000265
320.266889 0.000263
321.267723 0.000262
322.268557 0.000261
323.269391 0.000260
324.270225 0.000258
325.271059 0.000257
326.271893 0.000255
327.272727 0.000252
328.273561 0.000249
329.274395 0.000245
330.275229 0.000241
331.276063 0.000236
332.276897 0.000231
333.277731 0.000227
334.278565 0.000222
335.279399 0.000217
336.280234 0.000213
337.281068 0.000209
338.281902 0.000206
339.282736 0.000202
340.283570 0.000200
341.284404 0.000197
342.285238 0.000195
343.286072 0.000193
344.286906 0.000192
345.287740 0.000190
346.288574 0.000190
347.289408 0.000189
348.290242 0.000189
349.291076 0.000189
350.291910 0.000189
351.292744 0.000190
352.293578 0.000190
353.294412 0.000191
354.295246 0.000191
355.296080 0.000192
356.296914 0.000192
357.297748 0.000192
358.298582 0.000192
359.299416 0.000191
360.300250 0.000190
361.301084 0.000189
362.301918 0.000188
363.302752 0.000186
364.303586 0.000184
365.304420 0.000182
366.305254 0.000180
367.306088 0.000178
368.306922 0.000177
369.307756 0.000175
370.308590 0.000174
371.309425 0.000174
372.310259 0.000174
373.311093 0.000174
374.311927 0.000174
375.312761 0.000174
376.313595 0.000175
377.314429 0.000175
378.315263 0.000176
379.316097 0.000177
380.316931 0.000177
381.317765 0.000178
382.318599 0.000178
383.319433 0.000178
384.320267 0.000179
385.321101 0.000179
386.321935 0.000179
387.322769 0.000179
388.323603 0.000179
389.324437 0.000180
390.325271 0.000180
391.326105 0.000181
392.326939 0.000182
393.327773 0.000184
394.328607 0.000186
395.329441 0.000189
396.330275 0.000192
397.331109 0.000195
398.331943 0.000198
399.332777 0.000201
400.333611 0.000204
401.334445 0.000207
402.335279 0.000210
403.336113 0.000213
404.336947 0.000216
405.337781 0.000220
406.338616 0.000224
407.339450 0.000228
408.340284 0.000233
409.341118 0.000238
410.341952 0.000243
411.342786 0.000249
412.343620 0.000255
413.344454 0.000261
414.345288 0.000266
415.346122 0.000272
416.346956 0.000277
417.347790 0.000281
418.348624 0.000285
419.349458 0.000288
420.350292 0.000292
421.351126 0.000294
422.351960 0.000297
423.352794 0.000300
424.353628 0.000303
425.354462 0.000306
426.355296 0.000310
427.356130 0.000315
428.356964 0.000320
429.357798 0.000326
430.358632 0.000332
431.359466 0.000340
432.360300 0.000348
433.361134 0.000357
434.361968 0.000366
435.362802 0.000375
436.363636 0.000385
437.364470 0.000396
438.365304 0.000406
439.366138 0.000416
440.366972 0.000426
441.367807 0.000436
442.368641 0.000446
443.369475 0.000455
444.370309 0.000465
445.371143 0.000474
446.371977 0.000483
447.372811 0.000492
448.373645 0.000501
449.374479 0.000509
450.375313 0.000518
451.376147 0.000526
452.376981 0.000535
453.377815 0.000544
454.378649 0.000553
455.379483 0.000563
456.380317 0.000575
457.381151 0.000587
458.381985 0.000602
459.382819 0.000617
460.383653 0.000635
461.384487 0.000653
462.385321 0.000673
463.386155 0.000693
464.386989 0.000714
465.387823 0.000736
466.388657 0.000756
467.389491 0.000777
468.390325 0.000796
469.391159 0.000814
470.391993 0.000831
471.392827 0.000846
472.393661 0.000860
473.394495 0.000872
474.395329 0.000884
475.396163 0.000894
476.396997 0.000905
477.397832 0.000914
478.398666 0.000924
479.399500 0.000934
480.400334 0.000944
481.401168 0.000953
482.402002 0.000962
483.402836 0.000971
484.403670 0.000978
485.404504 0.000984
486.405338 0.000988
487.406172 0.000991
488.407006 0.000991
489.407840 0.000989
490.408674 0.000985
491.409508 0.000979
492.410342 0.000972
493.411176 0.000964
494.412010 0.000954
495.412844 0.000944
496.413678 0.000933
497.414512 0.000923
498.415346 0.000912
499.416180 0.000901
500.417014 0.000890
501.417848 0.000879
502.418682 0.000869
503.419516 0.000859
504.420350 0.000850
505.421184 0.000840
506.422018 0.000831
507.422852 0.000822
508.423686 0.000812
509.424520 0.000802
510.425354 0.000790
511.426188 0.000777
512.427023 0.000762
513.427857 0.000746
514.428691 0.000728
515.429525 0.000709
516.430359 0.000689
517.431193 0.000668
518.432027 0.000648
519.432861 0.000627
520.433695 0.000608
521.434529 0.000589
522.435363 0.000572
523.436197 0.000556
524.437031 0.000542
525.437865 0.000529
526.438699 0.000516
527.439533 0.000505
528.440367 0.000494
529.441201 0.000483
530.442035 0.000472
531.442869 0.000461
532.443703 0.000448
533.444537 0.000436
534.445371 0.000422
535.446205 0.000408
536.447039 0.000394
537.447873 0.000380
538.448707 0.000366
539.449541 0.000353
540.450375 0.000341
541.451209 0.000330
542.452043 0.000320
543.452877 0.000312
544.453711 0.000306
545.454545 0.000301
546.455379 0.000296
547.456214 0.000293
548.457048 0.000290
549.457882 0.000288
550.458716 0.000286
551.459550 0.000284
552.460384 0.000282
553.461218 0.000280
554.462052 0.000278
555.462886 0.000277
556.463720 0.000276
557.464554 0.000275
558.465388 0.000275
559.466222 0.000276
560.467056 0.000277
561.467890 0.000279
562.468724 0.000281
563.469558 0.000284
564.470392 0.000287
565.471226 0.000290
566.472060 0.000293
567.472894 0.000296
568.473728 0.000298
569.474562 0.000300
570.475396 0.000301
571.476230 0.000302
572.477064 0.000302
573.477898 0.000301
574.478732 0.000300
575.479566 0.000298
576.480400 0.000295
577.481234 0.000292
578.482068 0.000289
579.482902 0.000285
580.483736 0.000281
581.484570 0.000277
582.485405 0.000274
583.486239 0.000271
584.487073 0.000268
585.487907 0.000266
586.488741 0.000264
587.489575 0.000262
588.490409 0.000262
589.491243 0.000261
590.492077 0.000261
591.492911 0.000261
592.493745 0.000262
593.494579 0.000263
594.495413 0.000264
595.496247 0.000264
596.497081 0.000265
597.497915 0.000266
598.498749 0.000267
599.499583 0.000268
600.500417 0.000269
601.501251 0.000269
602.502085 0.000269
603.502919 0.000269
604.503753 0.000268
605.504587 0.000267
606.505421 0.000267
607.506255 0.000266
608.507089 0.000265
609.507923 0.000265
610.508757 0.000264
611.509591 0.000264
612.510425 0.000264
613.511259 0.000264
614.512093 0.000264
615.512927 0.000265
616.513761 0.000266
617.514595 0.000267
618.515430 0.000269
619.516264 0.000272
620.517098 0.000275
621.517932 0.000278
622.518766 0.000281
623.519600 0.000284
624.520434 0.000288
625.521268 0.000291
626.522102 0.000294
627.522936 0.000297
628.523770 0.000300
629.524604 0.000302
630.525438 0.000304
631.526272 0.000306
632.527106 0.000308
633.527940 0.000310
634.528774 0.000312
635.529608 0.000314
636.530442 0.000318
637.531276 0.000322
638.532110 0.000327
639.532944 0.000333
640.533778 0.000341
641.534612 0.000351
642.535446 0.000363
643.536280 0.000375
644.537114 0.000390
645.537948 0.000406
646.538782 0.000423
647.539616 0.000441
648.540450 0.000459
649.541284 0.000479
650.542118 0.000498
651.542952 0.000518
652.543786 0.000537
653.544621 0.000556
654.545455 0.000576
655.546289 0.000594
656.547123 0.000613
657.547957 0.000631
658.548791 0.000648
659.549625 0.000665
660.550459 0.000682
661.551293 0.000698
662.552127 0.000713
663.552961 0.000729
664.553795 0.000745
665.554629 0.000761
666.555463 0.000777
667.556297 0.000795
668.557131 0.000814
669.557965 0.000835
670.558799 0.000857
671.559633 0.000882
672.560467 0.000910
673.561301 0.000940
674.562135 0.000973
675.562969 0.001009
676.563803 0.001048
677.564637 0.001090
678.565471 0.001136
679.566305 0.001185
680.567139 0.001238
681.567973 0.001294
682.568807 0.001355
683.569641 0.001419
684.570475 0.001487
685.571309 0.001558
686.572143 0.001634
687.572977 0.001712
688.573812 0.001793
689.574646 0.001876
690.575480 0.001960
691.576314 0.002044
692.577148 0.002127
693.577982 0.002207
694.578816 0.002284
695.579650 0.002356
696.580484 0.002421
697.581318 0.002478
698.582152 0.002527
699.582986 0.002566
700.583820 0.002594
701.584654 0.002612
702.585488 0.002618
703.586322 0.002613
704.587156 0.002596
705.587990 0.002570
706.588824 0.002533
707.589658 0.002488
708.590492 0.002435
709.591326 0.002377
710.592160 0.002314
711.592994 0.002249
712.593828 0.002184
713.594662 0.002118
714.595496 0.002055
715.596330 0.001994
716.597164 0.001937
717.597998 0.001883
718.598832 0.001833
719.599666 0.001786
720.600500 0.001742
721.601334 0.001701
722.602168 0.001663
723.603003 0.001626
724.603837 0.001591
725.604671 0.001557
726.605505 0.001524
727.606339 0.001492
728.607173 0.001462
729.608007 0.001433
730.608841 0.001405
731.609675 0.001378
732.610509 0.001354
733.611343 0.001331
734.612177 0.001311
735.613011 0.001292
736.613845 0.001276
737.614679 0.001262
738.615513 0.001250
739.616347 0.001239
740.617181 0.001231
741.618015 0.001224
742.618849 0.001218
743.619683 0.001214
744.620517 0.001211
745.621351 0.001209
746.622185 0.001209
747.623019 0.001210
748.623853 0.001213
749.624687 0.001217
750.625521 0.001223
751.626355 0.001230
752.627189 0.001239
753.628023 0.001249
754.628857 0.001259
755.629691 0.001269
756.630525 0.001280
757.631359 0.001289
758.632193 0.001298
759.633028 0.001306
760.633862 0.001313
761.634696 0.001319
762.635530 0.001324
763.636364 0.001329
764.637198 0.001333
765.638032 0.001336
766.638866 0.001339
767.639700 0.001340
768.640534 0.001340
769.641368 0.001338
770.642202 0.001335
771.643036 0.001330
772.643870 0.001323
773.644704 0.001314
774.645538 0.001303
775.646372 0.001291
776.647206 0.001279
777.648040 0.001266
778.648874 0.001252
779.649708 0.001239
780.650542 0.001227
781.651376 0.001215
782.652210 0.001205
783.653044 0.001197
784.653878 0.001190
785.654712 0.001185
786.655546 0.001182
787.656380 0.001180
788.657214 0.001179
789.658048 0.001180
790.658882 0.001181
791.659716 0.001182
792.660550 0.001183
793.661384 0.001183
794.662219 0.001183
795.663053 0.001182
796.663887 0.001180
797.664721 0.001177
798.665555 0.001173
799.666389 0.001168
800.667223 0.001161
801.668057 0.001154
802.668891 0.001146
803.669725 0.001137
804.670559 0.001127
805.671393 0.001116
806.672227 0.001104
807.673061 0.001092
808.673895 0.001079
809.674729 0.001067
810.675563 0.001056
811.676397 0.001045
812.677231 0.001036
813.678065 0.001027
814.678899 0.001019
815.679733 0.001012
816.680567 0.001006
817.681401 0.001000
818.682235 0.000995
819.683069 0.000989
820.683903 0.000984
821.684737 0.000979
822.685571 0.000973
823.686405 0.000968
824.687239 0.000963
825.688073 0.000957
826.688907 0.000953
827.689741 0.000948
828.690575 0.000944
829.691410 0.000940
830.692244 0.000936
831.693078 0.000933
832.693912 0.000930
833.694746 0.000928
834.695580 0.000926
835.696414 0.000924
836.697248 0.000922
837.698082 0.000921
838.698916 0.000920
839.699750 0.000919
840.700584 0.000918
841.701418 0.000916
842.702252 0.000914
843.703086 0.000911
844.703920 0.000908
845.704754 0.000903
846.705588 0.000898
847.706422 0.000893
848.707256 0.000887
849.708090 0.000880
850.708924 0.000872
851.709758 0.000865
852.710592 0.000857
853.711426 0.000848
854.712260 0.000840
855.713094 0.000833
856.713928 0.000826
857.714762 0.000819
858.715596 0.000814
859.716430 0.000809
860.717264 0.000806
861.718098 0.000804
862.718932 0.000804
863.719766 0.000804
864.720601 0.000805
865.721435 0.000807
866.722269 0.000809
867.723103 0.000811
868.723937 0.000813
869.724771 0.000815
870.725605 0.000816
871.726439 0.000816
872.727273 0.000816
873.728107 0.000815
874.728941 0.000814
875.729775 0.000812
876.730609 0.000810
877.731443 0.000807
878.732277 0.000804
879.733111 0.000800
880.733945 0.000797
881.734779 0.000793
882.735613 0.000788
883.736447 0.000782
884.737281 0.000776
885.738115 0.000768
886.738949 0.000760
887.739783 0.000751
888.740617 0.000741
889.741451 0.000732
890.742285 0.000722
891.743119 0.000713
892.743953 0.000704
893.744787 0.000696
894.745621 0.000690
895.746455 0.000684
896.747289 0.000680
897.748123 0.000677
898.748957 0.000674
899.749791 0.000672
900.750626 0.000670
901.751460 0.000668
902.752294 0.000666
903.753128 0.000663
904.753962 0.000660
905.754796 0.000656
906.755630 0.000652
907.756464 0.000647
908.757298 0.000642
909.758132 0.000637
910.758966 0.000632
911.759800 0.000627
912.760634 0.000623
913.761468 0.000620
914.762302 0.000618
915.763136 0.000617
916.763970 0.000616
917.764804 0.000615
918.765638 0.000615
919.766472 0.000614
920.767306 0.000613
921.768140 0.000611
922.768974 0.000609
923.769808 0.000607
924.770642 0.000604
925.771476 0.000601
926.772310 0.000599
927.773144 0.000596
928.773978 0.000594
929.774812 0.000591
930.775646 0.000590
931.776480 0.000589
932.777314 0.000588
933.778148 0.000587
934.778982 0.000587
935.779817 0.000587
936.780651 0.000588
937.781485 0.000589
938.782319 0.000591
939.783153 0.000592
940.783987 0.000594
941.784821 0.000596
942.785655 0.000598
943.786489 0.000599
944.787323 0.000601
945.788157 0.000602
946.788991 0.000603
947.789825 0.000605
948.790659 0.000606
949.791493 0.000608
950.792327 0.000610
951.793161 0.000612
952.793995 0.000615
953.794829 0.000618
954.795663 0.000622
955.796497 0.000625
956.797331 0.000628
957.798165 0.000630
958.798999 0.000632
959.799833 0.000633
960.800667 0.000633
961.801501 0.000633
962.802335 0.000632
963.803169 0.000631
964.804003 0.000630
965.804837 0.000629
966.805671 0.000630
967.806505 0.000632
968.807339 0.000635
969.808173 0.000640
970.809008 0.000646
971.809842 0.000653
972.810676 0.000661
973.811510 0.000669
974.812344 0.000678
975.813178 0.000686
976.814012 0.000695
977.814846 0.000703
978.815680 0.000712
979.816514 0.000720
980.817348 0.000727
981.818182 0.000735
982.819016 0.000742
983.819850 0.000749
984.820684 0.000756
985.821518 0.000764
986.822352 0.000771
987.823186 0.000779
988.824020 0.000787
989.824854 0.000794
990.825688 0.000802
991.826522 0.000809
992.827356 0.000816
993.828190 0.000822
994.829024 0.000828
995.829858 0.000832
996.830692 0.000836
997.831526 0.000838
998.832360 0.000838
999.833194 0.000837
1000.834028 0.000835
1001.834862 0.000831
1002.835696 0.000826
1003.836530 0.000820
1004.837364 0.000813
1005.838198 0.000806
1006.839033 0.000798
1007.839867 0.000790
1008.840701 0.000782
1009.841535 0.000774
1010.842369 0.000768
1011.843203 0.000762
1012.844037 0.000757
1013.844871 0.000753
1014.845705 0.000750
1015.846539 0.000748
1016.847373 0.000745
1017.848207 0.000744
1018.849041 0.000742
1019.849875 0.000741
1020.850709 0.000739
1021.851543 0.000738
1022.852377 0.000737
1023.853211 0.000736
1024.854045 0.000735
1025.854879 0.000734
1026.855713 0.000733
1027.856547 0.000732
1028.857381 0.000731
1029.858215 0.000729
1030.859049 0.000728
1031.859883 0.000726
1032.860717 0.000723
1033.861551 0.000720
1034.862385 0.000717
1035.863219 0.000712
1036.864053 0.000708
1037.864887 0.000702
1038.865721 0.000696
1039.866555 0.000690
1040.867389 0.000683
1041.868224 0.000676
1042.869058 0.000669
1043.869892 0.000662
1044.870726 0.000655
1045.871560 0.000648
1046.872394 0.000641
1047.873228 0.000634
1048.874062 0.000628
1049.874896 0.000621
1050.875730 0.000615
1051.876564 0.000608
1052.877398 0.000601
1053.878232 0.000594
1054.879066 0.000587
1055.879900 0.000579
1056.880734 0.000571
1057.881568 0.000563
1058.882402 0.000554
1059.883236 0.000546
1060.884070 0.000537
1061.884904 0.000529
1062.885738 0.000522
1063.886572 0.000515
1064.887406 0.000509
1065.888240 0.000504
1066.889074 0.000499
1067.889908 0.000496
1068.890742 0.000493
1069.891576 0.000490
1070.892410 0.000488
1071.893244 0.000486
1072.894078 0.000484
1073.894912 0.000482
1074.895746 0.000480
1075.896580 0.000478
1076.897415 0.000476
1077.898249 0.000473
1078.899083 0.000471
1079.899917 0.000468
1080.900751 0.000464
1081.901585 0.000461
1082.902419 0.000457
1083.903253 0.000453
1084.904087 0.000450
1085.904921 0.000446
1086.905755 0.000442
1087.906589 0.000438
1088.907423 0.000434
1089.908257 0.000430
1090.909091 0.000427
1091.909925 0.000423
1092.910759 0.000419
1093.911593 0.000416
1094.912427 0.000413
1095.913261 0.000409
1096.914095 0.000406
1097.914929 0.000404
1098.915763 0.000401
1099.916597 0.000400
1100.917431 0.000399
1101.918265 0.000398
1102.919099 0.000399
1103.919933 0.000400
1104.920767 0.000402
1105.921601 0.000404
1106.922435 0.000407
1107.923269 0.000411
1108.924103 0.000414
1109.924937 0.000417
1110.925771 0.000420
1111.926606 0.000423
1112.927440 0.000425
1113.928274 0.000426
1114.929108 0.000427
1115.929942 0.000427
1116.930776 0.000427
1117.931610 0.000427
1118.932444 0.000427
1119.933278 0.000427
1120.934112 0.000427
1121.934946 0.000428
1122.935780 0.000429
1123.936614 0.000431
1124.937448 0.000434
1125.938282 0.000437
1126.939116 0.000441
1127.939950 0.000446
1128.940784 0.000451
1129.941618 0.000457
1130.942452 0.000464
1131.943286 0.000472
1132.944120 0.000480
1133.944954 0.000488
1134.945788 0.000497
1135.946622 0.000507
1136.947456 0.000517
1137.948290 0.000528
1138.949124 0.000539
1139.949958 0.000551
1140.950792 0.000564
1141.951626 0.000578
1142.952460 0.000593
1143.953294 0.000610
1144.954128 0.000627
1145.954962 0.000645
1146.955796 0.000665
1147.956631 0.000686
1148.957465 0.000708
1149.958299 0.000732
1150.959133 0.000757
1151.959967 0.000784
1152.960801 0.000812
1153.961635 0.000842
1154.962469 0.000874
1155.963303 0.000907
1156.964137 0.000943
1157.964971 0.000981
1158.965805 0.001021
1159.966639 0.001064
1160.967473 0.001110
1161.968307 0.001159
1162.969141 0.001210
1163.969975 0.001265
1164.970809 0.001323
1165.971643 0.001385
1166.972477 0.001451
1167.973311 0.001521
1168.974145 0.001595
1169.974979 0.001674
1170.975813 0.001759
1171.976647 0.001849
1172.977481 0.001946
1173.978315 0.002048
1174.979149 0.002157
1175.979983 0.002271
1176.980817 0.002392
1177.981651 0.002517
1178.982485 0.002647
1179.983319 0.002780
1180.984153 0.002915
1181.984987 0.003050
1182.985822 0.003184
1183.986656 0.003314
1184.987490 0.003437
1185.988324 0.003552
1186.989158 0.003655
1187.989992 0.003743
1188.990826 0.003811
1189.991660 0.003855
1190.992494 0.003871
1191.993328 0.003855
1192.994162 0.003801
1193.994996 0.003709
1194.995830 0.003575
1195.996664 0.003401
1196.997498 0.003189
1197.998332 0.002943
1198.999166 0.002671
1200.000000 0.002381
