0.000000 0.004363
1.000834 0.004656
2.001668 0.004800
3.002502 0.004787
4.003336 0.004629
5.004170 0.004349
6.005004 0.003983
7.005838 0.003567
8.006672 0.003137
9.007506 0.002720
10.008340 0.002337
11.009174 0.002001
12.010008 0.001715
13.010842 0.001479
14.011676 0.001290
15.012510 0.001141
16.013344 0.001026
17.014178 0.000938
18.015013 0.000871
19.015847 0.000819
20.016681 0.000777
21.017515 0.000743
22.018349 0.000713
23.019183 0.000685
24.020017 0.000659
25.020851 0.000635
26.021685 0.000611
27.022519 0.000589
28.023353 0.000569
29.024187 0.000550
30.025021 0.000533
31.025855 0.000518
32.026689 0.000504
33.027523 0.000492
34.028357 0.000482
35.029191 0.000473
36.030025 0.000466
37.030859 0.000460
38.031693 0.000456
39.032527 0.000453
40.033361 0.000452
41.034195 0.000451
42.035029 0.000450
43.035863 0.000450
44.036697 0.000451
45.037531 0.000452
46.038365 0.000455
47.039199 0.000458
48.040033 0.000463
49.040867 0.000470
50.041701 0.000478
51.042535 0.000489
52.043369 0.000503
53.044204 0.000519
54.045038 0.000538
55.045872 0.000561
56.046706 0.000589
57.047540 0.000621
58.048374 0.000659
59.049208 0.000704
60.050042 0.000757
61.050876 0.000819
62.051710 0.000890
63.052544 0.000973
64.053378 0.001068
65.054212 0.001177
66.055046 0.001303
67.055880 0.001447
68.056714 0.001614
69.057548 0.001810
70.058382 0.002042
71.059216 0.002321
72.060050 0.002661
73.060884 0.003078
74.061718 0.003587
75.062552 0.004201
76.063386 0.004926
77.064220 0.005758
78.065054 0.006678
79.065888 0.007650
80.066722 0.008625
81.067556 0.009539
82.068390 0.010324
83.069224 0.010914
84.070058 0.011259
85.070892 0.011326
86.071726 0.011109
87.072560 0.010630
88.073394 0.009934
89.074229 0.009082
90.075063 0.008141
91.075897 0.007176
92.076731 0.006243
93.077565 0.005380
94.078399 0.004611
95.079233 0.003944
96.080067 0.003375
97.080901 0.002893
98.081735 0.002484
99.082569 0.002135
100.083403 0.001834
101.084237 0.001572
102.085071 0.001342
103.085905 0.001141
104.086739 0.000966
105.087573 0.000815
106.088407 0.000686
107.089241 0.000576
108.090075 0.000485
109.090909 0.000410
110.091743 0.000349
111.092577 0.000301
112.093411 0.000262
113.094245 0.000232
114.095079 0.000209
115.095913 0.000191
116.096747 0.000178
117.097581 0.000168
118.098415 0.000161
119.099249 0.000156
120.100083 0.000154
121.100917 0.000154
122.101751 0.000157
123.102585 0.000162
124.103420 0.000169
125.104254 0.000178
126.105088 0.000188
127.105922 0.000198
128.106756 0.000206
129.107590 0.000212
130.108424 0.000215
131.109258 0.000215
132.110092 0.000211
133.110926 0.000204
134.111760 0.000194
135.112594 0.000183
136.113428 0.000171
137.114262 0.000160
138.115096 0.000149
139.115930 0.000139
140.116764 0.000130
141.117598 0.000123
142.118432 0.000117
143.119266 0.000113
144.120100 0.000111
145.120934 0.000110
146.121768 0.000112
147.122602 0.000114
148.123436 0.000118
149.124270 0.000123
150.125104 0.000127
151.125938 0.000131
152.126772 0.000134
153.127606 0.000136
154.128440 0.000137
155.129274 0.000138
156.130108 0.000138
157.130942 0.000140
158.131776 0.000142
159.132611 0.000145
160.133445 0.000151
161.134279 0.000159
162.135113 0.000169
163.135947 0.000182
164.136781 0.000197
165.137615 0.000213
166.138449 0.000229
167.139283 0.000247
168.140117 0.000264
169.140951 0.000281
170.141785 0.000299
171.142619 0.000316
172.143453 0.000334
173.144287 0.000352
174.145121 0.000371
175.145955 0.000392
176.146789 0.000415
177.147623 0.000438
178.148457 0.000464
179.149291 0.000490
180.150125 0.000517
181.150959 0.000544
182.151793 0.000570
183.152627 0.000595
184.153461 0.000617
185.154295 0.000638
186.155129 0.000656
187.155963 0.000673
188.156797 0.000688
189.157631 0.000701
190.158465 0.000714
191.159299 0.000727
192.160133 0.000739
193.160967 0.000749
194.161802 0.000758
195.162636 0.000763
196.163470 0.000765
197.164304 0.000764
198.165138 0.000758
199.165972 0.000750
200.166806 0.000738
201.167640 0.000725
202.168474 0.000712
203.169308 0.000698
204.170142 0.000686
205.170976 0.000674
206.171810 0.000664
207.172644 0.000654
208.173478 0.000645
209.174312 0.000636
210.175146 0.000627
211.175980 0.000617
212.176814 0.000607
213.177648 0.000596
214.178482 0.000585
215.179316 0.000575
216.180150 0.000565
217.180984 0.000556
218.181818 0.000549
219.182652 0.000542
220.183486 0.000536
221.184320 0.000531
222.185154 0.000526
223.185988 0.000522
224.186822 0.000517
225.187656 0.000512
226.188490 0.000506
227.189324 0.000499
228.190158 0.000491
229.190992 0.000482
230.191827 0.000471
231.192661 0.000459
232.193495 0.000445
233.194329 0.000431
234.195163 0.000415
235.195997 0.000400
236.196831 0.000384
237.197665 0.000369
238.198499 0.000355
239.199333 0.000343
240.200167 0.000331
241.201001 0.000320
242.201835 0.000310
243.202669 0.000300
244.203503 0.000291
245.204337 0.000283
246.205171 0.000274
247.206005 0.000267
248.206839 0.000260
249.207673 0.000253
250.208507 0.000248
251.209341 0.000244
252.210175 0.000242
253.211009 0.000241
254.211843 0.000240
255.212677 0.000241
256.213511 0.000243
257.214345 0.000245
258.215179 0.000247
259.216013 0.000251
260.216847 0.000255
261.217681 0.000261
262.218515 0.000268
263.219349 0.000276
264.220183 0.000285
265.221018 0.000295
266.221852 0.000305
267.222686 0.000315
268.223520 0.000323
269.224354 0.000330
270.225188 0.000335
271.226022 0.000339
272.226856 0.000343
273.227690 0.000346
274.228524 0.000350
275.229358 0.000356
276.230192 0.000363
277.231026 0.000372
278.231860 0.000382
279.232694 0.000393
280.233528 0.000405
281.234362 0.000417
282.235196 0.000431
283.236030 0.000445
284.236864 0.000462
285.237698 0.000481
286.238532 0.000504
287.239366 0.000531
288.240200 0.000561
289.241034 0.000593
290.241868 0.000624
291.242702 0.000651
292.243536 0.000671
293.244370 0.000681
294.245204 0.000680
295.246038 0.000666
296.246872 0.000640
297.247706 0.000604
298.248540 0.000561
299.249374 0.000513
300.250209 0.000463
301.251043 0.000414
302.251877 0.000368
303.252711 0.000327
304.253545 0.000291
305.254379 0.000260
306.255213 0.000234
307.256047 0.000213
308.256881 0.000197
309.257715 0.000184
310.258549 0.000173
311.259383 0.000164
312.260217 0.000157
313.261051 0.000151
314.261885 0.000146
315.262719 0.000142
316.263553 0.000138
317.264387 0.000134
318.265221 0.000131
319.266055 0.000128
320.266889 0.000126
321.267723 0.000123
322.268557 0.000121
323.269391 0.000119
324.270225 0.000117
325.271059 0.000116
326.271893 0.000115
327.272727 0.000115
328.273561 0.000115
329.274395 0.000115
330.275229 0.000115
331.276063 0.000115
332.276897 0.000115
333.277731 0.000115
334.278565 0.000114
335.279399 0.000114
336.280234 0.000113
337.281068 0.000112
338.281902 0.000112
339.282736 0.000111
340.283570 0.000110
341.284404 0.000110
342.285238 0.000109
343.286072 0.000108
344.286906 0.000107
345.287740 0.000107
346.288574 0.000106
347.289408 0.000105
348.290242 0.000104
349.291076 0.000104
350.291910 0.000104
351.292744 0.000104
352.293578 0.000104
353.294412 0.000106
354.295246 0.000107
355.296080 0.000110
356.296914 0.000112
357.297748 0.000115
358.298582 0.000117
359.299416 0.000119
360.300250 0.000120
361.301084 0.000121
362.301918 0.000121
363.302752 0.000120
364.303586 0.000119
365.304420 0.000118
366.305254 0.000116
367.306088 0.000116
368.306922 0.000115
369.307756 0.000115
370.308590 0.000116
371.309425 0.000116
372.310259 0.000117
373.311093 0.000118
374.311927 0.000118
375.312761 0.000118
376.313595 0.000118
377.314429 0.000118
378.315263 0.000117
379.316097 0.000118
380.316931 0.000119
381.317765 0.000120
382.318599 0.000123
383.319433 0.000125
384.320267 0.000128
385.321101 0.000131
386.321935 0.000133
387.322769 0.000135
388.323603 0.000135
389.324437 0.000136
390.325271 0.000135
391.326105 0.000134
392.326939 0.000133
393.327773 0.000132
394.328607 0.000132
395.329441 0.000133
396.330275 0.000134
397.331109 0.000136
398.331943 0.000139
399.332777 0.000142
400.333611 0.000145
401.334445 0.000149
402.335279 0.000151
403.336113 0.000153
404.336947 0.000154
405.337781 0.000154
406.338616 0.000154
407.339450 0.000152
408.340284 0.000150
409.341118 0.000148
410.341952 0.000146
411.342786 0.000144
412.343620 0.000143
413.344454 0.000142
414.345288 0.000143
415.346122 0.000144
416.346956 0.000145
417.347790 0.000147
418.348624 0.000150
419.349458 0.000152
420.350292 0.000154
421.351126 0.000156
422.351960 0.000159
423.352794 0.000161
424.353628 0.000163
425.354462 0.000166
426.355296 0.000169
427.356130 0.000172
428.356964 0.000176
429.357798 0.000179
430.358632 0.000183
431.359466 0.000187
432.360300 0.000191
433.361134 0.000195
434.361968 0.000200
435.362802 0.000205
436.363636 0.000210
437.364470 0.000216
438.365304 0.000222
439.366138 0.000227
440.366972 0.000233
441.367807 0.000237
442.368641 0.000242
443.369475 0.000245
444.370309 0.000248
445.371143 0.000252
446.371977 0.000255
447.372811 0.000260
448.373645 0.000266
449.374479 0.000273
450.375313 0.000281
451.376147 0.000291
452.376981 0.000302
453.377815 0.000314
454.378649 0.000327
455.379483 0.000340
456.380317 0.000353
457.381151 0.000366
458.381985 0.000381
459.382819 0.000396
460.383653 0.000413
461.384487 0.000434
462.385321 0.000458
463.386155 0.000488
464.386989 0.000525
465.387823 0.000570
466.388657 0.000625
467.389491 0.000691
468.390325 0.000769
469.391159 0.000861
470.391993 0.000965
471.392827 0.001082
472.393661 0.001210
473.394495 0.001349
474.395329 0.001496
475.396163 0.001648
476.396997 0.001802
477.397832 0.001953
478.398666 0.002098
479.399500 0.002230
480.400334 0.002346
481.401168 0.002439
482.402002 0.002507
483.402836 0.002544
484.403670 0.002551
485.404504 0.002526
486.405338 0.002472
487.406172 0.002391
488.407006 0.002289
489.407840 0.002171
490.408674 0.002042
491.409508 0.001907
492.410342 0.001770
493.411176 0.001633
494.412010 0.001498
495.412844 0.001365
496.413678 0.001237
497.414512 0.001112
498.415346 0.000993
499.416180 0.000880
500.417014 0.000775
501.417848 0.000680
502.418682 0.000595
503.419516 0.000521
504.420350 0.000457
505.421184 0.000404
506.422018 0.000359
507.422852 0.000321
508.423686 0.000289
509.424520 0.000262
510.425354 0.000238
511.426188 0.000216
512.427023 0.000197
513.427857 0.000180
514.428691 0.000166
515.429525 0.000153
516.430359 0.000142
517.431193 0.000133
518.432027 0.000125
519.432861 0.000119
520.433695 0.000115
521.434529 0.000112
522.435363 0.000109
523.436197 0.000107
524.437031 0.000105
525.437865 0.000104
526.438699 0.000102
527.439533 0.000100
528.440367 0.000098
529.441201 0.000094
530.442035 0.000091
531.442869 0.000086
532.443703 0.000081
533.444537 0.000076
534.445371 0.000071
535.446205 0.000067
536.447039 0.000063
537.447873 0.000060
538.448707 0.000058
539.449541 0.000056
540.450375 0.000055
541.451209 0.000055
542.452043 0.000055
543.452877 0.000054
544.453711 0.000054
545.454545 0.000053
546.455379 0.000052
547.456214 0.000051
548.457048 0.000049
549.457882 0.000047
550.458716 0.000045
551.459550 0.000042
552.460384 0.000040
553.461218 0.000038
554.462052 0.000035
555.462886 0.000034
556.463720 0.000032
557.464554 0.000031
558.465388 0.000031
559.466222 0.000030
560.467056 0.000031
561.467890 0.000031
562.468724 0.000031
563.469558 0.000032
564.470392 0.000033
565.471226 0.000033
566.472060 0.000034
567.472894 0.000034
568.473728 0.000035
569.474562 0.000035
570.475396 0.000035
571.476230 0.000034
572.477064 0.000034
573.477898 0.000034
574.478732 0.000033
575.479566 0.000033
576.480400 0.000032
577.481234 0.000032
578.482068 0.000032
579.482902 0.000032
580.483736 0.000032
581.484570 0.000032
582.485405 0.000032
583.486239 0.000033
584.487073 0.000033
585.487907 0.000033
586.488741 0.000033
587.489575 0.000033
588.490409 0.000033
589.491243 0.000032
590.492077 0.000031
591.492911 0.000030
592.493745 0.000029
593.494579 0.000028
594.495413 0.000027
595.496247 0.000026
596.497081 0.000025
597.497915 0.000024
598.498749 0.000023
599.499583 0.000023
600.500417 0.000023
601.501251 0.000023
602.502085 0.000023
603.502919 0.000023
604.503753 0.000024
605.504587 0.000026
606.505421 0.000027
607.506255 0.000029
608.507089 0.000030
609.507923 0.000032
610.508757 0.000033
611.509591 0.000035
612.510425 0.000036
613.511259 0.000037
614.512093 0.000037
615.512927 0.000037
616.513761 0.000037
617.514595 0.000037
618.515430 0.000037
619.516264 0.000036
620.517098 0.000035
621.517932 0.000034
622.518766 0.000033
623.519600 0.000033
624.520434 0.000032
625.521268 0.000032
626.522102 0.000032
627.522936 0.000032
628.523770 0.000032
629.524604 0.000032
630.525438 0.000033
631.526272 0.000034
632.527106 0.000034
633.527940 0.000035
634.528774 0.000036
635.529608 0.000037
636.530442 0.000038
637.531276 0.000039
638.532110 0.000040
639.532944 0.000042
640.533778 0.000043
641.534612 0.000044
642.535446 0.000045
643.536280 0.000046
644.537114 0.000046
645.537948 0.000047
646.538782 0.000046
647.539616 0.000046
648.540450 0.000045
649.541284 0.000045
650.542118 0.000044
651.542952 0.000044
652.543786 0.000044
653.544621 0.000045
654.545455 0.000046
655.546289 0.000047
656.547123 0.000050
657.547957 0.000052
658.548791 0.000055
659.549625 0.000059
660.550459 0.000062
661.551293 0.000067
662.552127 0.000072
663.552961 0.000078
664.553795 0.000085
665.554629 0.000093
666.555463 0.000104
667.556297 0.000116
668.557131 0.000130
669.557965 0.000147
670.558799 0.000166
671.559633 0.000187
672.560467 0.000209
673.561301 0.000233
674.562135 0.000258
675.562969 0.000284
676.563803 0.000310
677.564637 0.000337
678.565471 0.000364
679.566305 0.000392
680.567139 0.000421
681.567973 0.000453
682.568807 0.000490
683.569641 0.000533
684.570475 0.000586
685.571309 0.000651
686.572143 0.000731
687.572977 0.000828
688.573812 0.000943
689.574646 0.001080
690.575480 0.001236
691.576314 0.001413
692.577148 0.001609
693.577982 0.001819
694.578816 0.002038
695.579650 0.002259
696.580484 0.002471
697.581318 0.002663
698.582152 0.002821
699.582986 0.002932
700.583820 0.002987
701.584654 0.002978
702.585488 0.002904
703.586322 0.002770
704.587156 0.002583
705.587990 0.002356
706.588824 0.002107
707.589658 0.001849
708.590492 0.001596
709.591326 0.001361
710.592160 0.001151
711.592994 0.000969
712.593828 0.000818
713.594662 0.000696
714.595496 0.000599
715.596330 0.000525
716.597164 0.000469
717.597998 0.000427
718.598832 0.000396
719.599666 0.000374
720.600500 0.000358
721.601334 0.000345
722.602168 0.000335
723.603003 0.000326
724.603837 0.000318
725.604671 0.000311
726.605505 0.000304
727.606339 0.000297
728.607173 0.000292
729.608007 0.000288
730.608841 0.000286
731.609675 0.000286
732.610509 0.000287
733.611343 0.000291
734.612177 0.000295
735.613011 0.000301
736.613845 0.000308
737.614679 0.000316
738.615513 0.000325
739.616347 0.000334
740.617181 0.000343
741.618015 0.000352
742.618849 0.000360
743.619683 0.000368
744.620517 0.000375
745.621351 0.000381
746.622185 0.000387
747.623019 0.000392
748.623853 0.000397
749.624687 0.000403
750.625521 0.000409
751.626355 0.000416
752.627189 0.000424
753.628023 0.000434
754.628857 0.000444
755.629691 0.000455
756.630525 0.000466
757.631359 0.000477
758.632193 0.000487
759.633028 0.000497
760.633862 0.000506
761.634696 0.000513
762.635530 0.000519
763.636364 0.000524
764.637198 0.000528
765.638032 0.000532
766.638866 0.000536
767.639700 0.000541
768.640534 0.000549
769.641368 0.000561
770.642202 0.000576
771.643036 0.000595
772.643870 0.000619
773.644704 0.000649
774.645538 0.000683
775.646372 0.000721
776.647206 0.000762
777.648040 0.000806
778.648874 0.000849
779.649708 0.000892
780.650542 0.000932
781.651376 0.000968
782.652210 0.001001
783.653044 0.001028
784.653878 0.001050
785.654712 0.001066
786.655546 0.001076
787.656380 0.001080
788.657214 0.001078
789.658048 0.001069
790.658882 0.001053
791.659716 0.001031
792.660550 0.001004
793.661384 0.000973
794.662219 0.000938
795.663053 0.000900
796.663887 0.000861
797.664721 0.000821
798.665555 0.000782
799.666389 0.000744
800.667223 0.000708
801.668057 0.000673
802.668891 0.000641
803.669725 0.000611
804.670559 0.000583
805.671393 0.000557
806.672227 0.000533
807.673061 0.000511
808.673895 0.000490
809.674729 0.000470
810.675563 0.000450
811.676397 0.000431
812.677231 0.000412
813.678065 0.000392
814.678899 0.000371
815.679733 0.000351
816.680567 0.000330
817.681401 0.000311
818.682235 0.000293
819.683069 0.000276
820.683903 0.000261
821.684737 0.000249
822.685571 0.000238
823.686405 0.000229
824.687239 0.000220
825.688073 0.000213
826.688907 0.000207
827.689741 0.000200
828.690575 0.000195
829.691410 0.000189
830.692244 0.000184
831.693078 0.000179
832.693912 0.000175
833.694746 0.000172
834.695580 0.000169
835.696414 0.000166
836.697248 0.000163
837.698082 0.000160
838.698916 0.000156
839.699750 0.000153
840.700584 0.000149
841.701418 0.000145
842.702252 0.000140
843.703086 0.000136
844.703920 0.000133
845.704754 0.000129
846.705588 0.000126
847.706422 0.000123
848.707256 0.000120
849.708090 0.000117
850.708924 0.000113
851.709758 0.000111
852.710592 0.000108
853.711426 0.000106
854.712260 0.000105
855.713094 0.000104
856.713928 0.000104
857.714762 0.000105
858.715596 0.000107
859.716430 0.000109
860.717264 0.000112
861.718098 0.000115
862.718932 0.000118
863.719766 0.000122
864.720601 0.000127
865.721435 0.000132
866.722269 0.000137
867.723103 0.000142
868.723937 0.000147
869.724771 0.000152
870.725605 0.000156
871.726439 0.000160
872.727273 0.000164
873.728107 0.000168
874.728941 0.000172
875.729775 0.000177
876.730609 0.000182
877.731443 0.000187
878.732277 0.000192
879.733111 0.000198
880.733945 0.000203
881.734779 0.000207
882.735613 0.000211
883.736447 0.000214
884.737281 0.000216
885.738115 0.000217
886.738949 0.000219
887.739783 0.000220
888.740617 0.000221
889.741451 0.000222
890.742285 0.000223
891.743119 0.000224
892.743953 0.000224
893.744787 0.000225
894.745621 0.000225
895.746455 0.000224
896.747289 0.000223
897.748123 0.000221
898.748957 0.000218
899.749791 0.000215
900.750626 0.000211
901.751460 0.000207
902.752294 0.000203
903.753128 0.000199
904.753962 0.000195
905.754796 0.000192
906.755630 0.000190
907.756464 0.000188
908.757298 0.000186
909.758132 0.000185
910.758966 0.000184
911.759800 0.000184
912.760634 0.000185
913.761468 0.000186
914.762302 0.000187
915.763136 0.000190
916.763970 0.000193
917.764804 0.000196
918.765638 0.000201
919.766472 0.000205
920.767306 0.000210
921.768140 0.000215
922.768974 0.000220
923.769808 0.000225
924.770642 0.000230
925.771476 0.000235
926.772310 0.000240
927.773144 0.000244
928.773978 0.000249
929.774812 0.000254
930.775646 0.000259
931.776480 0.000264
932.777314 0.000269
933.778148 0.000273
934.778982 0.000276
935.779817 0.000279
936.780651 0.000281
937.781485 0.000282
938.782319 0.000282
939.783153 0.000283
940.783987 0.000284
941.784821 0.000285
942.785655 0.000288
943.786489 0.000292
944.787323 0.000297
945.788157 0.000304
946.788991 0.000311
947.789825 0.000318
948.790659 0.000326
949.791493 0.000333
950.792327 0.000340
951.793161 0.000347
952.793995 0.000353
953.794829 0.000359
954.795663 0.000365
955.796497 0.000371
956.797331 0.000377
957.798165 0.000384
958.798999 0.000391
959.799833 0.000398
960.800667 0.000406
961.801501 0.000414
962.802335 0.000421
963.803169 0.000428
964.804003 0.000435
965.804837 0.000440
966.805671 0.000445
967.806505 0.000449
968.807339 0.000454
969.808173 0.000459
970.809008 0.000465
971.809842 0.000474
972.810676 0.000485
973.811510 0.000500
974.812344 0.000518
975.813178 0.000541
976.814012 0.000568
977.814846 0.000600
978.815680 0.000635
979.816514 0.000674
980.817348 0.000715
981.818182 0.000757
982.819016 0.000800
983.819850 0.000841
984.820684 0.000881
985.821518 0.000917
986.822352 0.000950
987.823186 0.000978
988.824020 0.001000
989.824854 0.001017
990.825688 0.001027
991.826522 0.001029
992.827356 0.001024
993.828190 0.001011
994.829024 0.000990
995.829858 0.000961
996.830692 0.000925
997.831526 0.000883
998.832360 0.000836
999.833194 0.000786
1000.834028 0.000734
1001.834862 0.000681
1002.835696 0.000630
1003.836530 0.000581
1004.837364 0.000536
1005.838198 0.000495
1006.839033 0.000458
1007.839867 0.000426
1008.840701 0.000399
1009.841535 0.000377
1010.842369 0.000358
1011.843203 0.000342
1012.844037 0.000329
1013.844871 0.000317
1014.845705 0.000307
1015.846539 0.000298
1016.847373 0.000289
1017.848207 0.000280
1018.849041 0.000272
1019.849875 0.000263
1020.850709 0.000255
1021.851543 0.000248
1022.852377 0.000240
1023.853211 0.000234
1024.854045 0.000228
1025.854879 0.000222
1026.855713 0.000217
1027.856547 0.000213
1028.857381 0.000209
1029.858215 0.000205
1030.859049 0.000201
1031.859883 0.000197
1032.860717 0.000194
1033.861551 0.000191
1034.862385 0.000189
1035.863219 0.000187
1036.864053 0.000186
1037.864887 0.000186
1038.865721 0.000185
1039.866555 0.000185
1040.867389 0.000185
1041.868224 0.000185
1042.869058 0.000185
1043.869892 0.000184
1044.870726 0.000184
1045.871560 0.000183
1046.872394 0.000182
1047.873228 0.000180
1048.874062 0.000177
1049.874896 0.000174
1050.875730 0.000169
1051.876564 0.000164
1052.877398 0.000158
1053.878232 0.000152
1054.879066 0.000146
1055.879900 0.000141
1056.880734 0.000136
1057.881568 0.000133
1058.882402 0.000131
1059.883236 0.000130
1060.884070 0.000129
1061.884904 0.000129
1062.885738 0.000129
1063.886572 0.000128
1064.887406 0.000127
1065.888240 0.000126
1066.889074 0.000124
1067.889908 0.000122
1068.890742 0.000120
1069.891576 0.000118
1070.892410 0.000116
1071.893244 0.000115
1072.894078 0.000114
1073.894912 0.000114
1074.895746 0.000113
1075.896580 0.000113
1076.897415 0.000112
1077.898249 0.000111
1078.899083 0.000110
1079.899917 0.000108
1080.900751 0.000106
1081.901585 0.000103
1082.902419 0.000101
1083.903253 0.000098
1084.904087 0.000095
1085.904921 0.000092
1086.905755 0.000090
1087.906589 0.000087
1088.907423 0.000084
1089.908257 0.000081
1090.909091 0.000078
1091.909925 0.000075
1092.910759 0.000073
1093.911593 0.000071
1094.912427 0.000070
1095.913261 0.000069
1096.914095 0.000069
1097.914929 0.000070
1098.915763 0.000071
1099.916597 0.000073
1100.917431 0.000075
1101.918265 0.000078
1102.919099 0.000080
1103.919933 0.000081
1104.920767 0.000083
1105.921601 0.000083
1106.922435 0.000083
1107.923269 0.000083
1108.924103 0.000083
1109.924937 0.000082
1110.925771 0.000082
1111.926606 0.000082
1112.927440 0.000082
1113.928274 0.000082
1114.929108 0.000082
1115.929942 0.000083
1116.930776 0.000083
1117.931610 0.000084
1118.932444 0.000084
1119.933278 0.000085
1120.934112 0.000085
1121.934946 0.000086
1122.935780 0.000088
1123.936614 0.000089
1124.937448 0.000091
1125.938282 0.000093
1126.939116 0.000094
1127.939950 0.000095
1128.940784 0.000096
1129.941618 0.000097
1130.942452 0.000097
1131.943286 0.000098
1132.944120 0.000099
1133.944954 0.000101
1134.945788 0.000103
1135.946622 0.000107
1136.947456 0.000112
1137.948290 0.000117
1138.949124 0.000123
1139.949958 0.000129
1140.950792 0.000135
1141.951626 0.000141
1142.952460 0.000146
1143.953294 0.000150
1144.954128 0.000154
1145.954962 0.000157
1146.955796 0.000160
1147.956631 0.000163
1148.957465 0.000167
1149.958299 0.000171
1150.959133 0.000176
1151.959967 0.000181
1152.960801 0.000187
1153.961635 0.000193
1154.962469 0.000201
1155.963303 0.000209
1156.964137 0.000218
1157.964971 0.000227
1158.965805 0.000237
1159.966639 0.000247
1160.967473 0.000258
1161.968307 0.000268
1162.969141 0.000278
1163.969975 0.000288
1164.970809 0.000298
1165.971643 0.000308
1166.972477 0.000319
1167.973311 0.000332
1168.974145 0.000348
1169.974979 0.000368
1170.975813 0.000395
1171.976647 0.000429
1172.977481 0.000472
1173.978315 0.000526
1174.979149 0.000594
1175.979983 0.000679
1176.980817 0.000784
1177.981651 0.000916
1178.982485 0.001082
1179.983319 0.001293
1180.984153 0.001565
1181.984987 0.001916
1182.985822 0.002372
1183.986656 0.002963
1184.987490 0.003724
1185.988324 0.004690
1186.989158 0.005895
1187.989992 0.007362
1188.990826 0.009095
1189.991660 0.011067
1190.992494 0.013214
1191.993328 0.015429
1192.994162 0.017563
1193.994996 0.019443
1194.995830 0.020887
1195.996664 0.021735
1196.997498 0.021875
1197.998332 0.021267
1198.999166 0.019951
1200.000000 0.018044
