0.500000 0.021512
1.500000 0.012732
2.500000 0.007906
3.500000 0.006617
4.500000 0.003429
5.500000 0.002533
6.500000 0.002730
7.500000 0.002708
8.500000 0.002533
9.500000 0.002075
10.500000 0.001179
11.500000 0.001179
12.500000 0.000939
13.500000 0.000874
14.500000 0.000852
15.500000 0.000764
16.500000 0.000721
17.500000 0.000786
18.500000 0.000721
19.500000 0.000721
20.500000 0.000764
21.500000 0.000983
22.500000 0.000917
23.500000 0.000480
24.500000 0.000633
25.500000 0.000568
26.500000 0.000502
27.500000 0.000371
28.500000 0.000699
29.500000 0.000655
30.500000 0.000459
31.500000 0.000459
32.500000 0.000480
33.500000 0.000568
34.500000 0.000437
35.500000 0.000480
36.500000 0.000371
37.500000 0.000437
38.500000 0.000349
39.500000 0.000502
40.500000 0.000371
41.500000 0.000524
42.500000 0.000524
43.500000 0.000480
44.500000 0.000393
45.500000 0.000480
46.500000 0.000371
47.500000 0.000349
48.500000 0.000502
49.500000 0.000437
50.500000 0.000524
51.500000 0.000459
52.500000 0.000328
53.500000 0.000830
54.500000 0.000371
55.500000 0.000568
56.500000 0.000437
57.500000 0.000546
58.500000 0.000568
59.500000 0.000721
60.500000 0.000633
61.500000 0.000743
62.500000 0.000983
63.500000 0.000808
64.500000 0.001048
65.500000 0.000786
66.500000 0.001092
67.500000 0.001354
68.500000 0.001310
69.500000 0.001507
70.500000 0.002293
71.500000 0.002206
72.500000 0.002118
73.500000 0.002730
74.500000 0.002315
75.500000 0.002424
76.500000 0.002970
77.500000 0.003429
78.500000 0.004324
79.500000 0.005787
80.500000 0.006945
81.500000 0.011160
82.500000 0.014261
83.500000 0.016292
84.500000 0.019939
85.500000 0.022516
86.500000 0.018585
87.500000 0.011204
88.500000 0.008998
89.500000 0.006464
90.500000 0.005504
91.500000 0.003625
92.500000 0.003778
93.500000 0.003036
94.500000 0.002206
95.500000 0.003123
96.500000 0.002992
97.500000 0.003210
98.500000 0.002271
99.500000 0.001703
100.500000 0.000917
101.500000 0.000764
102.500000 0.000852
103.500000 0.000961
104.500000 0.000917
105.500000 0.000480
106.500000 0.000415
107.500000 0.000284
108.500000 0.000262
109.500000 0.000218
110.500000 0.000218
111.500000 0.000175
112.500000 0.000197
113.500000 0.000218
114.500000 0.000131
115.500000 0.000153
116.500000 0.000175
117.500000 0.000153
118.500000 0.000153
119.500000 0.000153
120.500000 0.000087
121.500000 0.000153
122.500000 0.000131
123.500000 0.000109
124.500000 0.000131
125.500000 0.000153
126.500000 0.000087
127.500000 0.000109
128.500000 0.000240
129.500000 0.000349
130.500000 0.000633
131.500000 0.000284
132.500000 0.000153
133.500000 0.000153
134.500000 0.000218
135.500000 0.000044
136.500000 0.000153
137.500000 0.000109
138.500000 0.000197
139.500000 0.000087
140.500000 0.000197
141.500000 0.000153
142.500000 0.000087
143.500000 0.000087
144.500000 0.000022
145.500000 0.000022
146.500000 0.000087
147.500000 0.000131
148.500000 0.000109
149.500000 0.000087
150.500000 0.000153
151.500000 0.000306
152.500000 0.000153
153.500000 0.000109
154.500000 0.000153
155.500000 0.000153
156.500000 0.000109
157.500000 0.000066
158.500000 0.000131
159.500000 0.000175
160.500000 0.000131
161.500000 0.000087
162.500000 0.000066
163.500000 0.000197
164.500000 0.000109
165.500000 0.000240
166.500000 0.000218
167.500000 0.000349
168.500000 0.000284
169.500000 0.000437
170.500000 0.000306
171.500000 0.000284
172.500000 0.000197
173.500000 0.000306
174.500000 0.000306
175.500000 0.000415
176.500000 0.000502
177.500000 0.000437
178.500000 0.000371
179.500000 0.000437
180.500000 0.000568
181.500000 0.000568
182.500000 0.000524
183.500000 0.000633
184.500000 0.000633
185.500000 0.000852
186.500000 0.000808
187.500000 0.000786
188.500000 0.000655
189.500000 0.000502
190.500000 0.000655
191.500000 0.000612
192.500000 0.000699
193.500000 0.000830
194.500000 0.000939
195.500000 0.000961
196.500000 0.000786
197.500000 0.000786
198.500000 0.000874
199.500000 0.000721
200.500000 0.000808
201.500000 0.000699
202.500000 0.000590
203.500000 0.000590
204.500000 0.000655
205.500000 0.000633
206.500000 0.000743
207.500000 0.000655
208.500000 0.000677
209.500000 0.000502
210.500000 0.000764
211.500000 0.000655
212.500000 0.000677
213.500000 0.000502
214.500000 0.000655
215.500000 0.000590
216.500000 0.000437
217.500000 0.000502
218.500000 0.000459
219.500000 0.000524
220.500000 0.000546
221.500000 0.000612
222.500000 0.000655
223.500000 0.000459
224.500000 0.000415
225.500000 0.000524
226.500000 0.000590
227.500000 0.000371
228.500000 0.000502
229.500000 0.000655
230.500000 0.000524
231.500000 0.000393
232.500000 0.000480
233.500000 0.000546
234.500000 0.000328
235.500000 0.000393
236.500000 0.000262
237.500000 0.000393
238.500000 0.000328
239.500000 0.000393
240.500000 0.000218
241.500000 0.000284
242.500000 0.000371
243.500000 0.000284
244.500000 0.000262
245.500000 0.000393
246.500000 0.000197
247.500000 0.000328
248.500000 0.000197
249.500000 0.000218
250.500000 0.000240
251.500000 0.000262
252.500000 0.000131
253.500000 0.000240
254.500000 0.000153
255.500000 0.000218
256.500000 0.000480
257.500000 0.000153
258.500000 0.000306
259.500000 0.000197
260.500000 0.000131
261.500000 0.000393
262.500000 0.000218
263.500000 0.000175
264.500000 0.000197
265.500000 0.000240
266.500000 0.000262
267.500000 0.000524
268.500000 0.000480
269.500000 0.000262
270.500000 0.000437
271.500000 0.000459
272.500000 0.000306
273.500000 0.000262
274.500000 0.000284
275.500000 0.000284
276.500000 0.000218
277.500000 0.000371
278.500000 0.000459
279.500000 0.000371
280.500000 0.000437
281.500000 0.000546
282.500000 0.000349
283.500000 0.000590
284.500000 0.000415
285.500000 0.000328
286.500000 0.000568
287.500000 0.000393
288.500000 0.000218
289.500000 0.000524
290.500000 0.000393
291.500000 0.000655
292.500000 0.001005
293.500000 0.001376
294.500000 0.001245
295.500000 0.000852
296.500000 0.000808
297.500000 0.000349
298.500000 0.000415
299.500000 0.000480
300.500000 0.000612
301.500000 0.000175
302.500000 0.000328
303.500000 0.000240
304.500000 0.000197
305.500000 0.000175
306.500000 0.000066
307.500000 0.000087
308.500000 0.000218
309.500000 0.000284
310.500000 0.000153
311.500000 0.000153
312.500000 0.000218
313.500000 0.000109
314.500000 0.000087
315.500000 0.000087
316.500000 0.000131
317.500000 0.000218
318.500000 0.000153
319.500000 0.000066
320.500000 0.000109
321.500000 0.000131
322.500000 0.000153
323.500000 0.000109
324.500000 0.000109
325.500000 0.000109
326.500000 0.000109
327.500000 0.000109
328.500000 0.000044
329.500000 0.000131
330.500000 0.000109
331.500000 0.000218
332.500000 0.000087
333.500000 0.000153
334.500000 0.000109
335.500000 0.000044
336.500000 0.000153
337.500000 0.000044
338.500000 0.000131
339.500000 0.000087
340.500000 0.000175
341.500000 0.000131
342.500000 0.000087
343.500000 0.000131
344.500000 0.000087
345.500000 0.000066
346.500000 0.000153
347.500000 0.000044
348.500000 0.000153
349.500000 0.000087
350.500000 0.000109
351.500000 0.000175
352.500000 0.000066
353.500000 0.000044
354.500000 0.000044
355.500000 0.000109
356.500000 0.000153
357.500000 0.000087
358.500000 0.000109
359.500000 0.000197
360.500000 0.000218
361.500000 0.000109
362.500000 0.000087
363.500000 0.000087
364.500000 0.000131
365.500000 0.000109
366.500000 0.000153
367.500000 0.000066
368.500000 0.000066
369.500000 0.000109
370.500000 0.000197
371.500000 0.000044
372.500000 0.000087
373.500000 0.000109
374.500000 0.000218
375.500000 0.000153
376.500000 0.000175
377.500000 0.000066
378.500000 0.000087
379.500000 0.000087
380.500000 0.000066
381.500000 0.000131
382.500000 0.000087
383.500000 0.000153
384.500000 0.000131
385.500000 0.000131
386.500000 0.000109
387.500000 0.000197
388.500000 0.000218
389.500000 0.000131
390.500000 0.000131
391.500000 0.000109
392.500000 0.000087
393.500000 0.000131
394.500000 0.000153
395.500000 0.000131
396.500000 0.000087
397.500000 0.000109
398.500000 0.000131
399.500000 0.000175
400.500000 0.000044
401.500000 0.000197
402.500000 0.000240
403.500000 0.000175
404.500000 0.000175
405.500000 0.000131
406.500000 0.000109
407.500000 0.000175
408.500000 0.000240
409.500000 0.000131
410.500000 0.000197
411.500000 0.000044
412.500000 0.000066
413.500000 0.000197
414.500000 0.000131
415.500000 0.000131
416.500000 0.000087
417.500000 0.000175
418.500000 0.000197
419.500000 0.000175
420.500000 0.000262
421.500000 0.000087
422.500000 0.000066
423.500000 0.000175
424.500000 0.000218
425.500000 0.000066
426.500000 0.000153
427.500000 0.000197
428.500000 0.000175
429.500000 0.000240
430.500000 0.000284
431.500000 0.000087
432.500000 0.000131
433.500000 0.000175
434.500000 0.000284
435.500000 0.000175
436.500000 0.000153
437.500000 0.000197
438.500000 0.000240
439.500000 0.000175
440.500000 0.000371
441.500000 0.000175
442.500000 0.000328
443.500000 0.000197
444.500000 0.000349
445.500000 0.000262
446.500000 0.000197
447.500000 0.000262
448.500000 0.000175
449.500000 0.000153
450.500000 0.000284
451.500000 0.000306
452.500000 0.000240
453.500000 0.000371
454.500000 0.000480
455.500000 0.000197
456.500000 0.000568
457.500000 0.000197
458.500000 0.000306
459.500000 0.000371
460.500000 0.000459
461.500000 0.000677
462.500000 0.000284
463.500000 0.000328
464.500000 0.000306
465.500000 0.000524
466.500000 0.000480
467.500000 0.000764
468.500000 0.000502
469.500000 0.000546
470.500000 0.000808
471.500000 0.000852
472.500000 0.000983
473.500000 0.001245
474.500000 0.001485
475.500000 0.001856
476.500000 0.001572
477.500000 0.001791
478.500000 0.002315
479.500000 0.002424
480.500000 0.002468
481.500000 0.003320
482.500000 0.002664
483.500000 0.002686
484.500000 0.003079
485.500000 0.004193
486.500000 0.002730
487.500000 0.002184
488.500000 0.002206
489.500000 0.002337
490.500000 0.002293
491.500000 0.001878
492.500000 0.001048
493.500000 0.001354
494.500000 0.001223
495.500000 0.001703
496.500000 0.001966
497.500000 0.001070
498.500000 0.000874
499.500000 0.000655
500.500000 0.000371
501.500000 0.000612
502.500000 0.000262
503.500000 0.000328
504.500000 0.000328
505.500000 0.000349
506.500000 0.000284
507.500000 0.000349
508.500000 0.000328
509.500000 0.000153
510.500000 0.000349
511.500000 0.000153
512.500000 0.000175
513.500000 0.000131
514.500000 0.000109
515.500000 0.000109
516.500000 0.000175
517.500000 0.000131
518.500000 0.000044
519.500000 0.000066
520.500000 0.000109
521.500000 0.000175
522.500000 0.000109
523.500000 0.000087
524.500000 0.000087
525.500000 0.000066
526.500000 0.000109
527.500000 0.000109
528.500000 0.000087
529.500000 0.000175
530.500000 0.000131
531.500000 0.000109
532.500000 0.000109
533.500000 0.000022
534.500000 0.000022
535.500000 0.000066
536.500000 0.000044
537.500000 0.000066
538.500000 0.000000
539.500000 0.000066
540.500000 0.000066
541.500000 0.000066
542.500000 0.000022
543.500000 0.000087
544.500000 0.000044
545.500000 0.000109
546.500000 0.000022
547.500000 0.000044
548.500000 0.000022
549.500000 0.000109
550.500000 0.000066
551.500000 0.000044
552.500000 0.000022
553.500000 0.000022
554.500000 0.000000
555.500000 0.000066
556.500000 0.000022
557.500000 0.000022
558.500000 0.000000
559.500000 0.000022
560.500000 0.000066
561.500000 0.000066
562.500000 0.000000
563.500000 0.000000
564.500000 0.000000
565.500000 0.000087
566.500000 0.000044
567.500000 0.000022
568.500000 0.000022
569.500000 0.000066
570.500000 0.000022
571.500000 0.000022
572.500000 0.000087
573.500000 0.000000
574.500000 0.000022
575.500000 0.000087
576.500000 0.000000
577.500000 0.000022
578.500000 0.000022
579.500000 0.000044
580.500000 0.000000
581.500000 0.000066
582.500000 0.000000
583.500000 0.000022
584.500000 0.000087
585.500000 0.000022
586.500000 0.000044
587.500000 0.000000
588.500000 0.000044
589.500000 0.000022
590.500000 0.000066
591.500000 0.000022
592.500000 0.000044
593.500000 0.000044
594.500000 0.000000
595.500000 0.000000
596.500000 0.000022
597.500000 0.000044
598.500000 0.000044
599.500000 0.000000
600.500000 0.000022
601.500000 0.000022
602.500000 0.000022
603.500000 0.000000
604.500000 0.000044
605.500000 0.000000
606.500000 0.000022
607.500000 0.000000
608.500000 0.000044
609.500000 0.000087
610.500000 0.000022
611.500000 0.000044
612.500000 0.000000
613.500000 0.000044
614.500000 0.000044
615.500000 0.000066
616.500000 0.000022
617.500000 0.000044
618.500000 0.000066
619.500000 0.000022
620.500000 0.000066
621.500000 0.000000
622.500000 0.000022
623.500000 0.000022
624.500000 0.000044
625.500000 0.000022
626.500000 0.000044
627.500000 0.000022
628.500000 0.000044
629.500000 0.000000
630.500000 0.000022
631.500000 0.000022
632.500000 0.000087
633.500000 0.000000
634.500000 0.000087
635.500000 0.000022
636.500000 0.000022
637.500000 0.000022
638.500000 0.000044
639.500000 0.000044
640.500000 0.000066
641.500000 0.000000
642.500000 0.000044
643.500000 0.000044
644.500000 0.000131
645.500000 0.000066
646.500000 0.000000
647.500000 0.000022
648.500000 0.000044
649.500000 0.000087
650.500000 0.000044
651.500000 0.000044
652.500000 0.000022
653.500000 0.000022
654.500000 0.000022
655.500000 0.000044
656.500000 0.000022
657.500000 0.000109
658.500000 0.000022
659.500000 0.000087
660.500000 0.000044
661.500000 0.000131
662.500000 0.000044
663.500000 0.000022
664.500000 0.000022
665.500000 0.000131
666.500000 0.000066
667.500000 0.000066
668.500000 0.000066
669.500000 0.000197
670.500000 0.000109
671.500000 0.000175
672.500000 0.000109
673.500000 0.000262
674.500000 0.000197
675.500000 0.000349
676.500000 0.000284
677.500000 0.000284
678.500000 0.000415
679.500000 0.000371
680.500000 0.000524
681.500000 0.000480
682.500000 0.000480
683.500000 0.000262
684.500000 0.000590
685.500000 0.000459
686.500000 0.000524
687.500000 0.000502
688.500000 0.000612
689.500000 0.000655
690.500000 0.000633
691.500000 0.001616
692.500000 0.001420
693.500000 0.001747
694.500000 0.001354
695.500000 0.002053
696.500000 0.002555
697.500000 0.002249
698.500000 0.002752
699.500000 0.003603
700.500000 0.005067
701.500000 0.004979
702.500000 0.005001
703.500000 0.003407
704.500000 0.003625
705.500000 0.001944
706.500000 0.001922
707.500000 0.001376
708.500000 0.001026
709.500000 0.000568
710.500000 0.000633
711.500000 0.000655
712.500000 0.000524
713.500000 0.000437
714.500000 0.000328
715.500000 0.000349
716.500000 0.000546
717.500000 0.000197
718.500000 0.000437
719.500000 0.000218
720.500000 0.000306
721.500000 0.000328
722.500000 0.000393
723.500000 0.000349
724.500000 0.000284
725.500000 0.000524
726.500000 0.000328
727.500000 0.000175
728.500000 0.000262
729.500000 0.000153
730.500000 0.000197
731.500000 0.000415
732.500000 0.000175
733.500000 0.000328
734.500000 0.000284
735.500000 0.000218
736.500000 0.000459
737.500000 0.000240
738.500000 0.000306
739.500000 0.000306
740.500000 0.000349
741.500000 0.000218
742.500000 0.000568
743.500000 0.000349
744.500000 0.000415
745.500000 0.000415
746.500000 0.000415
747.500000 0.000393
748.500000 0.000349
749.500000 0.000284
750.500000 0.000415
751.500000 0.000371
752.500000 0.000524
753.500000 0.000349
754.500000 0.000415
755.500000 0.000612
756.500000 0.000218
757.500000 0.000612
758.500000 0.000393
759.500000 0.000524
760.500000 0.000524
761.500000 0.000568
762.500000 0.000655
763.500000 0.000568
764.500000 0.000590
765.500000 0.000480
766.500000 0.000393
767.500000 0.000546
768.500000 0.000480
769.500000 0.000502
770.500000 0.000677
771.500000 0.000437
772.500000 0.000546
773.500000 0.000502
774.500000 0.000721
775.500000 0.000590
776.500000 0.000677
777.500000 0.000568
778.500000 0.000808
779.500000 0.001136
780.500000 0.001157
781.500000 0.001092
782.500000 0.001026
783.500000 0.001092
784.500000 0.000830
785.500000 0.001070
786.500000 0.001420
787.500000 0.000961
788.500000 0.001289
789.500000 0.001376
790.500000 0.000895
791.500000 0.001157
792.500000 0.001070
793.500000 0.000917
794.500000 0.001114
795.500000 0.001026
796.500000 0.000830
797.500000 0.000633
798.500000 0.000699
799.500000 0.000852
800.500000 0.000852
801.500000 0.000524
802.500000 0.000590
803.500000 0.000415
804.500000 0.000764
805.500000 0.000546
806.500000 0.000546
807.500000 0.000524
808.500000 0.000437
809.500000 0.000349
810.500000 0.000415
811.500000 0.000371
812.500000 0.000524
813.500000 0.000546
814.500000 0.000524
815.500000 0.000349
816.500000 0.000218
817.500000 0.000240
818.500000 0.000218
819.500000 0.000240
820.500000 0.000262
821.500000 0.000328
822.500000 0.000131
823.500000 0.000175
824.500000 0.000240
825.500000 0.000262
826.500000 0.000197
827.500000 0.000197
828.500000 0.000218
829.500000 0.000175
830.500000 0.000197
831.500000 0.000218
832.500000 0.000109
833.500000 0.000131
834.500000 0.000087
835.500000 0.000153
836.500000 0.000262
837.500000 0.000218
838.500000 0.000153
839.500000 0.000153
840.500000 0.000153
841.500000 0.000175
842.500000 0.000131
843.500000 0.000109
844.500000 0.000066
845.500000 0.000131
846.500000 0.000131
847.500000 0.000109
848.500000 0.000153
849.500000 0.000131
850.500000 0.000197
851.500000 0.000131
852.500000 0.000066
853.500000 0.000022
854.500000 0.000109
855.500000 0.000066
856.500000 0.000022
857.500000 0.000131
858.500000 0.000197
859.500000 0.000109
860.500000 0.000175
861.500000 0.000044
862.500000 0.000044
863.500000 0.000087
864.500000 0.000087
865.500000 0.000175
866.500000 0.000240
867.500000 0.000087
868.500000 0.000087
869.500000 0.000197
870.500000 0.000153
871.500000 0.000175
872.500000 0.000240
873.500000 0.000197
874.500000 0.000197
875.500000 0.000044
876.500000 0.000087
877.500000 0.000153
878.500000 0.000197
879.500000 0.000349
880.500000 0.000109
881.500000 0.000218
882.500000 0.000175
883.500000 0.000480
884.500000 0.000240
885.500000 0.000087
886.500000 0.000131
887.500000 0.000131
888.500000 0.000262
889.500000 0.000349
890.500000 0.000284
891.500000 0.000153
892.500000 0.000175
893.500000 0.000218
894.500000 0.000218
895.500000 0.000262
896.500000 0.000240
897.500000 0.000284
898.500000 0.000131
899.500000 0.000240
900.500000 0.000262
901.500000 0.000240
902.500000 0.000240
903.500000 0.000131
904.500000 0.000153
905.500000 0.000197
906.500000 0.000131
907.500000 0.000153
908.500000 0.000262
909.500000 0.000240
910.500000 0.000197
911.500000 0.000131
912.500000 0.000197
913.500000 0.000175
914.500000 0.000131
915.500000 0.000131
916.500000 0.000175
917.500000 0.000284
918.500000 0.000175
919.500000 0.000218
920.500000 0.000197
921.500000 0.000153
922.500000 0.000262
923.500000 0.000197
924.500000 0.000262
925.500000 0.000197
926.500000 0.000328
927.500000 0.000306
928.500000 0.000197
929.500000 0.000087
930.500000 0.000306
931.500000 0.000328
932.500000 0.000240
933.500000 0.000262
934.500000 0.000306
935.500000 0.000328
936.500000 0.000240
937.500000 0.000393
938.500000 0.000262
939.500000 0.000284
940.500000 0.000284
941.500000 0.000218
942.500000 0.000306
943.500000 0.000218
944.500000 0.000218
945.500000 0.000218
946.500000 0.000480
947.500000 0.000306
948.500000 0.000328
949.500000 0.000328
950.500000 0.000306
951.500000 0.000371
952.500000 0.000284
953.500000 0.000590
954.500000 0.000349
955.500000 0.000197
956.500000 0.000306
957.500000 0.000480
958.500000 0.000371
959.500000 0.000349
960.500000 0.000371
961.500000 0.000546
962.500000 0.000284
963.500000 0.000437
964.500000 0.000480
965.500000 0.000546
966.500000 0.000371
967.500000 0.000459
968.500000 0.000480
969.500000 0.000437
970.500000 0.000546
971.500000 0.000393
972.500000 0.000393
973.500000 0.000437
974.500000 0.000415
975.500000 0.000524
976.500000 0.000633
977.500000 0.000437
978.500000 0.000480
979.500000 0.000393
980.500000 0.000895
981.500000 0.000633
982.500000 0.000961
983.500000 0.001005
984.500000 0.000480
985.500000 0.001070
986.500000 0.001376
987.500000 0.000743
988.500000 0.001048
989.500000 0.001201
990.500000 0.000808
991.500000 0.001289
992.500000 0.001005
993.500000 0.001136
994.500000 0.001332
995.500000 0.001245
996.500000 0.000939
997.500000 0.000852
998.500000 0.000917
999.500000 0.000808
1000.500000 0.000699
1001.500000 0.000764
1002.500000 0.000612
1003.500000 0.000612
1004.500000 0.000415
1005.500000 0.000437
1006.500000 0.000459
1007.500000 0.000328
1008.500000 0.000262
1009.500000 0.000262
1010.500000 0.000415
1011.500000 0.000393
1012.500000 0.000349
1013.500000 0.000262
1014.500000 0.000218
1015.500000 0.000415
1016.500000 0.000240
1017.500000 0.000284
1018.500000 0.000218
1019.500000 0.000415
1020.500000 0.000262
1021.500000 0.000262
1022.500000 0.000153
1023.500000 0.000240
1024.500000 0.000153
1025.500000 0.000218
1026.500000 0.000218
1027.500000 0.000218
1028.500000 0.000284
1029.500000 0.000197
1030.500000 0.000218
1031.500000 0.000218
1032.500000 0.000197
1033.500000 0.000109
1034.500000 0.000175
1035.500000 0.000153
1036.500000 0.000197
1037.500000 0.000153
1038.500000 0.000153
1039.500000 0.000284
1040.500000 0.000240
1041.500000 0.000109
1042.500000 0.000240
1043.500000 0.000153
1044.500000 0.000131
1045.500000 0.000197
1046.500000 0.000131
1047.500000 0.000175
1048.500000 0.000218
1049.500000 0.000262
1050.500000 0.000131
1051.500000 0.000284
1052.500000 0.000197
1053.500000 0.000175
1054.500000 0.000044
1055.500000 0.000087
1056.500000 0.000131
1057.500000 0.000087
1058.500000 0.000109
1059.500000 0.000131
1060.500000 0.000197
1061.500000 0.000109
1062.500000 0.000109
1063.500000 0.000131
1064.500000 0.000131
1065.500000 0.000153
1066.500000 0.000109
1067.500000 0.000262
1068.500000 0.000044
1069.500000 0.000109
1070.500000 0.000109
1071.500000 0.000066
1072.500000 0.000109
1073.500000 0.000022
1074.500000 0.000153
1075.500000 0.000153
1076.500000 0.000131
1077.500000 0.000175
1078.500000 0.000153
1079.500000 0.000087
1080.500000 0.000066
1081.500000 0.000044
1082.500000 0.000087
1083.500000 0.000153
1084.500000 0.000153
1085.500000 0.000087
1086.500000 0.000044
1087.500000 0.000066
1088.500000 0.000087
1089.500000 0.000153
1090.500000 0.000066
1091.500000 0.000066
1092.500000 0.000044
1093.500000 0.000087
1094.500000 0.000044
1095.500000 0.000087
1096.500000 0.000066
1097.500000 0.000044
1098.500000 0.000044
1099.500000 0.000044
1100.500000 0.000044
1101.500000 0.000087
1102.500000 0.000131
1103.500000 0.000087
1104.500000 0.000153
1105.500000 0.000022
1106.500000 0.000131
1107.500000 0.000087
1108.500000 0.000087
1109.500000 0.000022
1110.500000 0.000109
1111.500000 0.000109
1112.500000 0.000044
1113.500000 0.000066
1114.500000 0.000066
1115.500000 0.000066
1116.500000 0.000175
1117.500000 0.000066
1118.500000 0.000087
1119.500000 0.000022
1120.500000 0.000175
1121.500000 0.000022
1122.500000 0.000022
1123.500000 0.000153
1124.500000 0.000022
1125.500000 0.000109
1126.500000 0.000131
1127.500000 0.000109
1128.500000 0.000153
1129.500000 0.000066
1130.500000 0.000109
1131.500000 0.000087
1132.500000 0.000131
1133.500000 0.000044
1134.500000 0.000044
1135.500000 0.000131
1136.500000 0.000066
1137.500000 0.000087
1138.500000 0.000044
1139.500000 0.000175
1140.500000 0.000175
1141.500000 0.000153
1142.500000 0.000197
1143.500000 0.000197
1144.500000 0.000131
1145.500000 0.000131
1146.500000 0.000131
1147.500000 0.000175
1148.500000 0.000131
1149.500000 0.000153
1150.500000 0.000240
1151.500000 0.000131
1152.500000 0.000153
1153.500000 0.000175
1154.500000 0.000262
1155.500000 0.000197
1156.500000 0.000131
1157.500000 0.000218
1158.500000 0.000262
1159.500000 0.000197
1160.500000 0.000197
1161.500000 0.000328
1162.500000 0.000284
1163.500000 0.000371
1164.500000 0.000284
1165.500000 0.000328
1166.500000 0.000262
1167.500000 0.000371
1168.500000 0.000262
1169.500000 0.000284
1170.500000 0.000415
1171.500000 0.000371
1172.500000 0.000218
1173.500000 0.000240
1174.500000 0.000415
1175.500000 0.000371
1176.500000 0.000764
1177.500000 0.000655
1178.500000 0.000743
1179.500000 0.000721
1180.500000 0.000983
1181.500000 0.000961
1182.500000 0.001267
1183.500000 0.001703
1184.500000 0.001616
1185.500000 0.001878
1186.500000 0.002599
1187.500000 0.002621
1188.500000 0.004237
1189.500000 0.005809
1190.500000 0.006377
1191.500000 0.008102
1192.500000 0.011378
1193.500000 0.013475
1194.500000 0.019306
1195.500000 0.027518
1196.500000 0.046015
1197.500000 0.061871
1198.500000 0.053550
1199.500000 0.038262
