0.500000 0.005240
1.500000 0.005770
2.500000 0.004952
3.500000 0.004680
4.500000 0.004982
5.500000 0.004134
6.500000 0.004089
7.500000 0.003786
8.500000 0.003619
9.500000 0.003937
10.500000 0.003301
11.500000 0.003438
12.500000 0.003271
13.500000 0.003317
14.500000 0.003468
15.500000 0.002787
16.500000 0.002953
17.500000 0.002469
18.500000 0.002393
19.500000 0.002272
20.500000 0.002287
21.500000 0.001923
22.500000 0.002060
23.500000 0.002044
24.500000 0.002226
25.500000 0.002029
26.500000 0.002150
27.500000 0.002044
28.500000 0.001878
29.500000 0.001711
30.500000 0.001681
31.500000 0.001802
32.500000 0.001499
33.500000 0.001666
34.500000 0.001560
35.500000 0.001605
36.500000 0.001530
37.500000 0.001696
38.500000 0.001666
39.500000 0.001469
40.500000 0.001166
41.500000 0.001499
42.500000 0.001530
43.500000 0.001348
44.500000 0.001318
45.500000 0.001181
46.500000 0.001318
47.500000 0.001227
48.500000 0.001454
49.500000 0.001408
50.500000 0.001272
51.500000 0.001287
52.500000 0.001166
53.500000 0.001045
54.500000 0.000969
55.500000 0.000878
56.500000 0.001000
57.500000 0.001060
58.500000 0.001106
59.500000 0.001121
60.500000 0.001287
61.500000 0.000969
62.500000 0.001287
63.500000 0.001272
64.500000 0.001227
65.500000 0.001424
66.500000 0.001514
67.500000 0.001106
68.500000 0.000954
69.500000 0.001151
70.500000 0.001196
71.500000 0.000954
72.500000 0.001136
73.500000 0.001227
74.500000 0.001151
75.500000 0.001302
76.500000 0.000954
77.500000 0.001484
78.500000 0.001242
79.500000 0.001378
80.500000 0.001060
81.500000 0.001318
82.500000 0.001469
83.500000 0.001393
84.500000 0.001424
85.500000 0.001636
86.500000 0.001196
87.500000 0.001454
88.500000 0.001393
89.500000 0.001484
90.500000 0.001212
91.500000 0.001212
92.500000 0.001393
93.500000 0.001181
94.500000 0.001393
95.500000 0.001378
96.500000 0.001060
97.500000 0.001136
98.500000 0.001090
99.500000 0.001196
100.500000 0.001242
101.500000 0.001090
102.500000 0.001212
103.500000 0.001272
104.500000 0.001075
105.500000 0.001136
106.500000 0.001030
107.500000 0.001045
108.500000 0.000727
109.500000 0.000909
110.500000 0.000803
111.500000 0.000909
112.500000 0.000924
113.500000 0.001121
114.500000 0.001151
115.500000 0.000848
116.500000 0.000848
117.500000 0.000878
118.500000 0.000560
119.500000 0.000712
120.500000 0.000818
121.500000 0.000787
122.500000 0.000727
123.500000 0.000681
124.500000 0.000636
125.500000 0.000697
126.500000 0.000924
127.500000 0.000848
128.500000 0.000833
129.500000 0.000772
130.500000 0.000681
131.500000 0.000697
132.500000 0.000545
133.500000 0.000757
134.500000 0.000697
135.500000 0.000757
136.500000 0.000757
137.500000 0.000681
138.500000 0.000651
139.500000 0.000666
140.500000 0.000878
141.500000 0.000591
142.500000 0.000666
143.500000 0.000485
144.500000 0.000681
145.500000 0.000666
146.500000 0.000833
147.500000 0.000681
148.500000 0.000878
149.500000 0.000712
150.500000 0.000803
151.500000 0.000500
152.500000 0.000606
153.500000 0.000697
154.500000 0.000591
155.500000 0.000500
156.500000 0.000545
157.500000 0.000469
158.500000 0.000560
159.500000 0.000575
160.500000 0.000591
161.500000 0.000560
162.500000 0.000500
163.500000 0.000636
164.500000 0.000666
165.500000 0.000575
166.500000 0.000621
167.500000 0.000606
168.500000 0.000636
169.500000 0.000651
170.500000 0.000636
171.500000 0.000666
172.500000 0.000530
173.500000 0.000394
174.500000 0.000560
175.500000 0.000575
176.500000 0.000591
177.500000 0.000469
178.500000 0.000303
179.500000 0.000575
180.500000 0.000575
181.500000 0.000454
182.500000 0.000515
183.500000 0.000379
184.500000 0.000394
185.500000 0.000591
186.500000 0.000515
187.500000 0.000379
188.500000 0.000500
189.500000 0.000363
190.500000 0.000591
191.500000 0.000469
192.500000 0.000439
193.500000 0.000681
194.500000 0.000515
195.500000 0.000424
196.500000 0.000500
197.500000 0.000575
198.500000 0.000318
199.500000 0.000363
200.500000 0.000545
201.500000 0.000591
202.500000 0.000666
203.500000 0.000530
204.500000 0.000500
205.500000 0.000454
206.500000 0.000363
207.500000 0.000469
208.500000 0.000712
209.500000 0.000485
210.500000 0.000439
211.500000 0.000333
212.500000 0.000409
213.500000 0.000363
214.500000 0.000257
215.500000 0.000424
216.500000 0.000363
217.500000 0.000515
218.500000 0.000409
219.500000 0.000485
220.500000 0.000257
221.500000 0.000454
222.500000 0.000348
223.500000 0.000394
224.500000 0.000424
225.500000 0.000409
226.500000 0.000318
227.500000 0.000485
228.500000 0.000303
229.500000 0.000363
230.500000 0.000454
231.500000 0.000288
232.500000 0.000469
233.500000 0.000167
234.500000 0.000515
235.500000 0.000485
236.500000 0.000318
237.500000 0.000363
238.500000 0.000454
239.500000 0.000409
240.500000 0.000318
241.500000 0.000227
242.500000 0.000439
243.500000 0.000242
244.500000 0.000424
245.500000 0.000303
246.500000 0.000454
247.500000 0.000242
248.500000 0.000288
249.500000 0.000348
250.500000 0.000288
251.500000 0.000363
252.500000 0.000439
253.500000 0.000318
254.500000 0.000227
255.500000 0.000242
256.500000 0.000288
257.500000 0.000333
258.500000 0.000257
259.500000 0.000273
260.500000 0.000227
261.500000 0.000257
262.500000 0.000318
263.500000 0.000409
264.500000 0.000288
265.500000 0.000379
266.500000 0.000333
267.500000 0.000257
268.500000 0.000303
269.500000 0.000333
270.500000 0.000212
271.500000 0.000333
272.500000 0.000242
273.500000 0.000363
274.500000 0.000424
275.500000 0.000273
276.500000 0.000333
277.500000 0.000363
278.500000 0.000273
279.500000 0.000394
280.500000 0.000394
281.500000 0.000212
282.500000 0.000273
283.500000 0.000273
284.500000 0.000151
285.500000 0.000318
286.500000 0.000182
287.500000 0.000182
288.500000 0.000197
289.500000 0.000333
290.500000 0.000333
291.500000 0.000288
292.500000 0.000303
293.500000 0.000242
294.500000 0.000273
295.500000 0.000288
296.500000 0.000182
297.500000 0.000257
298.500000 0.000485
299.500000 0.000379
300.500000 0.000363
301.500000 0.000333
302.500000 0.000318
303.500000 0.000151
304.500000 0.000242
305.500000 0.000288
306.500000 0.000379
307.500000 0.000227
308.500000 0.000273
309.500000 0.000394
310.500000 0.000242
311.500000 0.000242
312.500000 0.000348
313.500000 0.000363
314.500000 0.000197
315.500000 0.000197
316.500000 0.000363
317.500000 0.000303
318.500000 0.000273
319.500000 0.000227
320.500000 0.000257
321.500000 0.000136
322.500000 0.000242
323.500000 0.000197
324.500000 0.000333
325.500000 0.000212
326.500000 0.000394
327.500000 0.000348
328.500000 0.000303
329.500000 0.000288
330.500000 0.000288
331.500000 0.000151
332.500000 0.000121
333.500000 0.000227
334.500000 0.000197
335.500000 0.000151
336.500000 0.000242
337.500000 0.000212
338.500000 0.000242
339.500000 0.000303
340.500000 0.000136
341.500000 0.000151
342.500000 0.000212
343.500000 0.000197
344.500000 0.000076
345.500000 0.000273
346.500000 0.000121
347.500000 0.000227
348.500000 0.000136
349.500000 0.000212
350.500000 0.000182
351.500000 0.000227
352.500000 0.000212
353.500000 0.000242
354.500000 0.000136
355.500000 0.000106
356.500000 0.000182
357.500000 0.000227
358.500000 0.000257
359.500000 0.000182
360.500000 0.000167
361.500000 0.000257
362.500000 0.000212
363.500000 0.000136
364.500000 0.000227
365.500000 0.000167
366.500000 0.000212
367.500000 0.000167
368.500000 0.000136
369.500000 0.000076
370.500000 0.000242
371.500000 0.000121
372.500000 0.000197
373.500000 0.000136
374.500000 0.000167
375.500000 0.000197
376.500000 0.000273
377.500000 0.000182
378.500000 0.000106
379.500000 0.000167
380.500000 0.000151
381.500000 0.000212
382.500000 0.000212
383.500000 0.000167
384.500000 0.000136
385.500000 0.000136
386.500000 0.000121
387.500000 0.000303
388.500000 0.000242
389.500000 0.000257
390.500000 0.000136
391.500000 0.000136
392.500000 0.000106
393.500000 0.000076
394.500000 0.000242
395.500000 0.000136
396.500000 0.000182
397.500000 0.000242
398.500000 0.000197
399.500000 0.000227
400.500000 0.000242
401.500000 0.000227
402.500000 0.000227
403.500000 0.000273
404.500000 0.000151
405.500000 0.000212
406.500000 0.000197
407.500000 0.000197
408.500000 0.000182
409.500000 0.000182
410.500000 0.000197
411.500000 0.000303
412.500000 0.000242
413.500000 0.000333
414.500000 0.000288
415.500000 0.000303
416.500000 0.000257
417.500000 0.000242
418.500000 0.000379
419.500000 0.000242
420.500000 0.000333
421.500000 0.000379
422.500000 0.000242
423.500000 0.000227
424.500000 0.000379
425.500000 0.000288
426.500000 0.000273
427.500000 0.000333
428.500000 0.000242
429.500000 0.000257
430.500000 0.000318
431.500000 0.000409
432.500000 0.000379
433.500000 0.000257
434.500000 0.000333
435.500000 0.000424
436.500000 0.000363
437.500000 0.000363
438.500000 0.000409
439.500000 0.000591
440.500000 0.000348
441.500000 0.000469
442.500000 0.000363
443.500000 0.000515
444.500000 0.000454
445.500000 0.000530
446.500000 0.000409
447.500000 0.000439
448.500000 0.000439
449.500000 0.000500
450.500000 0.000500
451.500000 0.000666
452.500000 0.000772
453.500000 0.000515
454.500000 0.000530
455.500000 0.000469
456.500000 0.000530
457.500000 0.000439
458.500000 0.000409
459.500000 0.000485
460.500000 0.000772
461.500000 0.000818
462.500000 0.000833
463.500000 0.000439
464.500000 0.000591
465.500000 0.000803
466.500000 0.000560
467.500000 0.000939
468.500000 0.000848
469.500000 0.000863
470.500000 0.000878
471.500000 0.001106
472.500000 0.000984
473.500000 0.000787
474.500000 0.000742
475.500000 0.000924
476.500000 0.000878
477.500000 0.001045
478.500000 0.000803
479.500000 0.000818
480.500000 0.001030
481.500000 0.001000
482.500000 0.000863
483.500000 0.001000
484.500000 0.000878
485.500000 0.001121
486.500000 0.001000
487.500000 0.001075
488.500000 0.001212
489.500000 0.001196
490.500000 0.000848
491.500000 0.001000
492.500000 0.001000
493.500000 0.000984
494.500000 0.000863
495.500000 0.000848
496.500000 0.000909
497.500000 0.001030
498.500000 0.000954
499.500000 0.000878
500.500000 0.000924
501.500000 0.000984
502.500000 0.000894
503.500000 0.000878
504.500000 0.000742
505.500000 0.000621
506.500000 0.000833
507.500000 0.000681
508.500000 0.000894
509.500000 0.000863
510.500000 0.000939
511.500000 0.000924
512.500000 0.000757
513.500000 0.000833
514.500000 0.000727
515.500000 0.000757
516.500000 0.000742
517.500000 0.000636
518.500000 0.000787
519.500000 0.000409
520.500000 0.000469
521.500000 0.000560
522.500000 0.000560
523.500000 0.000530
524.500000 0.000485
525.500000 0.000621
526.500000 0.000530
527.500000 0.000394
528.500000 0.000454
529.500000 0.000454
530.500000 0.000469
531.500000 0.000545
532.500000 0.000560
533.500000 0.000485
534.500000 0.000409
535.500000 0.000424
536.500000 0.000469
537.500000 0.000288
538.500000 0.000454
539.500000 0.000333
540.500000 0.000242
541.500000 0.000227
542.500000 0.000197
543.500000 0.000394
544.500000 0.000242
545.500000 0.000212
546.500000 0.000273
547.500000 0.000348
548.500000 0.000273
549.500000 0.000273
550.500000 0.000257
551.500000 0.000439
552.500000 0.000273
553.500000 0.000288
554.500000 0.000273
555.500000 0.000288
556.500000 0.000257
557.500000 0.000257
558.500000 0.000212
559.500000 0.000197
560.500000 0.000242
561.500000 0.000273
562.500000 0.000242
563.500000 0.000363
564.500000 0.000318
565.500000 0.000257
566.500000 0.000333
567.500000 0.000333
568.500000 0.000257
569.500000 0.000303
570.500000 0.000318
571.500000 0.000273
572.500000 0.000379
573.500000 0.000227
574.500000 0.000409
575.500000 0.000333
576.500000 0.000273
577.500000 0.000242
578.500000 0.000363
579.500000 0.000333
580.500000 0.000333
581.500000 0.000167
582.500000 0.000167
583.500000 0.000394
584.500000 0.000227
585.500000 0.000212
586.500000 0.000242
587.500000 0.000288
588.500000 0.000333
589.500000 0.000151
590.500000 0.000212
591.500000 0.000273
592.500000 0.000318
593.500000 0.000363
594.500000 0.000212
595.500000 0.000182
596.500000 0.000197
597.500000 0.000257
598.500000 0.000333
599.500000 0.000182
600.500000 0.000394
601.500000 0.000333
602.500000 0.000318
603.500000 0.000212
604.500000 0.000257
605.500000 0.000379
606.500000 0.000151
607.500000 0.000212
608.500000 0.000242
609.500000 0.000182
610.500000 0.000394
611.500000 0.000379
612.500000 0.000257
613.500000 0.000121
614.500000 0.000318
615.500000 0.000227
616.500000 0.000197
617.500000 0.000318
618.500000 0.000273
619.500000 0.000212
620.500000 0.000318
621.500000 0.000257
622.500000 0.000242
623.500000 0.000333
624.500000 0.000273
625.500000 0.000273
626.500000 0.000348
627.500000 0.000288
628.500000 0.000348
629.500000 0.000288
630.500000 0.000242
631.500000 0.000273
632.500000 0.000454
633.500000 0.000257
634.500000 0.000379
635.500000 0.000303
636.500000 0.000242
637.500000 0.000303
638.500000 0.000333
639.500000 0.000288
640.500000 0.000182
641.500000 0.000288
642.500000 0.000454
643.500000 0.000363
644.500000 0.000318
645.500000 0.000394
646.500000 0.000424
647.500000 0.000348
648.500000 0.000394
649.500000 0.000469
650.500000 0.000530
651.500000 0.000530
652.500000 0.000772
653.500000 0.000500
654.500000 0.000530
655.500000 0.000530
656.500000 0.000636
657.500000 0.000500
658.500000 0.000712
659.500000 0.000636
660.500000 0.000757
661.500000 0.000848
662.500000 0.000727
663.500000 0.000697
664.500000 0.000636
665.500000 0.000833
666.500000 0.000833
667.500000 0.000772
668.500000 0.000727
669.500000 0.000742
670.500000 0.000833
671.500000 0.000803
672.500000 0.000712
673.500000 0.001015
674.500000 0.000818
675.500000 0.001030
676.500000 0.001181
677.500000 0.000954
678.500000 0.001121
679.500000 0.000848
680.500000 0.001090
681.500000 0.001257
682.500000 0.001514
683.500000 0.001363
684.500000 0.001272
685.500000 0.001545
686.500000 0.001469
687.500000 0.001848
688.500000 0.001408
689.500000 0.002060
690.500000 0.001696
691.500000 0.002014
692.500000 0.001984
693.500000 0.002226
694.500000 0.002438
695.500000 0.002620
696.500000 0.002756
697.500000 0.002711
698.500000 0.002696
699.500000 0.002620
700.500000 0.002832
701.500000 0.002635
702.500000 0.002817
703.500000 0.002938
704.500000 0.002832
705.500000 0.002802
706.500000 0.002893
707.500000 0.002893
708.500000 0.002756
709.500000 0.002393
710.500000 0.002226
711.500000 0.002075
712.500000 0.001984
713.500000 0.002044
714.500000 0.001999
715.500000 0.001938
716.500000 0.001848
717.500000 0.001681
718.500000 0.001726
719.500000 0.001908
720.500000 0.001742
721.500000 0.001590
722.500000 0.001590
723.500000 0.001636
724.500000 0.001560
725.500000 0.001696
726.500000 0.001605
727.500000 0.001469
728.500000 0.001302
729.500000 0.001408
730.500000 0.001408
731.500000 0.001469
732.500000 0.001378
733.500000 0.001181
734.500000 0.001151
735.500000 0.001227
736.500000 0.001378
737.500000 0.001242
738.500000 0.001242
739.500000 0.001045
740.500000 0.001242
741.500000 0.001121
742.500000 0.001181
743.500000 0.001348
744.500000 0.001287
745.500000 0.001181
746.500000 0.001212
747.500000 0.001166
748.500000 0.001272
749.500000 0.001060
750.500000 0.001090
751.500000 0.001181
752.500000 0.001136
753.500000 0.001090
754.500000 0.001166
755.500000 0.001424
756.500000 0.001242
757.500000 0.001620
758.500000 0.001302
759.500000 0.001530
760.500000 0.001363
761.500000 0.001257
762.500000 0.001196
763.500000 0.001227
764.500000 0.001393
765.500000 0.001196
766.500000 0.001242
767.500000 0.001424
768.500000 0.001499
769.500000 0.001378
770.500000 0.001408
771.500000 0.001408
772.500000 0.001605
773.500000 0.001242
774.500000 0.001333
775.500000 0.001227
776.500000 0.001242
777.500000 0.001196
778.500000 0.001408
779.500000 0.001272
780.500000 0.001227
781.500000 0.000984
782.500000 0.001212
783.500000 0.001302
784.500000 0.001090
785.500000 0.001060
786.500000 0.001196
787.500000 0.001121
788.500000 0.001060
789.500000 0.001196
790.500000 0.001060
791.500000 0.001212
792.500000 0.001242
793.500000 0.001333
794.500000 0.001075
795.500000 0.001424
796.500000 0.001333
797.500000 0.001318
798.500000 0.000878
799.500000 0.001045
800.500000 0.000984
801.500000 0.001242
802.500000 0.001272
803.500000 0.001333
804.500000 0.001045
805.500000 0.001333
806.500000 0.001045
807.500000 0.001121
808.500000 0.001196
809.500000 0.000954
810.500000 0.001106
811.500000 0.000787
812.500000 0.001090
813.500000 0.000924
814.500000 0.000954
815.500000 0.001166
816.500000 0.000757
817.500000 0.001151
818.500000 0.001075
819.500000 0.001075
820.500000 0.001166
821.500000 0.000833
822.500000 0.000803
823.500000 0.001015
824.500000 0.000924
825.500000 0.000939
826.500000 0.001015
827.500000 0.000848
828.500000 0.000878
829.500000 0.001151
830.500000 0.000894
831.500000 0.000863
832.500000 0.000878
833.500000 0.001030
834.500000 0.000787
835.500000 0.001121
836.500000 0.000772
837.500000 0.001000
838.500000 0.000757
839.500000 0.000894
840.500000 0.000984
841.500000 0.000969
842.500000 0.000863
843.500000 0.001045
844.500000 0.000833
845.500000 0.001181
846.500000 0.000727
847.500000 0.000939
848.500000 0.000712
849.500000 0.000909
850.500000 0.000924
851.500000 0.000939
852.500000 0.000984
853.500000 0.000666
854.500000 0.000984
855.500000 0.000727
856.500000 0.000909
857.500000 0.000833
858.500000 0.000924
859.500000 0.000666
860.500000 0.000606
861.500000 0.000651
862.500000 0.000848
863.500000 0.000803
864.500000 0.000909
865.500000 0.000803
866.500000 0.000818
867.500000 0.000575
868.500000 0.000984
869.500000 0.000954
870.500000 0.000727
871.500000 0.000772
872.500000 0.000803
873.500000 0.000894
874.500000 0.001045
875.500000 0.000787
876.500000 0.000772
877.500000 0.000757
878.500000 0.000666
879.500000 0.000772
880.500000 0.000818
881.500000 0.000833
882.500000 0.000818
883.500000 0.001000
884.500000 0.000560
885.500000 0.000742
886.500000 0.000984
887.500000 0.000818
888.500000 0.000863
889.500000 0.000712
890.500000 0.000575
891.500000 0.000757
892.500000 0.000681
893.500000 0.000606
894.500000 0.000651
895.500000 0.000636
896.500000 0.000500
897.500000 0.000787
898.500000 0.000681
899.500000 0.000636
900.500000 0.000757
901.500000 0.000697
902.500000 0.000681
903.500000 0.000666
904.500000 0.000500
905.500000 0.000681
906.500000 0.000697
907.500000 0.000863
908.500000 0.000863
909.500000 0.000575
910.500000 0.000727
911.500000 0.000409
912.500000 0.000379
913.500000 0.000545
914.500000 0.000575
915.500000 0.000712
916.500000 0.000560
917.500000 0.000575
918.500000 0.000575
919.500000 0.000742
920.500000 0.000681
921.500000 0.000757
922.500000 0.000727
923.500000 0.000454
924.500000 0.000636
925.500000 0.000651
926.500000 0.000469
927.500000 0.000500
928.500000 0.000575
929.500000 0.000591
930.500000 0.000621
931.500000 0.000621
932.500000 0.000545
933.500000 0.000803
934.500000 0.000560
935.500000 0.000454
936.500000 0.000545
937.500000 0.000500
938.500000 0.000500
939.500000 0.000697
940.500000 0.000591
941.500000 0.000681
942.500000 0.000515
943.500000 0.000666
944.500000 0.000666
945.500000 0.000606
946.500000 0.000500
947.500000 0.000651
948.500000 0.000651
949.500000 0.000651
950.500000 0.000575
951.500000 0.000545
952.500000 0.000530
953.500000 0.000742
954.500000 0.000454
955.500000 0.000485
956.500000 0.000666
957.500000 0.000787
958.500000 0.000681
959.500000 0.000606
960.500000 0.000681
961.500000 0.000742
962.500000 0.000787
963.500000 0.000742
964.500000 0.000500
965.500000 0.000424
966.500000 0.000606
967.500000 0.000575
968.500000 0.000424
969.500000 0.000606
970.500000 0.000742
971.500000 0.000666
972.500000 0.000666
973.500000 0.000545
974.500000 0.000787
975.500000 0.000621
976.500000 0.000772
977.500000 0.000848
978.500000 0.000712
979.500000 0.000560
980.500000 0.000636
981.500000 0.000833
982.500000 0.000878
983.500000 0.000560
984.500000 0.000833
985.500000 0.000924
986.500000 0.000515
987.500000 0.000909
988.500000 0.000727
989.500000 0.000757
990.500000 0.000772
991.500000 0.000909
992.500000 0.000681
993.500000 0.000818
994.500000 0.000894
995.500000 0.000954
996.500000 0.000939
997.500000 0.000697
998.500000 0.000924
999.500000 0.000863
1000.500000 0.000757
1001.500000 0.000969
1002.500000 0.000742
1003.500000 0.000939
1004.500000 0.000787
1005.500000 0.001015
1006.500000 0.000803
1007.500000 0.000757
1008.500000 0.000833
1009.500000 0.000712
1010.500000 0.000500
1011.500000 0.000833
1012.500000 0.000757
1013.500000 0.000666
1014.500000 0.000742
1015.500000 0.000787
1016.500000 0.000803
1017.500000 0.000530
1018.500000 0.000909
1019.500000 0.000939
1020.500000 0.000772
1021.500000 0.000591
1022.500000 0.000606
1023.500000 0.000697
1024.500000 0.000848
1025.500000 0.000772
1026.500000 0.000681
1027.500000 0.000787
1028.500000 0.000697
1029.500000 0.000712
1030.500000 0.000803
1031.500000 0.000666
1032.500000 0.000575
1033.500000 0.000818
1034.500000 0.000878
1035.500000 0.000772
1036.500000 0.000681
1037.500000 0.000803
1038.500000 0.000621
1039.500000 0.000636
1040.500000 0.000606
1041.500000 0.000606
1042.500000 0.000848
1043.500000 0.000757
1044.500000 0.000545
1045.500000 0.000621
1046.500000 0.000727
1047.500000 0.000666
1048.500000 0.000545
1049.500000 0.000591
1050.500000 0.000636
1051.500000 0.000500
1052.500000 0.000560
1053.500000 0.000727
1054.500000 0.000651
1055.500000 0.000636
1056.500000 0.000515
1057.500000 0.000545
1058.500000 0.000636
1059.500000 0.000545
1060.500000 0.000742
1061.500000 0.000379
1062.500000 0.000454
1063.500000 0.000409
1064.500000 0.000424
1065.500000 0.000454
1066.500000 0.000606
1067.500000 0.000606
1068.500000 0.000424
1069.500000 0.000575
1070.500000 0.000379
1071.500000 0.000363
1072.500000 0.000575
1073.500000 0.000454
1074.500000 0.000424
1075.500000 0.000651
1076.500000 0.000500
1077.500000 0.000469
1078.500000 0.000469
1079.500000 0.000333
1080.500000 0.000500
1081.500000 0.000621
1082.500000 0.000424
1083.500000 0.000394
1084.500000 0.000424
1085.500000 0.000500
1086.500000 0.000485
1087.500000 0.000515
1088.500000 0.000288
1089.500000 0.000439
1090.500000 0.000379
1091.500000 0.000500
1092.500000 0.000409
1093.500000 0.000348
1094.500000 0.000515
1095.500000 0.000348
1096.500000 0.000424
1097.500000 0.000424
1098.500000 0.000454
1099.500000 0.000318
1100.500000 0.000485
1101.500000 0.000257
1102.500000 0.000348
1103.500000 0.000545
1104.500000 0.000333
1105.500000 0.000288
1106.500000 0.000303
1107.500000 0.000424
1108.500000 0.000439
1109.500000 0.000424
1110.500000 0.000485
1111.500000 0.000424
1112.500000 0.000454
1113.500000 0.000575
1114.500000 0.000485
1115.500000 0.000394
1116.500000 0.000318
1117.500000 0.000439
1118.500000 0.000363
1119.500000 0.000424
1120.500000 0.000454
1121.500000 0.000409
1122.500000 0.000439
1123.500000 0.000545
1124.500000 0.000409
1125.500000 0.000303
1126.500000 0.000379
1127.500000 0.000485
1128.500000 0.000439
1129.500000 0.000288
1130.500000 0.000530
1131.500000 0.000515
1132.500000 0.000454
1133.500000 0.000530
1134.500000 0.000485
1135.500000 0.000621
1136.500000 0.000485
1137.500000 0.000363
1138.500000 0.000454
1139.500000 0.000575
1140.500000 0.000651
1141.500000 0.000333
1142.500000 0.000636
1143.500000 0.000545
1144.500000 0.000666
1145.500000 0.000712
1146.500000 0.000757
1147.500000 0.000439
1148.500000 0.000712
1149.500000 0.000636
1150.500000 0.000681
1151.500000 0.000606
1152.500000 0.000803
1153.500000 0.001030
1154.500000 0.000848
1155.500000 0.000878
1156.500000 0.001015
1157.500000 0.000848
1158.500000 0.000712
1159.500000 0.000939
1160.500000 0.001000
1161.500000 0.001166
1162.500000 0.001121
1163.500000 0.001242
1164.500000 0.001348
1165.500000 0.001227
1166.500000 0.001363
1167.500000 0.001499
1168.500000 0.001408
1169.500000 0.001318
1170.500000 0.001908
1171.500000 0.001560
1172.500000 0.001742
1173.500000 0.001923
1174.500000 0.001832
1175.500000 0.002317
1176.500000 0.001999
1177.500000 0.002378
1178.500000 0.002469
1179.500000 0.002681
1180.500000 0.002332
1181.500000 0.002968
1182.500000 0.003317
1183.500000 0.003589
1184.500000 0.003559
1185.500000 0.003301
1186.500000 0.003892
1187.500000 0.004028
1188.500000 0.003862
1189.500000 0.004225
1190.500000 0.004089
1191.500000 0.004422
1192.500000 0.004498
1193.500000 0.004331
1194.500000 0.004240
1195.500000 0.004634
1196.500000 0.004649
1197.500000 0.005785
1198.500000 0.005210
1199.500000 0.005588
