0.500000 0.009924
1.500000 0.010212
2.500000 0.012073
3.500000 0.008119
4.500000 0.005528
5.500000 0.004300
6.500000 0.004223
7.500000 0.004204
8.500000 0.004031
9.500000 0.002841
10.500000 0.003609
11.500000 0.002802
12.500000 0.002227
13.500000 0.002342
14.500000 0.001977
15.500000 0.001593
16.500000 0.001651
17.500000 0.001881
18.500000 0.001651
19.500000 0.001862
20.500000 0.001900
21.500000 0.001593
22.500000 0.001651
23.500000 0.001113
24.500000 0.001228
25.500000 0.001401
26.500000 0.001267
27.500000 0.001171
28.500000 0.000979
29.500000 0.001171
30.500000 0.001132
31.500000 0.000960
32.500000 0.001037
33.500000 0.001459
34.500000 0.001382
35.500000 0.000921
36.500000 0.001037
37.500000 0.001037
38.500000 0.001228
39.500000 0.000710
40.500000 0.001171
41.500000 0.001037
42.500000 0.000921
43.500000 0.001401
44.500000 0.001171
45.500000 0.001037
46.500000 0.001190
47.500000 0.001113
48.500000 0.001075
49.500000 0.000787
50.500000 0.001094
51.500000 0.001094
52.500000 0.001171
53.500000 0.001190
54.500000 0.000998
55.500000 0.000960
56.500000 0.000883
57.500000 0.001132
58.500000 0.001094
59.500000 0.000883
60.500000 0.001267
61.500000 0.001305
62.500000 0.001420
63.500000 0.001344
64.500000 0.001267
65.500000 0.001171
66.500000 0.000979
67.500000 0.000806
68.500000 0.001037
69.500000 0.001363
70.500000 0.001344
71.500000 0.001132
72.500000 0.001113
73.500000 0.001382
74.500000 0.001286
75.500000 0.001056
76.500000 0.001075
77.500000 0.001324
78.500000 0.001324
79.500000 0.001305
80.500000 0.001689
81.500000 0.001958
82.500000 0.001804
83.500000 0.002073
84.500000 0.001958
85.500000 0.001747
86.500000 0.001459
87.500000 0.001939
88.500000 0.001670
89.500000 0.002073
90.500000 0.001555
91.500000 0.001382
92.500000 0.002035
93.500000 0.002342
94.500000 0.001939
95.500000 0.001958
96.500000 0.001958
97.500000 0.002207
98.500000 0.002169
99.500000 0.002227
100.500000 0.002534
101.500000 0.002054
102.500000 0.002438
103.500000 0.002802
104.500000 0.002265
105.500000 0.002860
106.500000 0.003052
107.500000 0.002802
108.500000 0.003781
109.500000 0.003666
110.500000 0.003014
111.500000 0.003762
112.500000 0.002630
113.500000 0.002630
114.500000 0.001958
115.500000 0.002227
116.500000 0.002169
117.500000 0.001785
118.500000 0.001209
119.500000 0.001132
120.500000 0.000921
121.500000 0.000710
122.500000 0.001056
123.500000 0.000825
124.500000 0.000845
125.500000 0.000825
126.500000 0.000633
127.500000 0.000633
128.500000 0.000557
129.500000 0.000710
130.500000 0.000403
131.500000 0.000346
132.500000 0.000403
133.500000 0.000499
134.500000 0.000441
135.500000 0.000441
136.500000 0.000230
137.500000 0.000211
138.500000 0.000230
139.500000 0.000154
140.500000 0.000346
141.500000 0.000173
142.500000 0.000288
143.500000 0.000269
144.500000 0.000211
145.500000 0.000230
146.500000 0.000134
147.500000 0.000154
148.500000 0.000173
149.500000 0.000230
150.500000 0.000230
151.500000 0.000154
152.500000 0.000269
153.500000 0.000154
154.500000 0.000154
155.500000 0.000115
156.500000 0.000269
157.500000 0.000115
158.500000 0.000134
159.500000 0.000230
160.500000 0.000192
161.500000 0.000288
162.500000 0.000269
163.500000 0.000192
164.500000 0.000192
165.500000 0.000230
166.500000 0.000250
167.500000 0.000365
168.500000 0.000403
169.500000 0.000288
170.500000 0.000384
171.500000 0.000384
172.500000 0.000326
173.500000 0.000288
174.500000 0.000211
175.500000 0.000365
176.500000 0.000441
177.500000 0.000441
178.500000 0.000346
179.500000 0.000595
180.500000 0.000825
181.500000 0.000480
182.500000 0.000595
183.500000 0.000499
184.500000 0.000749
185.500000 0.000614
186.500000 0.000595
187.500000 0.000729
188.500000 0.000787
189.500000 0.000729
190.500000 0.000864
191.500000 0.000825
192.500000 0.001132
193.500000 0.001171
194.500000 0.000845
195.500000 0.001209
196.500000 0.000921
197.500000 0.001574
198.500000 0.001094
199.500000 0.001132
200.500000 0.001228
201.500000 0.001056
202.500000 0.000941
203.500000 0.001075
204.500000 0.000941
205.500000 0.001075
206.500000 0.001171
207.500000 0.001132
208.500000 0.001075
209.500000 0.001113
210.500000 0.000979
211.500000 0.001017
212.500000 0.001017
213.500000 0.001171
214.500000 0.001017
215.500000 0.001037
216.500000 0.000998
217.500000 0.000960
218.500000 0.001209
219.500000 0.001171
220.500000 0.000998
221.500000 0.000864
222.500000 0.001056
223.500000 0.000979
224.500000 0.000998
225.500000 0.000979
226.500000 0.000845
227.500000 0.001017
228.500000 0.000998
229.500000 0.000845
230.500000 0.000672
231.500000 0.000806
232.500000 0.000960
233.500000 0.000729
234.500000 0.000768
235.500000 0.000672
236.500000 0.000749
237.500000 0.000768
238.500000 0.000806
239.500000 0.000480
240.500000 0.000691
241.500000 0.000518
242.500000 0.000576
243.500000 0.000557
244.500000 0.000614
245.500000 0.000595
246.500000 0.000653
247.500000 0.000499
248.500000 0.000557
249.500000 0.000557
250.500000 0.000653
251.500000 0.000461
252.500000 0.000480
253.500000 0.000365
254.500000 0.000518
255.500000 0.000307
256.500000 0.000422
257.500000 0.000499
258.500000 0.000403
259.500000 0.000557
260.500000 0.000518
261.500000 0.000557
262.500000 0.000441
263.500000 0.000499
264.500000 0.000499
265.500000 0.000633
266.500000 0.000614
267.500000 0.000422
268.500000 0.000461
269.500000 0.000499
270.500000 0.000557
271.500000 0.000461
272.500000 0.000441
273.500000 0.000365
274.500000 0.000346
275.500000 0.000461
276.500000 0.000422
277.500000 0.000461
278.500000 0.000403
279.500000 0.000595
280.500000 0.000326
281.500000 0.000518
282.500000 0.000422
283.500000 0.000480
284.500000 0.000537
285.500000 0.000499
286.500000 0.000537
287.500000 0.000441
288.500000 0.000422
289.500000 0.000269
290.500000 0.000288
291.500000 0.000499
292.500000 0.000422
293.500000 0.000365
294.500000 0.000768
295.500000 0.000480
296.500000 0.000633
297.500000 0.000537
298.500000 0.000518
299.500000 0.000480
300.500000 0.000326
301.500000 0.000461
302.500000 0.000365
303.500000 0.000346
304.500000 0.000480
305.500000 0.000441
306.500000 0.000461
307.500000 0.000403
308.500000 0.000461
309.500000 0.000576
310.500000 0.000557
311.500000 0.000384
312.500000 0.000346
313.500000 0.000288
314.500000 0.000461
315.500000 0.000384
316.500000 0.000288
317.500000 0.000365
318.500000 0.000461
319.500000 0.000192
320.500000 0.000269
321.500000 0.000250
322.500000 0.000230
323.500000 0.000365
324.500000 0.000461
325.500000 0.000288
326.500000 0.000422
327.500000 0.000307
328.500000 0.000384
329.500000 0.000307
330.500000 0.000384
331.500000 0.000250
332.500000 0.000173
333.500000 0.000288
334.500000 0.000269
335.500000 0.000288
336.500000 0.000154
337.500000 0.000307
338.500000 0.000403
339.500000 0.000326
340.500000 0.000192
341.500000 0.000269
342.500000 0.000211
343.500000 0.000326
344.500000 0.000192
345.500000 0.000250
346.500000 0.000326
347.500000 0.000422
348.500000 0.000269
349.500000 0.000250
350.500000 0.000288
351.500000 0.000192
352.500000 0.000211
353.500000 0.000173
354.500000 0.000134
355.500000 0.000365
356.500000 0.000134
357.500000 0.000192
358.500000 0.000173
359.500000 0.000211
360.500000 0.000346
361.500000 0.000211
362.500000 0.000211
363.500000 0.000154
364.500000 0.000269
365.500000 0.000134
366.500000 0.000288
367.500000 0.000154
368.500000 0.000173
369.500000 0.000250
370.500000 0.000134
371.500000 0.000250
372.500000 0.000211
373.500000 0.000346
374.500000 0.000192
375.500000 0.000154
376.500000 0.000192
377.500000 0.000250
378.500000 0.000211
379.500000 0.000154
380.500000 0.000230
381.500000 0.000230
382.500000 0.000288
383.500000 0.000307
384.500000 0.000211
385.500000 0.000211
386.500000 0.000326
387.500000 0.000230
388.500000 0.000288
389.500000 0.000230
390.500000 0.000192
391.500000 0.000269
392.500000 0.000096
393.500000 0.000269
394.500000 0.000192
395.500000 0.000154
396.500000 0.000173
397.500000 0.000154
398.500000 0.000134
399.500000 0.000211
400.500000 0.000211
401.500000 0.000230
402.500000 0.000250
403.500000 0.000192
404.500000 0.000288
405.500000 0.000230
406.500000 0.000192
407.500000 0.000365
408.500000 0.000173
409.500000 0.000134
410.500000 0.000173
411.500000 0.000230
412.500000 0.000230
413.500000 0.000115
414.500000 0.000173
415.500000 0.000230
416.500000 0.000192
417.500000 0.000250
418.500000 0.000269
419.500000 0.000230
420.500000 0.000077
421.500000 0.000096
422.500000 0.000211
423.500000 0.000269
424.500000 0.000269
425.500000 0.000211
426.500000 0.000230
427.500000 0.000230
428.500000 0.000154
429.500000 0.000211
430.500000 0.000192
431.500000 0.000154
432.500000 0.000154
433.500000 0.000250
434.500000 0.000269
435.500000 0.000192
436.500000 0.000326
437.500000 0.000288
438.500000 0.000403
439.500000 0.000288
440.500000 0.000230
441.500000 0.000269
442.500000 0.000269
443.500000 0.000230
444.500000 0.000173
445.500000 0.000288
446.500000 0.000326
447.500000 0.000250
448.500000 0.000250
449.500000 0.000269
450.500000 0.000307
451.500000 0.000422
452.500000 0.000173
453.500000 0.000346
454.500000 0.000307
455.500000 0.000461
456.500000 0.000441
457.500000 0.000499
458.500000 0.000461
459.500000 0.000672
460.500000 0.000518
461.500000 0.000614
462.500000 0.000537
463.500000 0.000576
464.500000 0.000633
465.500000 0.000576
466.500000 0.000576
467.500000 0.000749
468.500000 0.000729
469.500000 0.000768
470.500000 0.000614
471.500000 0.000902
472.500000 0.000998
473.500000 0.000960
474.500000 0.001267
475.500000 0.001113
476.500000 0.000902
477.500000 0.001305
478.500000 0.001267
479.500000 0.001171
480.500000 0.001267
481.500000 0.001747
482.500000 0.001593
483.500000 0.001900
484.500000 0.001919
485.500000 0.002073
486.500000 0.002822
487.500000 0.003321
488.500000 0.003282
489.500000 0.002630
490.500000 0.003014
491.500000 0.002649
492.500000 0.002726
493.500000 0.002822
494.500000 0.003205
495.500000 0.002956
496.500000 0.002822
497.500000 0.003378
498.500000 0.003340
499.500000 0.003397
500.500000 0.002956
501.500000 0.002323
502.500000 0.002207
503.500000 0.002361
504.500000 0.001919
505.500000 0.001862
506.500000 0.001804
507.500000 0.001689
508.500000 0.001305
509.500000 0.001574
510.500000 0.001593
511.500000 0.001324
512.500000 0.001248
513.500000 0.001132
514.500000 0.000998
515.500000 0.000941
516.500000 0.000633
517.500000 0.000787
518.500000 0.000633
519.500000 0.000729
520.500000 0.000480
521.500000 0.000691
522.500000 0.000729
523.500000 0.000576
524.500000 0.000288
525.500000 0.000595
526.500000 0.000365
527.500000 0.000480
528.500000 0.000365
529.500000 0.000691
530.500000 0.000633
531.500000 0.000480
532.500000 0.000288
533.500000 0.000307
534.500000 0.000422
535.500000 0.000192
536.500000 0.000307
537.500000 0.000499
538.500000 0.000384
539.500000 0.000441
540.500000 0.000250
541.500000 0.000269
542.500000 0.000211
543.500000 0.000346
544.500000 0.000269
545.500000 0.000326
546.500000 0.000192
547.500000 0.000250
548.500000 0.000269
549.500000 0.000173
550.500000 0.000134
551.500000 0.000230
552.500000 0.000230
553.500000 0.000134
554.500000 0.000211
555.500000 0.000154
556.500000 0.000096
557.500000 0.000173
558.500000 0.000250
559.500000 0.000250
560.500000 0.000134
561.500000 0.000192
562.500000 0.000250
563.500000 0.000154
564.500000 0.000173
565.500000 0.000134
566.500000 0.000115
567.500000 0.000115
568.500000 0.000134
569.500000 0.000134
570.500000 0.000096
571.500000 0.000230
572.500000 0.000192
573.500000 0.000211
574.500000 0.000154
575.500000 0.000192
576.500000 0.000230
577.500000 0.000115
578.500000 0.000154
579.500000 0.000192
580.500000 0.000211
581.500000 0.000154
582.500000 0.000134
583.500000 0.000230
584.500000 0.000154
585.500000 0.000154
586.500000 0.000134
587.500000 0.000173
588.500000 0.000230
589.500000 0.000096
590.500000 0.000038
591.500000 0.000134
592.500000 0.000096
593.500000 0.000077
594.500000 0.000192
595.500000 0.000077
596.500000 0.000211
597.500000 0.000019
598.500000 0.000077
599.500000 0.000096
600.500000 0.000115
601.500000 0.000154
602.500000 0.000134
603.500000 0.000058
604.500000 0.000134
605.500000 0.000096
606.500000 0.000115
607.500000 0.000134
608.500000 0.000096
609.500000 0.000096
610.500000 0.000154
611.500000 0.000211
612.500000 0.000173
613.500000 0.000134
614.500000 0.000154
615.500000 0.000173
616.500000 0.000173
617.500000 0.000173
618.500000 0.000134
619.500000 0.000096
620.500000 0.000096
621.500000 0.000115
622.500000 0.000096
623.500000 0.000077
624.500000 0.000154
625.500000 0.000211
626.500000 0.000058
627.500000 0.000077
628.500000 0.000058
629.500000 0.000115
630.500000 0.000134
631.500000 0.000115
632.500000 0.000115
633.500000 0.000192
634.500000 0.000096
635.500000 0.000096
636.500000 0.000192
637.500000 0.000058
638.500000 0.000173
639.500000 0.000173
640.500000 0.000077
641.500000 0.000134
642.500000 0.000134
643.500000 0.000096
644.500000 0.000346
645.500000 0.000192
646.500000 0.000154
647.500000 0.000173
648.500000 0.000211
649.500000 0.000192
650.500000 0.000134
651.500000 0.000173
652.500000 0.000077
653.500000 0.000096
654.500000 0.000154
655.500000 0.000154
656.500000 0.000192
657.500000 0.000269
658.500000 0.000250
659.500000 0.000134
660.500000 0.000250
661.500000 0.000250
662.500000 0.000192
663.500000 0.000288
664.500000 0.000384
665.500000 0.000173
666.500000 0.000326
667.500000 0.000422
668.500000 0.000422
669.500000 0.000461
670.500000 0.000537
671.500000 0.000653
672.500000 0.000691
673.500000 0.000672
674.500000 0.000633
675.500000 0.000902
676.500000 0.000787
677.500000 0.000864
678.500000 0.000864
679.500000 0.001075
680.500000 0.001113
681.500000 0.001324
682.500000 0.001113
683.500000 0.001267
684.500000 0.001632
685.500000 0.001919
686.500000 0.002610
687.500000 0.003244
688.500000 0.003014
689.500000 0.003378
690.500000 0.003513
691.500000 0.003589
692.500000 0.003647
693.500000 0.004683
694.500000 0.005279
695.500000 0.005950
696.500000 0.005797
697.500000 0.005317
698.500000 0.004779
699.500000 0.004280
700.500000 0.004492
701.500000 0.004069
702.500000 0.003340
703.500000 0.002994
704.500000 0.003282
705.500000 0.002553
706.500000 0.002054
707.500000 0.001785
708.500000 0.001593
709.500000 0.001612
710.500000 0.001555
711.500000 0.001305
712.500000 0.001113
713.500000 0.000960
714.500000 0.000979
715.500000 0.000710
716.500000 0.000729
717.500000 0.000902
718.500000 0.000691
719.500000 0.000921
720.500000 0.000768
721.500000 0.000768
722.500000 0.000710
723.500000 0.000633
724.500000 0.000845
725.500000 0.000921
726.500000 0.000749
727.500000 0.000845
728.500000 0.000864
729.500000 0.000749
730.500000 0.000691
731.500000 0.000845
732.500000 0.000633
733.500000 0.000845
734.500000 0.000633
735.500000 0.000806
736.500000 0.000691
737.500000 0.000729
738.500000 0.000710
739.500000 0.000633
740.500000 0.000710
741.500000 0.000768
742.500000 0.000557
743.500000 0.000653
744.500000 0.000825
745.500000 0.000710
746.500000 0.000614
747.500000 0.000845
748.500000 0.000845
749.500000 0.000845
750.500000 0.000787
751.500000 0.000672
752.500000 0.000653
753.500000 0.000768
754.500000 0.000749
755.500000 0.000883
756.500000 0.000979
757.500000 0.000787
758.500000 0.000960
759.500000 0.000825
760.500000 0.001132
761.500000 0.001037
762.500000 0.001152
763.500000 0.000883
764.500000 0.001075
765.500000 0.001094
766.500000 0.001190
767.500000 0.000883
768.500000 0.000960
769.500000 0.000960
770.500000 0.001152
771.500000 0.001228
772.500000 0.001152
773.500000 0.001286
774.500000 0.001190
775.500000 0.001017
776.500000 0.001708
777.500000 0.001113
778.500000 0.001209
779.500000 0.001286
780.500000 0.001286
781.500000 0.001094
782.500000 0.001152
783.500000 0.001440
784.500000 0.001094
785.500000 0.001324
786.500000 0.001632
787.500000 0.001497
788.500000 0.001574
789.500000 0.001497
790.500000 0.001900
791.500000 0.001708
792.500000 0.002092
793.500000 0.001977
794.500000 0.002265
795.500000 0.001823
796.500000 0.001881
797.500000 0.001766
798.500000 0.001440
799.500000 0.001728
800.500000 0.001555
801.500000 0.001248
802.500000 0.001132
803.500000 0.001382
804.500000 0.001344
805.500000 0.001171
806.500000 0.001152
807.500000 0.000998
808.500000 0.000883
809.500000 0.001574
810.500000 0.000960
811.500000 0.001382
812.500000 0.001171
813.500000 0.000998
814.500000 0.000979
815.500000 0.000845
816.500000 0.000461
817.500000 0.000480
818.500000 0.000537
819.500000 0.000499
820.500000 0.000672
821.500000 0.000499
822.500000 0.000614
823.500000 0.000729
824.500000 0.000422
825.500000 0.000461
826.500000 0.000441
827.500000 0.000346
828.500000 0.000250
829.500000 0.000365
830.500000 0.000307
831.500000 0.000326
832.500000 0.000346
833.500000 0.000192
834.500000 0.000230
835.500000 0.000211
836.500000 0.000288
837.500000 0.000134
838.500000 0.000269
839.500000 0.000154
840.500000 0.000230
841.500000 0.000058
842.500000 0.000230
843.500000 0.000211
844.500000 0.000441
845.500000 0.000192
846.500000 0.000250
847.500000 0.000211
848.500000 0.000250
849.500000 0.000230
850.500000 0.000154
851.500000 0.000154
852.500000 0.000192
853.500000 0.000192
854.500000 0.000115
855.500000 0.000134
856.500000 0.000154
857.500000 0.000154
858.500000 0.000173
859.500000 0.000134
860.500000 0.000115
861.500000 0.000154
862.500000 0.000096
863.500000 0.000192
864.500000 0.000038
865.500000 0.000250
866.500000 0.000134
867.500000 0.000154
868.500000 0.000115
869.500000 0.000154
870.500000 0.000192
871.500000 0.000192
872.500000 0.000134
873.500000 0.000115
874.500000 0.000250
875.500000 0.000134
876.500000 0.000346
877.500000 0.000211
878.500000 0.000192
879.500000 0.000250
880.500000 0.000230
881.500000 0.000134
882.500000 0.000250
883.500000 0.000192
884.500000 0.000230
885.500000 0.000173
886.500000 0.000173
887.500000 0.000250
888.500000 0.000134
889.500000 0.000154
890.500000 0.000154
891.500000 0.000173
892.500000 0.000230
893.500000 0.000269
894.500000 0.000250
895.500000 0.000269
896.500000 0.000134
897.500000 0.000269
898.500000 0.000250
899.500000 0.000211
900.500000 0.000230
901.500000 0.000134
902.500000 0.000230
903.500000 0.000269
904.500000 0.000211
905.500000 0.000173
906.500000 0.000346
907.500000 0.000250
908.500000 0.000211
909.500000 0.000365
910.500000 0.000192
911.500000 0.000365
912.500000 0.000499
913.500000 0.000499
914.500000 0.000307
915.500000 0.000499
916.500000 0.000595
917.500000 0.000441
918.500000 0.000595
919.500000 0.000346
920.500000 0.000403
921.500000 0.000461
922.500000 0.000307
923.500000 0.000537
924.500000 0.000422
925.500000 0.000441
926.500000 0.000173
927.500000 0.000557
928.500000 0.000269
929.500000 0.000499
930.500000 0.000537
931.500000 0.000422
932.500000 0.000288
933.500000 0.000422
934.500000 0.000326
935.500000 0.000365
936.500000 0.000422
937.500000 0.000461
938.500000 0.000384
939.500000 0.000422
940.500000 0.000595
941.500000 0.000384
942.500000 0.000326
943.500000 0.000518
944.500000 0.000461
945.500000 0.000480
946.500000 0.000749
947.500000 0.000499
948.500000 0.000768
949.500000 0.000710
950.500000 0.000710
951.500000 0.000537
952.500000 0.000557
953.500000 0.000614
954.500000 0.000537
955.500000 0.000518
956.500000 0.000499
957.500000 0.000653
958.500000 0.000633
959.500000 0.000576
960.500000 0.000749
961.500000 0.000691
962.500000 0.000537
963.500000 0.000653
964.500000 0.000499
965.500000 0.000633
966.500000 0.000614
967.500000 0.000633
968.500000 0.000595
969.500000 0.000653
970.500000 0.000768
971.500000 0.000691
972.500000 0.000691
973.500000 0.000653
974.500000 0.000864
975.500000 0.000710
976.500000 0.000672
977.500000 0.000499
978.500000 0.000729
979.500000 0.000768
980.500000 0.000902
981.500000 0.000883
982.500000 0.000710
983.500000 0.000941
984.500000 0.000883
985.500000 0.000710
986.500000 0.000825
987.500000 0.001056
988.500000 0.000845
989.500000 0.001132
990.500000 0.001113
991.500000 0.000941
992.500000 0.001382
993.500000 0.001228
994.500000 0.000960
995.500000 0.000960
996.500000 0.000845
997.500000 0.000979
998.500000 0.001420
999.500000 0.001171
1000.500000 0.001305
1001.500000 0.001248
1002.500000 0.001574
1003.500000 0.001555
1004.500000 0.001708
1005.500000 0.001708
1006.500000 0.001382
1007.500000 0.001459
1008.500000 0.001363
1009.500000 0.001075
1010.500000 0.001324
1011.500000 0.001094
1012.500000 0.001094
1013.500000 0.001132
1014.500000 0.001094
1015.500000 0.001286
1016.500000 0.001056
1017.500000 0.000921
1018.500000 0.000960
1019.500000 0.001132
1020.500000 0.001056
1021.500000 0.001363
1022.500000 0.001228
1023.500000 0.000960
1024.500000 0.000864
1025.500000 0.000941
1026.500000 0.000729
1027.500000 0.000653
1028.500000 0.000768
1029.500000 0.000825
1030.500000 0.000787
1031.500000 0.000749
1032.500000 0.000787
1033.500000 0.000691
1034.500000 0.000633
1035.500000 0.000576
1036.500000 0.000576
1037.500000 0.000480
1038.500000 0.000499
1039.500000 0.000672
1040.500000 0.000403
1041.500000 0.000499
1042.500000 0.000537
1043.500000 0.000441
1044.500000 0.000461
1045.500000 0.000441
1046.500000 0.000480
1047.500000 0.000557
1048.500000 0.000422
1049.500000 0.000441
1050.500000 0.000365
1051.500000 0.000384
1052.500000 0.000230
1053.500000 0.000230
1054.500000 0.000250
1055.500000 0.000288
1056.500000 0.000441
1057.500000 0.000480
1058.500000 0.000365
1059.500000 0.000326
1060.500000 0.000288
1061.500000 0.000154
1062.500000 0.000269
1063.500000 0.000173
1064.500000 0.000365
1065.500000 0.000346
1066.500000 0.000269
1067.500000 0.000326
1068.500000 0.000365
1069.500000 0.000365
1070.500000 0.000365
1071.500000 0.000307
1072.500000 0.000403
1073.500000 0.000288
1074.500000 0.000173
1075.500000 0.000211
1076.500000 0.000384
1077.500000 0.000230
1078.500000 0.000288
1079.500000 0.000134
1080.500000 0.000269
1081.500000 0.000250
1082.500000 0.000269
1083.500000 0.000211
1084.500000 0.000154
1085.500000 0.000192
1086.500000 0.000211
1087.500000 0.000250
1088.500000 0.000230
1089.500000 0.000192
1090.500000 0.000250
1091.500000 0.000230
1092.500000 0.000288
1093.500000 0.000230
1094.500000 0.000230
1095.500000 0.000211
1096.500000 0.000346
1097.500000 0.000096
1098.500000 0.000154
1099.500000 0.000115
1100.500000 0.000230
1101.500000 0.000077
1102.500000 0.000134
1103.500000 0.000192
1104.500000 0.000192
1105.500000 0.000326
1106.500000 0.000192
1107.500000 0.000115
1108.500000 0.000115
1109.500000 0.000134
1110.500000 0.000269
1111.500000 0.000192
1112.500000 0.000211
1113.500000 0.000192
1114.500000 0.000211
1115.500000 0.000230
1116.500000 0.000211
1117.500000 0.000230
1118.500000 0.000173
1119.500000 0.000250
1120.500000 0.000192
1121.500000 0.000269
1122.500000 0.000269
1123.500000 0.000230
1124.500000 0.000250
1125.500000 0.000269
1126.500000 0.000211
1127.500000 0.000250
1128.500000 0.000134
1129.500000 0.000211
1130.500000 0.000154
1131.500000 0.000250
1132.500000 0.000192
1133.500000 0.000134
1134.500000 0.000211
1135.500000 0.000211
1136.500000 0.000230
1137.500000 0.000250
1138.500000 0.000230
1139.500000 0.000211
1140.500000 0.000211
1141.500000 0.000288
1142.500000 0.000154
1143.500000 0.000326
1144.500000 0.000250
1145.500000 0.000115
1146.500000 0.000269
1147.500000 0.000154
1148.500000 0.000326
1149.500000 0.000307
1150.500000 0.000192
1151.500000 0.000230
1152.500000 0.000173
1153.500000 0.000288
1154.500000 0.000269
1155.500000 0.000230
1156.500000 0.000288
1157.500000 0.000269
1158.500000 0.000346
1159.500000 0.000250
1160.500000 0.000307
1161.500000 0.000461
1162.500000 0.000537
1163.500000 0.000441
1164.500000 0.000288
1165.500000 0.000441
1166.500000 0.000403
1167.500000 0.000403
1168.500000 0.000307
1169.500000 0.000576
1170.500000 0.000346
1171.500000 0.000614
1172.500000 0.000537
1173.500000 0.000365
1174.500000 0.000787
1175.500000 0.000825
1176.500000 0.000768
1177.500000 0.000883
1178.500000 0.000633
1179.500000 0.000845
1180.500000 0.001075
1181.500000 0.001324
1182.500000 0.001267
1183.500000 0.001171
1184.500000 0.001324
1185.500000 0.001401
1186.500000 0.001267
1187.500000 0.001593
1188.500000 0.001728
1189.500000 0.001919
1190.500000 0.002898
1191.500000 0.003820
1192.500000 0.004837
1193.500000 0.004914
1194.500000 0.008234
1195.500000 0.012937
1196.500000 0.010442
1197.500000 0.009156
1198.500000 0.010058
1199.500000 0.011440
