0.000000 0.004259
1.000834 0.004860
2.001668 0.005297
3.002502 0.005532
4.003336 0.005560
5.004170 0.005406
6.005004 0.005115
7.005838 0.004737
8.006672 0.004323
9.007506 0.003910
10.008340 0.003522
11.009174 0.003174
12.010008 0.002868
13.010842 0.002607
14.011676 0.002387
15.012510 0.002204
16.013344 0.002055
17.014178 0.001934
18.015013 0.001835
19.015847 0.001750
20.016681 0.001676
21.017515 0.001606
22.018349 0.001539
23.019183 0.001474
24.020017 0.001411
25.020851 0.001353
26.021685 0.001300
27.022519 0.001255
28.023353 0.001218
29.024187 0.001189
30.025021 0.001167
31.025855 0.001151
32.026689 0.001140
33.027523 0.001131
34.028357 0.001123
35.029191 0.001114
36.030025 0.001105
37.030859 0.001096
38.031693 0.001089
39.032527 0.001085
40.033361 0.001083
41.034195 0.001085
42.035029 0.001088
43.035863 0.001091
44.036697 0.001093
45.037531 0.001093
46.038365 0.001091
47.039199 0.001088
48.040033 0.001083
49.040867 0.001078
50.041701 0.001073
51.042535 0.001069
52.043369 0.001066
53.044204 0.001064
54.045038 0.001065
55.045872 0.001068
56.046706 0.001076
57.047540 0.001088
58.048374 0.001104
59.049208 0.001122
60.050042 0.001141
61.050876 0.001157
62.051710 0.001169
63.052544 0.001175
64.053378 0.001175
65.054212 0.001172
66.055046 0.001168
67.055880 0.001165
68.056714 0.001165
69.057548 0.001170
70.058382 0.001179
71.059216 0.001191
72.060050 0.001207
73.060884 0.001227
74.061718 0.001252
75.062552 0.001283
76.063386 0.001323
77.064220 0.001372
78.065054 0.001428
79.065888 0.001490
80.066722 0.001553
81.067556 0.001613
82.068390 0.001665
83.069224 0.001708
84.070058 0.001740
85.070892 0.001762
86.071726 0.001777
87.072560 0.001789
88.073394 0.001802
89.074229 0.001818
90.075063 0.001840
91.075897 0.001869
92.076731 0.001903
93.077565 0.001943
94.078399 0.001988
95.079233 0.002035
96.080067 0.002086
97.080901 0.002140
98.081735 0.002198
99.082569 0.002261
100.083403 0.002331
101.084237 0.002407
102.085071 0.002491
103.085905 0.002580
104.086739 0.002672
105.087573 0.002762
106.088407 0.002842
107.089241 0.002903
108.090075 0.002938
109.090909 0.002938
110.091743 0.002899
111.092577 0.002820
112.093411 0.002704
113.094245 0.002556
114.095079 0.002383
115.095913 0.002195
116.096747 0.002001
117.097581 0.001807
118.098415 0.001622
119.099249 0.001451
120.100083 0.001297
121.100917 0.001163
122.101751 0.001049
123.102585 0.000953
124.103420 0.000872
125.104254 0.000802
126.105088 0.000741
127.105922 0.000685
128.106756 0.000634
129.107590 0.000587
130.108424 0.000543
131.109258 0.000502
132.110092 0.000464
133.110926 0.000429
134.111760 0.000397
135.112594 0.000366
136.113428 0.000339
137.114262 0.000314
138.115096 0.000292
139.115930 0.000274
140.116764 0.000259
141.117598 0.000247
142.118432 0.000237
143.119266 0.000229
144.120100 0.000222
145.120934 0.000216
146.121768 0.000210
147.122602 0.000205
148.123436 0.000201
149.124270 0.000197
150.125104 0.000194
151.125938 0.000191
152.126772 0.000189
153.127606 0.000187
154.128440 0.000185
155.129274 0.000185
156.130108 0.000187
157.130942 0.000190
158.131776 0.000195
159.132611 0.000201
160.133445 0.000209
161.134279 0.000219
162.135113 0.000229
163.135947 0.000240
164.136781 0.000253
165.137615 0.000265
166.138449 0.000279
167.139283 0.000291
168.140117 0.000304
169.140951 0.000315
170.141785 0.000326
171.142619 0.000336
172.143453 0.000347
173.144287 0.000361
174.145121 0.000377
175.145955 0.000397
176.146789 0.000421
177.147623 0.000448
178.148457 0.000476
179.149291 0.000506
180.150125 0.000534
181.150959 0.000562
182.151793 0.000588
183.152627 0.000614
184.153461 0.000640
185.154295 0.000668
186.155129 0.000699
187.155963 0.000733
188.156797 0.000771
189.157631 0.000811
190.158465 0.000854
191.159299 0.000898
192.160133 0.000942
193.160967 0.000983
194.161802 0.001021
195.162636 0.001054
196.163470 0.001079
197.164304 0.001097
198.165138 0.001108
199.165972 0.001111
200.166806 0.001108
201.167640 0.001101
202.168474 0.001093
203.169308 0.001085
204.170142 0.001079
205.170976 0.001074
206.171810 0.001071
207.172644 0.001068
208.173478 0.001066
209.174312 0.001064
210.175146 0.001062
211.175980 0.001060
212.176814 0.001057
213.177648 0.001054
214.178482 0.001051
215.179316 0.001047
216.180150 0.001044
217.180984 0.001039
218.181818 0.001033
219.182652 0.001027
220.183486 0.001018
221.184320 0.001008
222.185154 0.000997
223.185988 0.000985
224.186822 0.000971
225.187656 0.000956
226.188490 0.000939
227.189324 0.000920
228.190158 0.000901
229.190992 0.000880
230.191827 0.000858
231.192661 0.000836
232.193495 0.000814
233.194329 0.000791
234.195163 0.000770
235.195997 0.000748
236.196831 0.000726
237.197665 0.000704
238.198499 0.000683
239.199333 0.000662
240.200167 0.000643
241.201001 0.000626
242.201835 0.000612
243.202669 0.000600
244.203503 0.000589
245.204337 0.000580
246.205171 0.000571
247.206005 0.000562
248.206839 0.000551
249.207673 0.000538
250.208507 0.000525
251.209341 0.000511
252.210175 0.000497
253.211009 0.000485
254.211843 0.000476
255.212677 0.000471
256.213511 0.000469
257.214345 0.000471
258.215179 0.000476
259.216013 0.000482
260.216847 0.000489
261.217681 0.000496
262.218515 0.000502
263.219349 0.000506
264.220183 0.000509
265.221018 0.000509
266.221852 0.000507
267.222686 0.000502
268.223520 0.000495
269.224354 0.000487
270.225188 0.000477
271.226022 0.000467
272.226856 0.000458
273.227690 0.000451
274.228524 0.000446
275.229358 0.000444
276.230192 0.000443
277.231026 0.000445
278.231860 0.000448
279.232694 0.000452
280.233528 0.000456
281.234362 0.000459
282.235196 0.000461
283.236030 0.000462
284.236864 0.000460
285.237698 0.000457
286.238532 0.000453
287.239366 0.000449
288.240200 0.000446
289.241034 0.000445
290.241868 0.000448
291.242702 0.000454
292.243536 0.000463
293.244370 0.000472
294.245204 0.000481
295.246038 0.000487
296.246872 0.000488
297.247706 0.000486
298.248540 0.000480
299.249374 0.000472
300.250209 0.000462
301.251043 0.000454
302.251877 0.000447
303.252711 0.000443
304.253545 0.000442
305.254379 0.000442
306.255213 0.000442
307.256047 0.000442
308.256881 0.000440
309.257715 0.000435
310.258549 0.000428
311.259383 0.000418
312.260217 0.000407
313.261051 0.000394
314.261885 0.000381
315.262719 0.000368
316.263553 0.000356
317.264387 0.000346
318.265221 0.000337
319.266055 0.000331
320.266889 0.000327
321.267723 0.000326
322.268557 0.000326
323.269391 0.000328
324.270225 0.000330
325.271059 0.000331
326.271893 0.000331
327.272727 0.000328
328.273561 0.000323
329.274395 0.000316
330.275229 0.000308
331.276063 0.000299
332.276897 0.000291
333.277731 0.000284
334.278565 0.000279
335.279399 0.000276
336.280234 0.000274
337.281068 0.000274
338.281902 0.000273
339.282736 0.000273
340.283570 0.000273
341.284404 0.000273
342.285238 0.000273
343.286072 0.000274
344.286906 0.000274
345.287740 0.000274
346.288574 0.000272
347.289408 0.000270
348.290242 0.000265
349.291076 0.000258
350.291910 0.000250
351.292744 0.000241
352.293578 0.000233
353.294412 0.000226
354.295246 0.000220
355.296080 0.000217
356.296914 0.000215
357.297748 0.000215
358.298582 0.000216
359.299416 0.000217
360.300250 0.000217
361.301084 0.000217
362.301918 0.000216
363.302752 0.000215
364.303586 0.000213
365.304420 0.000211
366.305254 0.000210
367.306088 0.000209
368.306922 0.000209
369.307756 0.000210
370.308590 0.000211
371.309425 0.000212
372.310259 0.000213
373.311093 0.000214
374.311927 0.000215
375.312761 0.000216
376.313595 0.000218
377.314429 0.000220
378.315263 0.000222
379.316097 0.000226
380.316931 0.000230
381.317765 0.000235
382.318599 0.000239
383.319433 0.000242
384.320267 0.000244
385.321101 0.000244
386.321935 0.000243
387.322769 0.000240
388.323603 0.000235
389.324437 0.000229
390.325271 0.000222
391.326105 0.000215
392.326939 0.000208
393.327773 0.000201
394.328607 0.000196
395.329441 0.000193
396.330275 0.000191
397.331109 0.000192
398.331943 0.000195
399.332777 0.000200
400.333611 0.000205
401.334445 0.000211
402.335279 0.000216
403.336113 0.000220
404.336947 0.000223
405.337781 0.000223
406.338616 0.000221
407.339450 0.000218
408.340284 0.000215
409.341118 0.000210
410.341952 0.000207
411.342786 0.000203
412.343620 0.000201
413.344454 0.000200
414.345288 0.000199
415.346122 0.000199
416.346956 0.000199
417.347790 0.000200
418.348624 0.000200
419.349458 0.000200
420.350292 0.000201
421.351126 0.000202
422.351960 0.000203
423.352794 0.000204
424.353628 0.000205
425.354462 0.000206
426.355296 0.000206
427.356130 0.000206
428.356964 0.000206
429.357798 0.000208
430.358632 0.000211
431.359466 0.000216
432.360300 0.000223
433.361134 0.000232
434.361968 0.000241
435.362802 0.000251
436.363636 0.000259
437.364470 0.000265
438.365304 0.000269
439.366138 0.000270
440.366972 0.000270
441.367807 0.000269
442.368641 0.000268
443.369475 0.000268
444.370309 0.000268
445.371143 0.000271
446.371977 0.000275
447.372811 0.000280
448.373645 0.000288
449.374479 0.000298
450.375313 0.000310
451.376147 0.000326
452.376981 0.000344
453.377815 0.000364
454.378649 0.000388
455.379483 0.000413
456.380317 0.000440
457.381151 0.000466
458.381985 0.000492
459.382819 0.000516
460.383653 0.000539
461.384487 0.000561
462.385321 0.000581
463.386155 0.000602
464.386989 0.000624
465.387823 0.000649
466.388657 0.000677
467.389491 0.000709
468.390325 0.000746
469.391159 0.000788
470.391993 0.000834
471.392827 0.000884
472.393661 0.000937
473.394495 0.000992
474.395329 0.001049
475.396163 0.001109
476.396997 0.001176
477.397832 0.001250
478.398666 0.001335
479.399500 0.001434
480.400334 0.001549
481.401168 0.001679
482.402002 0.001823
483.402836 0.001976
484.403670 0.002133
485.404504 0.002286
486.405338 0.002428
487.406172 0.002553
488.407006 0.002658
489.407840 0.002741
490.408674 0.002806
491.409508 0.002856
492.410342 0.002895
493.411176 0.002924
494.412010 0.002943
495.412844 0.002950
496.413678 0.002939
497.414512 0.002908
498.415346 0.002852
499.416180 0.002771
500.417014 0.002667
501.417848 0.002543
502.418682 0.002407
503.419516 0.002265
504.420350 0.002123
505.421184 0.001986
506.422018 0.001857
507.422852 0.001736
508.423686 0.001624
509.424520 0.001519
510.425354 0.001419
511.426188 0.001322
512.427023 0.001228
513.427857 0.001137
514.428691 0.001049
515.429525 0.000966
516.430359 0.000890
517.431193 0.000822
518.432027 0.000763
519.432861 0.000711
520.433695 0.000667
521.434529 0.000629
522.435363 0.000597
523.436197 0.000569
524.437031 0.000545
525.437865 0.000525
526.438699 0.000508
527.439533 0.000494
528.440367 0.000480
529.441201 0.000467
530.442035 0.000452
531.442869 0.000436
532.443703 0.000420
533.444537 0.000403
534.445371 0.000387
535.446205 0.000373
536.447039 0.000361
537.447873 0.000350
538.448707 0.000339
539.449541 0.000329
540.450375 0.000318
541.451209 0.000307
542.452043 0.000295
543.452877 0.000284
544.453711 0.000272
545.454545 0.000261
546.455379 0.000250
547.456214 0.000239
548.457048 0.000229
549.457882 0.000219
550.458716 0.000210
551.459550 0.000202
552.460384 0.000195
553.461218 0.000190
554.462052 0.000186
555.462886 0.000184
556.463720 0.000183
557.464554 0.000183
558.465388 0.000183
559.466222 0.000182
560.467056 0.000180
561.467890 0.000177
562.468724 0.000173
563.469558 0.000168
564.470392 0.000162
565.471226 0.000158
566.472060 0.000154
567.472894 0.000153
568.473728 0.000153
569.474562 0.000155
570.475396 0.000159
571.476230 0.000163
572.477064 0.000167
573.477898 0.000171
574.478732 0.000173
575.479566 0.000175
576.480400 0.000176
577.481234 0.000176
578.482068 0.000175
579.482902 0.000174
580.483736 0.000172
581.484570 0.000171
582.485405 0.000168
583.486239 0.000165
584.487073 0.000161
585.487907 0.000157
586.488741 0.000152
587.489575 0.000146
588.490409 0.000140
589.491243 0.000134
590.492077 0.000129
591.492911 0.000124
592.493745 0.000120
593.494579 0.000117
594.495413 0.000115
595.496247 0.000113
596.497081 0.000111
597.497915 0.000110
598.498749 0.000109
599.499583 0.000109
600.500417 0.000109
601.501251 0.000109
602.502085 0.000110
603.502919 0.000112
604.503753 0.000114
605.504587 0.000117
606.505421 0.000120
607.506255 0.000125
608.507089 0.000130
609.507923 0.000135
610.508757 0.000140
611.509591 0.000145
612.510425 0.000148
613.511259 0.000150
614.512093 0.000150
615.512927 0.000148
616.513761 0.000145
617.514595 0.000140
618.515430 0.000135
619.516264 0.000130
620.517098 0.000125
621.517932 0.000121
622.518766 0.000118
623.519600 0.000115
624.520434 0.000114
625.521268 0.000113
626.522102 0.000113
627.522936 0.000113
628.523770 0.000114
629.524604 0.000116
630.525438 0.000118
631.526272 0.000120
632.527106 0.000122
633.527940 0.000125
634.528774 0.000127
635.529608 0.000129
636.530442 0.000131
637.531276 0.000134
638.532110 0.000137
639.532944 0.000141
640.533778 0.000146
641.534612 0.000152
642.535446 0.000158
643.536280 0.000163
644.537114 0.000168
645.537948 0.000171
646.538782 0.000172
647.539616 0.000171
648.540450 0.000169
649.541284 0.000166
650.542118 0.000164
651.542952 0.000163
652.543786 0.000164
653.544621 0.000167
654.545455 0.000173
655.546289 0.000181
656.547123 0.000191
657.547957 0.000202
658.548791 0.000214
659.549625 0.000227
660.550459 0.000241
661.551293 0.000257
662.552127 0.000275
663.552961 0.000296
664.553795 0.000320
665.554629 0.000349
666.555463 0.000381
667.556297 0.000419
668.557131 0.000460
669.557965 0.000504
670.558799 0.000552
671.559633 0.000601
672.560467 0.000652
673.561301 0.000705
674.562135 0.000761
675.562969 0.000821
676.563803 0.000887
677.564637 0.000962
678.565471 0.001049
679.566305 0.001152
680.567139 0.001275
681.567973 0.001422
682.568807 0.001594
683.569641 0.001793
684.570475 0.002016
685.571309 0.002261
686.572143 0.002522
687.572977 0.002794
688.573812 0.003073
689.574646 0.003353
690.575480 0.003628
691.576314 0.003892
692.577148 0.004132
693.577982 0.004337
694.578816 0.004493
695.579650 0.004586
696.580484 0.004610
697.581318 0.004560
698.582152 0.004443
699.582986 0.004265
700.583820 0.004039
701.584654 0.003779
702.585488 0.003499
703.586322 0.003209
704.587156 0.002920
705.587990 0.002640
706.588824 0.002375
707.589658 0.002130
708.590492 0.001908
709.591326 0.001709
710.592160 0.001535
711.592994 0.001383
712.593828 0.001252
713.594662 0.001142
714.595496 0.001050
715.596330 0.000976
716.597164 0.000918
717.597998 0.000873
718.598832 0.000840
719.599666 0.000817
720.600500 0.000802
721.601334 0.000793
722.602168 0.000789
723.603003 0.000787
724.603837 0.000787
725.604671 0.000787
726.605505 0.000786
727.606339 0.000783
728.607173 0.000779
729.608007 0.000774
730.608841 0.000766
731.609675 0.000758
732.610509 0.000750
733.611343 0.000741
734.612177 0.000733
735.613011 0.000725
736.613845 0.000718
737.614679 0.000712
738.615513 0.000707
739.616347 0.000704
740.617181 0.000703
741.618015 0.000704
742.618849 0.000708
743.619683 0.000714
744.620517 0.000723
745.621351 0.000732
746.622185 0.000742
747.623019 0.000752
748.623853 0.000760
749.624687 0.000769
750.625521 0.000777
751.626355 0.000787
752.627189 0.000799
753.628023 0.000813
754.628857 0.000831
755.629691 0.000852
756.630525 0.000876
757.631359 0.000901
758.632193 0.000926
759.633028 0.000950
760.633862 0.000972
761.634696 0.000991
762.635530 0.001008
763.636364 0.001021
764.637198 0.001032
765.638032 0.001043
766.638866 0.001054
767.639700 0.001067
768.640534 0.001083
769.641368 0.001103
770.642202 0.001124
771.643036 0.001147
772.643870 0.001169
773.644704 0.001190
774.645538 0.001208
775.646372 0.001222
776.647206 0.001234
777.648040 0.001243
778.648874 0.001251
779.649708 0.001260
780.650542 0.001273
781.651376 0.001290
782.652210 0.001315
783.653044 0.001347
784.653878 0.001388
785.654712 0.001436
786.655546 0.001491
787.656380 0.001550
788.657214 0.001611
789.658048 0.001669
790.658882 0.001721
791.659716 0.001763
792.660550 0.001791
793.661384 0.001802
794.662219 0.001795
795.663053 0.001770
796.663887 0.001730
797.664721 0.001678
798.665555 0.001618
799.666389 0.001554
800.667223 0.001489
801.668057 0.001427
802.668891 0.001370
803.669725 0.001319
804.670559 0.001275
805.671393 0.001236
806.672227 0.001203
807.673061 0.001173
808.673895 0.001145
809.674729 0.001114
810.675563 0.001078
811.676397 0.001035
812.677231 0.000984
813.678065 0.000927
814.678899 0.000866
815.679733 0.000804
816.680567 0.000746
817.681401 0.000694
818.682235 0.000649
819.683069 0.000612
820.683903 0.000581
821.684737 0.000554
822.685571 0.000529
823.686405 0.000504
824.687239 0.000478
825.688073 0.000451
826.688907 0.000423
827.689741 0.000396
828.690575 0.000370
829.691410 0.000345
830.692244 0.000322
831.693078 0.000301
832.693912 0.000283
833.694746 0.000266
834.695580 0.000251
835.696414 0.000239
836.697248 0.000230
837.698082 0.000223
838.698916 0.000219
839.699750 0.000217
840.700584 0.000218
841.701418 0.000220
842.702252 0.000224
843.703086 0.000226
844.703920 0.000228
845.704754 0.000227
846.705588 0.000224
847.706422 0.000218
848.707256 0.000210
849.708090 0.000201
850.708924 0.000192
851.709758 0.000183
852.710592 0.000174
853.711426 0.000167
854.712260 0.000161
855.713094 0.000156
856.713928 0.000152
857.714762 0.000149
858.715596 0.000146
859.716430 0.000145
860.717264 0.000143
861.718098 0.000143
862.718932 0.000143
863.719766 0.000145
864.720601 0.000146
865.721435 0.000149
866.722269 0.000152
867.723103 0.000155
868.723937 0.000159
869.724771 0.000163
870.725605 0.000168
871.726439 0.000174
872.727273 0.000180
873.728107 0.000186
874.728941 0.000193
875.729775 0.000198
876.730609 0.000203
877.731443 0.000206
878.732277 0.000208
879.733111 0.000208
880.733945 0.000207
881.734779 0.000205
882.735613 0.000203
883.736447 0.000200
884.737281 0.000197
885.738115 0.000195
886.738949 0.000194
887.739783 0.000193
888.740617 0.000195
889.741451 0.000197
890.742285 0.000201
891.743119 0.000206
892.743953 0.000210
893.744787 0.000215
894.745621 0.000218
895.746455 0.000220
896.747289 0.000222
897.748123 0.000222
898.748957 0.000223
899.749791 0.000224
900.750626 0.000226
901.751460 0.000228
902.752294 0.000233
903.753128 0.000239
904.753962 0.000248
905.754796 0.000258
906.755630 0.000272
907.756464 0.000288
908.757298 0.000307
909.758132 0.000327
910.758966 0.000349
911.759800 0.000371
912.760634 0.000392
913.761468 0.000410
914.762302 0.000425
915.763136 0.000436
916.763970 0.000443
917.764804 0.000445
918.765638 0.000443
919.766472 0.000439
920.767306 0.000432
921.768140 0.000426
922.768974 0.000419
923.769808 0.000414
924.770642 0.000410
925.771476 0.000408
926.772310 0.000407
927.773144 0.000408
928.773978 0.000408
929.774812 0.000408
930.775646 0.000408
931.776480 0.000408
932.777314 0.000407
933.778148 0.000408
934.778982 0.000409
935.779817 0.000413
936.780651 0.000418
937.781485 0.000425
938.782319 0.000434
939.783153 0.000444
940.783987 0.000457
941.784821 0.000472
942.785655 0.000489
943.786489 0.000509
944.787323 0.000529
945.788157 0.000550
946.788991 0.000569
947.789825 0.000584
948.790659 0.000595
949.791493 0.000601
950.792327 0.000603
951.793161 0.000602
952.793995 0.000600
953.794829 0.000597
954.795663 0.000596
955.796497 0.000597
956.797331 0.000600
957.798165 0.000603
958.798999 0.000608
959.799833 0.000612
960.800667 0.000615
961.801501 0.000617
962.802335 0.000619
963.803169 0.000621
964.804003 0.000624
965.804837 0.000629
966.805671 0.000636
967.806505 0.000645
968.807339 0.000655
969.808173 0.000665
970.809008 0.000675
971.809842 0.000684
972.810676 0.000692
973.811510 0.000699
974.812344 0.000707
975.813178 0.000715
976.814012 0.000726
977.814846 0.000739
978.815680 0.000755
979.816514 0.000773
980.817348 0.000792
981.818182 0.000812
982.819016 0.000834
983.819850 0.000857
984.820684 0.000881
985.821518 0.000907
986.822352 0.000934
987.823186 0.000962
988.824020 0.000988
989.824854 0.001013
990.825688 0.001034
991.826522 0.001053
992.827356 0.001069
993.828190 0.001085
994.829024 0.001103
995.829858 0.001126
996.830692 0.001154
997.831526 0.001190
998.832360 0.001231
999.833194 0.001275
1000.834028 0.001318
1001.834862 0.001357
1002.835696 0.001387
1003.836530 0.001406
1004.837364 0.001411
1005.838198 0.001403
1006.839033 0.001382
1007.839867 0.001352
1008.840701 0.001316
1009.841535 0.001278
1010.842369 0.001241
1011.843203 0.001207
1012.844037 0.001177
1013.844871 0.001153
1014.845705 0.001133
1015.846539 0.001117
1016.847373 0.001104
1017.848207 0.001093
1018.849041 0.001081
1019.849875 0.001066
1020.850709 0.001048
1021.851543 0.001024
1022.852377 0.000995
1023.853211 0.000961
1024.854045 0.000925
1025.854879 0.000888
1026.855713 0.000853
1027.856547 0.000820
1028.857381 0.000790
1029.858215 0.000763
1030.859049 0.000737
1031.859883 0.000712
1032.860717 0.000687
1033.861551 0.000662
1034.862385 0.000637
1035.863219 0.000613
1036.864053 0.000590
1037.864887 0.000568
1038.865721 0.000549
1039.866555 0.000532
1040.867389 0.000517
1041.868224 0.000503
1042.869058 0.000491
1043.869892 0.000480
1044.870726 0.000468
1045.871560 0.000456
1046.872394 0.000442
1047.873228 0.000426
1048.874062 0.000410
1049.874896 0.000393
1050.875730 0.000376
1051.876564 0.000362
1052.877398 0.000350
1053.878232 0.000342
1054.879066 0.000336
1055.879900 0.000331
1056.880734 0.000327
1057.881568 0.000322
1058.882402 0.000317
1059.883236 0.000311
1060.884070 0.000305
1061.884904 0.000301
1062.885738 0.000300
1063.886572 0.000301
1064.887406 0.000304
1065.888240 0.000309
1066.889074 0.000314
1067.889908 0.000317
1068.890742 0.000319
1069.891576 0.000318
1070.892410 0.000314
1071.893244 0.000308
1072.894078 0.000299
1073.894912 0.000290
1074.895746 0.000280
1075.896580 0.000270
1076.897415 0.000261
1077.898249 0.000253
1078.899083 0.000246
1079.899917 0.000240
1080.900751 0.000234
1081.901585 0.000230
1082.902419 0.000226
1083.903253 0.000224
1084.904087 0.000222
1085.904921 0.000222
1086.905755 0.000222
1087.906589 0.000223
1088.907423 0.000225
1089.908257 0.000226
1090.909091 0.000227
1091.909925 0.000227
1092.910759 0.000225
1093.911593 0.000221
1094.912427 0.000215
1095.913261 0.000208
1096.914095 0.000200
1097.914929 0.000192
1098.915763 0.000186
1099.916597 0.000181
1100.917431 0.000178
1101.918265 0.000177
1102.919099 0.000177
1103.919933 0.000179
1104.920767 0.000180
1105.921601 0.000182
1106.922435 0.000184
1107.923269 0.000186
1108.924103 0.000188
1109.924937 0.000191
1110.925771 0.000194
1111.926606 0.000198
1112.927440 0.000202
1113.928274 0.000206
1114.929108 0.000210
1115.929942 0.000214
1116.930776 0.000218
1117.931610 0.000222
1118.932444 0.000225
1119.933278 0.000228
1120.934112 0.000230
1121.934946 0.000231
1122.935780 0.000230
1123.936614 0.000229
1124.937448 0.000226
1125.938282 0.000222
1126.939116 0.000217
1127.939950 0.000212
1128.940784 0.000208
1129.941618 0.000205
1130.942452 0.000203
1131.943286 0.000203
1132.944120 0.000204
1133.944954 0.000206
1134.945788 0.000210
1135.946622 0.000214
1136.947456 0.000218
1137.948290 0.000221
1138.949124 0.000224
1139.949958 0.000227
1140.950792 0.000229
1141.951626 0.000230
1142.952460 0.000231
1143.953294 0.000232
1144.954128 0.000232
1145.954962 0.000233
1146.955796 0.000235
1147.956631 0.000236
1148.957465 0.000238
1149.958299 0.000241
1150.959133 0.000245
1151.959967 0.000250
1152.960801 0.000256
1153.961635 0.000264
1154.962469 0.000274
1155.963303 0.000285
1156.964137 0.000299
1157.964971 0.000314
1158.965805 0.000329
1159.966639 0.000345
1160.967473 0.000360
1161.968307 0.000374
1162.969141 0.000386
1163.969975 0.000397
1164.970809 0.000408
1165.971643 0.000420
1166.972477 0.000434
1167.973311 0.000451
1168.974145 0.000473
1169.974979 0.000499
1170.975813 0.000531
1171.976647 0.000567
1172.977481 0.000609
1173.978315 0.000655
1174.979149 0.000705
1175.979983 0.000760
1176.980817 0.000818
1177.981651 0.000881
1178.982485 0.000949
1179.983319 0.001023
1180.984153 0.001105
1181.984987 0.001200
1182.985822 0.001314
1183.986656 0.001458
1184.987490 0.001644
1185.988324 0.001890
1186.989158 0.002211
1187.989992 0.002621
1188.990826 0.003126
1189.991660 0.003720
1190.992494 0.004379
1191.993328 0.005063
1192.994162 0.005711
1193.994996 0.006253
1194.995830 0.006617
1195.996664 0.006746
1196.997498 0.006606
1197.998332 0.006199
1198.999166 0.005563
1200.000000 0.004765
