0.000000 0.009528
1.000834 0.010308
2.001668 0.010751
3.002502 0.010830
4.003336 0.010557
5.004170 0.009986
6.005004 0.009193
7.005838 0.008264
8.006672 0.007283
9.007506 0.006318
10.008340 0.005420
11.009174 0.004617
12.010008 0.003923
13.010842 0.003335
14.011676 0.002847
15.012510 0.002447
16.013344 0.002120
17.014178 0.001855
18.015013 0.001640
19.015847 0.001466
20.016681 0.001324
21.017515 0.001208
22.018349 0.001112
23.019183 0.001031
24.020017 0.000963
25.020851 0.000904
26.021685 0.000852
27.022519 0.000806
28.023353 0.000766
29.024187 0.000730
30.025021 0.000698
31.025855 0.000670
32.026689 0.000646
33.027523 0.000626
34.028357 0.000609
35.029191 0.000595
36.030025 0.000583
37.030859 0.000574
38.031693 0.000566
39.032527 0.000560
40.033361 0.000555
41.034195 0.000551
42.035029 0.000547
43.035863 0.000544
44.036697 0.000540
45.037531 0.000537
46.038365 0.000534
47.039199 0.000531
48.040033 0.000529
49.040867 0.000527
50.041701 0.000527
51.042535 0.000527
52.043369 0.000529
53.044204 0.000532
54.045038 0.000536
55.045872 0.000542
56.046706 0.000549
57.047540 0.000556
58.048374 0.000564
59.049208 0.000573
60.050042 0.000581
61.050876 0.000588
62.051710 0.000595
63.052544 0.000601
64.053378 0.000607
65.054212 0.000612
66.055046 0.000617
67.055880 0.000623
68.056714 0.000630
69.057548 0.000638
70.058382 0.000649
71.059216 0.000663
72.060050 0.000680
73.060884 0.000699
74.061718 0.000722
75.062552 0.000748
76.063386 0.000776
77.064220 0.000806
78.065054 0.000838
79.065888 0.000871
80.066722 0.000906
81.067556 0.000941
82.068390 0.000978
83.069224 0.001016
84.070058 0.001055
85.070892 0.001096
86.071726 0.001139
87.072560 0.001183
88.073394 0.001230
89.074229 0.001277
90.075063 0.001324
91.075897 0.001369
92.076731 0.001409
93.077565 0.001441
94.078399 0.001462
95.079233 0.001469
96.080067 0.001461
97.080901 0.001436
98.081735 0.001396
99.082569 0.001341
100.083403 0.001275
101.084237 0.001203
102.085071 0.001130
103.085905 0.001058
104.086739 0.000993
105.087573 0.000936
106.088407 0.000889
107.089241 0.000851
108.090075 0.000821
109.090909 0.000796
110.091743 0.000775
111.092577 0.000754
112.093411 0.000732
113.094245 0.000707
114.095079 0.000680
115.095913 0.000650
116.096747 0.000619
117.097581 0.000586
118.098415 0.000552
119.099249 0.000517
120.100083 0.000483
121.100917 0.000450
122.101751 0.000418
123.102585 0.000387
124.103420 0.000358
125.104254 0.000332
126.105088 0.000308
127.105922 0.000287
128.106756 0.000268
129.107590 0.000253
130.108424 0.000239
131.109258 0.000228
132.110092 0.000217
133.110926 0.000208
134.111760 0.000201
135.112594 0.000193
136.113428 0.000187
137.114262 0.000181
138.115096 0.000176
139.115930 0.000172
140.116764 0.000168
141.117598 0.000164
142.118432 0.000160
143.119266 0.000156
144.120100 0.000152
145.120934 0.000149
146.121768 0.000145
147.122602 0.000142
148.123436 0.000139
149.124270 0.000136
150.125104 0.000135
151.125938 0.000134
152.126772 0.000134
153.127606 0.000135
154.128440 0.000137
155.129274 0.000140
156.130108 0.000145
157.130942 0.000150
158.131776 0.000156
159.132611 0.000163
160.133445 0.000170
161.134279 0.000177
162.135113 0.000185
163.135947 0.000192
164.136781 0.000200
165.137615 0.000208
166.138449 0.000217
167.139283 0.000225
168.140117 0.000234
169.140951 0.000243
170.141785 0.000251
171.142619 0.000260
172.143453 0.000267
173.144287 0.000274
174.145121 0.000280
175.145955 0.000286
176.146789 0.000291
177.147623 0.000295
178.148457 0.000300
179.149291 0.000305
180.150125 0.000310
181.150959 0.000317
182.151793 0.000323
183.152627 0.000331
184.153461 0.000339
185.154295 0.000348
186.155129 0.000357
187.155963 0.000367
188.156797 0.000378
189.157631 0.000389
190.158465 0.000400
191.159299 0.000412
192.160133 0.000423
193.160967 0.000434
194.161802 0.000444
195.162636 0.000453
196.163470 0.000461
197.164304 0.000469
198.165138 0.000476
199.165972 0.000483
200.166806 0.000490
201.167640 0.000497
202.168474 0.000503
203.169308 0.000509
204.170142 0.000513
205.170976 0.000516
206.171810 0.000517
207.172644 0.000515
208.173478 0.000512
209.174312 0.000506
210.175146 0.000499
211.175980 0.000489
212.176814 0.000478
213.177648 0.000465
214.178482 0.000450
215.179316 0.000435
216.180150 0.000419
217.180984 0.000403
218.181818 0.000388
219.182652 0.000373
220.183486 0.000361
221.184320 0.000350
222.185154 0.000341
223.185988 0.000333
224.186822 0.000327
225.187656 0.000321
226.188490 0.000315
227.189324 0.000310
228.190158 0.000305
229.190992 0.000299
230.191827 0.000294
231.192661 0.000289
232.193495 0.000285
233.194329 0.000282
234.195163 0.000279
235.195997 0.000276
236.196831 0.000274
237.197665 0.000272
238.198499 0.000270
239.199333 0.000268
240.200167 0.000265
241.201001 0.000261
242.201835 0.000256
243.202669 0.000251
244.203503 0.000246
245.204337 0.000240
246.205171 0.000235
247.206005 0.000229
248.206839 0.000225
249.207673 0.000222
250.208507 0.000219
251.209341 0.000217
252.210175 0.000216
253.211009 0.000216
254.211843 0.000215
255.212677 0.000215
256.213511 0.000214
257.214345 0.000212
258.215179 0.000210
259.216013 0.000207
260.216847 0.000204
261.217681 0.000200
262.218515 0.000196
263.219349 0.000191
264.220183 0.000186
265.221018 0.000182
266.221852 0.000178
267.222686 0.000174
268.223520 0.000170
269.224354 0.000167
270.225188 0.000164
271.226022 0.000161
272.226856 0.000159
273.227690 0.000157
274.228524 0.000154
275.229358 0.000153
276.230192 0.000151
277.231026 0.000150
278.231860 0.000149
279.232694 0.000148
280.233528 0.000148
281.234362 0.000148
282.235196 0.000148
283.236030 0.000148
284.236864 0.000149
285.237698 0.000149
286.238532 0.000150
287.239366 0.000150
288.240200 0.000150
289.241034 0.000150
290.241868 0.000150
291.242702 0.000148
292.243536 0.000147
293.244370 0.000144
294.245204 0.000141
295.246038 0.000137
296.246872 0.000134
297.247706 0.000130
298.248540 0.000127
299.249374 0.000124
300.250209 0.000122
301.251043 0.000120
302.251877 0.000118
303.252711 0.000117
304.253545 0.000115
305.254379 0.000113
306.255213 0.000111
307.256047 0.000109
308.256881 0.000107
309.257715 0.000104
310.258549 0.000102
311.259383 0.000100
312.260217 0.000098
313.261051 0.000096
314.261885 0.000095
315.262719 0.000093
316.263553 0.000092
317.264387 0.000091
318.265221 0.000090
319.266055 0.000090
320.266889 0.000090
321.267723 0.000090
322.268557 0.000090
323.269391 0.000090
324.270225 0.000091
325.271059 0.000091
326.271893 0.000090
327.272727 0.000090
328.273561 0.000089
329.274395 0.000088
330.275229 0.000087
331.276063 0.000086
332.276897 0.000085
333.277731 0.000084
334.278565 0.000083
335.279399 0.000083
336.280234 0.000083
337.281068 0.000082
338.281902 0.000081
339.282736 0.000079
340.283570 0.000078
341.284404 0.000076
342.285238 0.000073
343.286072 0.000071
344.286906 0.000069
345.287740 0.000068
346.288574 0.000067
347.289408 0.000066
348.290242 0.000065
349.291076 0.000065
350.291910 0.000065
351.292744 0.000064
352.293578 0.000063
353.294412 0.000063
354.295246 0.000062
355.296080 0.000061
356.296914 0.000060
357.297748 0.000060
358.298582 0.000060
359.299416 0.000060
360.300250 0.000060
361.301084 0.000061
362.301918 0.000061
363.302752 0.000062
364.303586 0.000062
365.304420 0.000062
366.305254 0.000062
367.306088 0.000062
368.306922 0.000062
369.307756 0.000061
370.308590 0.000060
371.309425 0.000059
372.310259 0.000058
373.311093 0.000056
374.311927 0.000055
375.312761 0.000054
376.313595 0.000053
377.314429 0.000053
378.315263 0.000052
379.316097 0.000052
380.316931 0.000052
381.317765 0.000051
382.318599 0.000051
383.319433 0.000051
384.320267 0.000050
385.321101 0.000048
386.321935 0.000046
387.322769 0.000044
388.323603 0.000042
389.324437 0.000040
390.325271 0.000038
391.326105 0.000036
392.326939 0.000035
393.327773 0.000035
394.328607 0.000035
395.329441 0.000036
396.330275 0.000038
397.331109 0.000040
398.331943 0.000042
399.332777 0.000044
400.333611 0.000046
401.334445 0.000048
402.335279 0.000049
403.336113 0.000050
404.336947 0.000050
405.337781 0.000051
406.338616 0.000050
407.339450 0.000050
408.340284 0.000050
409.341118 0.000050
410.341952 0.000050
411.342786 0.000050
412.343620 0.000050
413.344454 0.000051
414.345288 0.000052
415.346122 0.000054
416.346956 0.000056
417.347790 0.000058
418.348624 0.000060
419.349458 0.000061
420.350292 0.000063
421.351126 0.000064
422.351960 0.000065
423.352794 0.000066
424.353628 0.000068
425.354462 0.000069
426.355296 0.000071
427.356130 0.000073
428.356964 0.000076
429.357798 0.000079
430.358632 0.000082
431.359466 0.000085
432.360300 0.000087
433.361134 0.000089
434.361968 0.000090
435.362802 0.000091
436.363636 0.000091
437.364470 0.000091
438.365304 0.000090
439.366138 0.000090
440.366972 0.000089
441.367807 0.000088
442.368641 0.000088
443.369475 0.000087
444.370309 0.000088
445.371143 0.000088
446.371977 0.000089
447.372811 0.000090
448.373645 0.000092
449.374479 0.000095
450.375313 0.000098
451.376147 0.000101
452.376981 0.000105
453.377815 0.000109
454.378649 0.000114
455.379483 0.000119
456.380317 0.000126
457.381151 0.000133
458.381985 0.000140
459.382819 0.000149
460.383653 0.000159
461.384487 0.000170
462.385321 0.000182
463.386155 0.000194
464.386989 0.000207
465.387823 0.000221
466.388657 0.000236
467.389491 0.000251
468.390325 0.000267
469.391159 0.000285
470.391993 0.000305
471.392827 0.000328
472.393661 0.000354
473.394495 0.000385
474.395329 0.000422
475.396163 0.000465
476.396997 0.000516
477.397832 0.000576
478.398666 0.000648
479.399500 0.000732
480.400334 0.000830
481.401168 0.000942
482.402002 0.001070
483.402836 0.001211
484.403670 0.001364
485.404504 0.001524
486.405338 0.001687
487.406172 0.001847
488.407006 0.002001
489.407840 0.002142
490.408674 0.002269
491.409508 0.002379
492.410342 0.002473
493.411176 0.002551
494.412010 0.002615
495.412844 0.002666
496.413678 0.002703
497.414512 0.002723
498.415346 0.002723
499.416180 0.002699
500.417014 0.002644
501.417848 0.002556
502.418682 0.002433
503.419516 0.002279
504.420350 0.002097
505.421184 0.001895
506.422018 0.001684
507.422852 0.001472
508.423686 0.001270
509.424520 0.001083
510.425354 0.000916
511.426188 0.000773
512.427023 0.000653
513.427857 0.000555
514.428691 0.000476
515.429525 0.000413
516.430359 0.000363
517.431193 0.000322
518.432027 0.000290
519.432861 0.000263
520.433695 0.000240
521.434529 0.000221
522.435363 0.000204
523.436197 0.000189
524.437031 0.000177
525.437865 0.000166
526.438699 0.000157
527.439533 0.000149
528.440367 0.000143
529.441201 0.000137
530.442035 0.000133
531.442869 0.000129
532.443703 0.000125
533.444537 0.000121
534.445371 0.000116
535.446205 0.000111
536.447039 0.000106
537.447873 0.000101
538.448707 0.000097
539.449541 0.000093
540.450375 0.000090
541.451209 0.000087
542.452043 0.000086
543.452877 0.000085
544.453711 0.000084
545.454545 0.000083
546.455379 0.000080
547.456214 0.000077
548.457048 0.000073
549.457882 0.000068
550.458716 0.000063
551.459550 0.000057
552.460384 0.000051
553.461218 0.000046
554.462052 0.000042
555.462886 0.000038
556.463720 0.000035
557.464554 0.000033
558.465388 0.000032
559.466222 0.000031
560.467056 0.000031
561.467890 0.000031
562.468724 0.000032
563.469558 0.000033
564.470392 0.000033
565.471226 0.000034
566.472060 0.000035
567.472894 0.000036
568.473728 0.000036
569.474562 0.000036
570.475396 0.000036
571.476230 0.000036
572.477064 0.000036
573.477898 0.000035
574.478732 0.000035
575.479566 0.000035
576.480400 0.000035
577.481234 0.000034
578.482068 0.000034
579.482902 0.000034
580.483736 0.000034
581.484570 0.000033
582.485405 0.000033
583.486239 0.000033
584.487073 0.000033
585.487907 0.000033
586.488741 0.000033
587.489575 0.000032
588.490409 0.000032
589.491243 0.000030
590.492077 0.000028
591.492911 0.000026
592.493745 0.000024
593.494579 0.000022
594.495413 0.000020
595.496247 0.000018
596.497081 0.000017
597.497915 0.000017
598.498749 0.000017
599.499583 0.000019
600.500417 0.000021
601.501251 0.000023
602.502085 0.000026
603.502919 0.000029
604.503753 0.000031
605.504587 0.000033
606.505421 0.000035
607.506255 0.000036
608.507089 0.000037
609.507923 0.000037
610.508757 0.000038
611.509591 0.000038
612.510425 0.000038
613.511259 0.000039
614.512093 0.000039
615.512927 0.000040
616.513761 0.000040
617.514595 0.000040
618.515430 0.000040
619.516264 0.000040
620.517098 0.000039
621.517932 0.000038
622.518766 0.000037
623.519600 0.000035
624.520434 0.000034
625.521268 0.000033
626.522102 0.000031
627.522936 0.000031
628.523770 0.000030
629.524604 0.000030
630.525438 0.000031
631.526272 0.000031
632.527106 0.000033
633.527940 0.000034
634.528774 0.000036
635.529608 0.000037
636.530442 0.000039
637.531276 0.000041
638.532110 0.000043
639.532944 0.000045
640.533778 0.000047
641.534612 0.000048
642.535446 0.000049
643.536280 0.000050
644.537114 0.000050
645.537948 0.000050
646.538782 0.000050
647.539616 0.000049
648.540450 0.000049
649.541284 0.000048
650.542118 0.000048
651.542952 0.000048
652.543786 0.000048
653.544621 0.000049
654.545455 0.000051
655.546289 0.000054
656.547123 0.000059
657.547957 0.000065
658.548791 0.000073
659.549625 0.000083
660.550459 0.000094
661.551293 0.000107
662.552127 0.000122
663.552961 0.000138
664.553795 0.000155
665.554629 0.000173
666.555463 0.000192
667.556297 0.000212
668.557131 0.000232
669.557965 0.000253
670.558799 0.000275
671.559633 0.000298
672.560467 0.000323
673.561301 0.000350
674.562135 0.000380
675.562969 0.000415
676.563803 0.000458
677.564637 0.000511
678.565471 0.000576
679.566305 0.000656
680.567139 0.000753
681.567973 0.000870
682.568807 0.001008
683.569641 0.001166
684.570475 0.001343
685.571309 0.001539
686.572143 0.001749
687.572977 0.001970
688.573812 0.002197
689.574646 0.002424
690.575480 0.002645
691.576314 0.002853
692.577148 0.003040
693.577982 0.003197
694.578816 0.003316
695.579650 0.003389
696.580484 0.003411
697.581318 0.003378
698.582152 0.003289
699.582986 0.003146
700.583820 0.002957
701.584654 0.002730
702.585488 0.002478
703.586322 0.002214
704.587156 0.001951
705.587990 0.001700
706.588824 0.001471
707.589658 0.001269
708.590492 0.001095
709.591326 0.000951
710.592160 0.000833
711.592994 0.000738
712.593828 0.000663
713.594662 0.000603
714.595496 0.000555
715.596330 0.000518
716.597164 0.000488
717.597998 0.000465
718.598832 0.000447
719.599666 0.000434
720.600500 0.000424
721.601334 0.000418
722.602168 0.000415
723.603003 0.000414
724.603837 0.000415
725.604671 0.000418
726.605505 0.000421
727.606339 0.000424
728.607173 0.000428
729.608007 0.000430
730.608841 0.000433
731.609675 0.000434
732.610509 0.000435
733.611343 0.000436
734.612177 0.000438
735.613011 0.000440
736.613845 0.000443
737.614679 0.000448
738.615513 0.000454
739.616347 0.000462
740.617181 0.000471
741.618015 0.000481
742.618849 0.000492
743.619683 0.000504
744.620517 0.000515
745.621351 0.000526
746.622185 0.000536
747.623019 0.000545
748.623853 0.000553
749.624687 0.000560
750.625521 0.000566
751.626355 0.000571
752.627189 0.000575
753.628023 0.000579
754.628857 0.000582
755.629691 0.000585
756.630525 0.000589
757.631359 0.000593
758.632193 0.000598
759.633028 0.000605
760.633862 0.000614
761.634696 0.000625
762.635530 0.000638
763.636364 0.000654
764.637198 0.000673
765.638032 0.000694
766.638866 0.000717
767.639700 0.000741
768.640534 0.000766
769.641368 0.000791
770.642202 0.000815
771.643036 0.000838
772.643870 0.000861
773.644704 0.000884
774.645538 0.000906
775.646372 0.000929
776.647206 0.000954
777.648040 0.000981
778.648874 0.001010
779.649708 0.001041
780.650542 0.001074
781.651376 0.001107
782.652210 0.001140
783.653044 0.001171
784.653878 0.001199
785.654712 0.001223
786.655546 0.001241
787.656380 0.001252
788.657214 0.001258
789.658048 0.001257
790.658882 0.001252
791.659716 0.001243
792.660550 0.001233
793.661384 0.001221
794.662219 0.001210
795.663053 0.001198
796.663887 0.001186
797.664721 0.001173
798.665555 0.001156
799.666389 0.001136
800.667223 0.001111
801.668057 0.001082
802.668891 0.001048
803.669725 0.001011
804.670559 0.000973
805.671393 0.000935
806.672227 0.000899
807.673061 0.000867
808.673895 0.000840
809.674729 0.000816
810.675563 0.000795
811.676397 0.000776
812.677231 0.000757
813.678065 0.000737
814.678899 0.000714
815.679733 0.000688
816.680567 0.000658
817.681401 0.000627
818.682235 0.000594
819.683069 0.000561
820.683903 0.000528
821.684737 0.000498
822.685571 0.000470
823.686405 0.000444
824.687239 0.000422
825.688073 0.000403
826.688907 0.000386
827.689741 0.000373
828.690575 0.000361
829.691410 0.000352
830.692244 0.000344
831.693078 0.000337
832.693912 0.000329
833.694746 0.000320
834.695580 0.000310
835.696414 0.000299
836.697248 0.000287
837.698082 0.000274
838.698916 0.000261
839.699750 0.000248
840.700584 0.000238
841.701418 0.000229
842.702252 0.000222
843.703086 0.000218
844.703920 0.000217
845.704754 0.000217
846.705588 0.000219
847.706422 0.000222
848.707256 0.000226
849.708090 0.000229
850.708924 0.000232
851.709758 0.000235
852.710592 0.000237
853.711426 0.000239
854.712260 0.000241
855.713094 0.000243
856.713928 0.000245
857.714762 0.000247
858.715596 0.000249
859.716430 0.000251
860.717264 0.000253
861.718098 0.000256
862.718932 0.000259
863.719766 0.000263
864.720601 0.000267
865.721435 0.000273
866.722269 0.000278
867.723103 0.000284
868.723937 0.000290
869.724771 0.000295
870.725605 0.000300
871.726439 0.000304
872.727273 0.000308
873.728107 0.000310
874.728941 0.000312
875.729775 0.000313
876.730609 0.000314
877.731443 0.000314
878.732277 0.000313
879.733111 0.000312
880.733945 0.000310
881.734779 0.000308
882.735613 0.000306
883.736447 0.000304
884.737281 0.000302
885.738115 0.000300
886.738949 0.000299
887.739783 0.000298
888.740617 0.000298
889.741451 0.000299
890.742285 0.000300
891.743119 0.000301
892.743953 0.000303
893.744787 0.000305
894.745621 0.000307
895.746455 0.000309
896.747289 0.000311
897.748123 0.000314
898.748957 0.000316
899.749791 0.000320
900.750626 0.000325
901.751460 0.000332
902.752294 0.000341
903.753128 0.000351
904.753962 0.000364
905.754796 0.000378
906.755630 0.000392
907.756464 0.000407
908.757298 0.000420
909.758132 0.000432
910.758966 0.000442
911.759800 0.000449
912.760634 0.000454
913.761468 0.000457
914.762302 0.000459
915.763136 0.000460
916.763970 0.000462
917.764804 0.000465
918.765638 0.000471
919.766472 0.000480
920.767306 0.000493
921.768140 0.000508
922.768974 0.000527
923.769808 0.000547
924.770642 0.000569
925.771476 0.000592
926.772310 0.000614
927.773144 0.000635
928.773978 0.000654
929.774812 0.000671
930.775646 0.000686
931.776480 0.000699
932.777314 0.000711
933.778148 0.000722
934.778982 0.000733
935.779817 0.000742
936.780651 0.000750
937.781485 0.000758
938.782319 0.000764
939.783153 0.000768
940.783987 0.000770
941.784821 0.000771
942.785655 0.000771
943.786489 0.000771
944.787323 0.000770
945.788157 0.000770
946.788991 0.000772
947.789825 0.000774
948.790659 0.000779
949.791493 0.000785
950.792327 0.000792
951.793161 0.000801
952.793995 0.000809
953.794829 0.000818
954.795663 0.000826
955.796497 0.000833
956.797331 0.000839
957.798165 0.000845
958.798999 0.000850
959.799833 0.000855
960.800667 0.000860
961.801501 0.000865
962.802335 0.000870
963.803169 0.000876
964.804003 0.000883
965.804837 0.000890
966.805671 0.000898
967.806505 0.000908
968.807339 0.000918
969.808173 0.000931
970.809008 0.000944
971.809842 0.000959
972.810676 0.000976
973.811510 0.000994
974.812344 0.001013
975.813178 0.001033
976.814012 0.001054
977.814846 0.001074
978.815680 0.001094
979.816514 0.001113
980.817348 0.001132
981.818182 0.001150
982.819016 0.001168
983.819850 0.001186
984.820684 0.001204
985.821518 0.001223
986.822352 0.001242
987.823186 0.001260
988.824020 0.001278
989.824854 0.001294
990.825688 0.001306
991.826522 0.001315
992.827356 0.001320
993.828190 0.001321
994.829024 0.001318
995.829858 0.001311
996.830692 0.001302
997.831526 0.001291
998.832360 0.001278
999.833194 0.001265
1000.834028 0.001251
1001.834862 0.001236
1002.835696 0.001220
1003.836530 0.001204
1004.837364 0.001186
1005.838198 0.001168
1006.839033 0.001148
1007.839867 0.001127
1008.840701 0.001104
1009.841535 0.001078
1010.842369 0.001050
1011.843203 0.001018
1012.844037 0.000983
1013.844871 0.000944
1014.845705 0.000903
1015.846539 0.000859
1016.847373 0.000815
1017.848207 0.000771
1018.849041 0.000728
1019.849875 0.000687
1020.850709 0.000649
1021.851543 0.000614
1022.852377 0.000583
1023.853211 0.000556
1024.854045 0.000533
1025.854879 0.000513
1026.855713 0.000496
1027.856547 0.000482
1028.857381 0.000469
1029.858215 0.000456
1030.859049 0.000445
1031.859883 0.000432
1032.860717 0.000420
1033.861551 0.000406
1034.862385 0.000392
1035.863219 0.000378
1036.864053 0.000365
1037.864887 0.000352
1038.865721 0.000340
1039.866555 0.000330
1040.867389 0.000322
1041.868224 0.000315
1042.869058 0.000310
1043.869892 0.000306
1044.870726 0.000302
1045.871560 0.000299
1046.872394 0.000296
1047.873228 0.000293
1048.874062 0.000290
1049.874896 0.000287
1050.875730 0.000283
1051.876564 0.000280
1052.877398 0.000276
1053.878232 0.000271
1054.879066 0.000266
1055.879900 0.000262
1056.880734 0.000257
1057.881568 0.000252
1058.882402 0.000248
1059.883236 0.000245
1060.884070 0.000242
1061.884904 0.000240
1062.885738 0.000239
1063.886572 0.000239
1064.887406 0.000239
1065.888240 0.000239
1066.889074 0.000239
1067.889908 0.000239
1068.890742 0.000238
1069.891576 0.000237
1070.892410 0.000236
1071.893244 0.000234
1072.894078 0.000233
1073.894912 0.000232
1074.895746 0.000231
1075.896580 0.000231
1076.897415 0.000231
1077.898249 0.000231
1078.899083 0.000231
1079.899917 0.000231
1080.900751 0.000231
1081.901585 0.000231
1082.902419 0.000231
1083.903253 0.000231
1084.904087 0.000230
1085.904921 0.000230
1086.905755 0.000229
1087.906589 0.000228
1088.907423 0.000227
1089.908257 0.000225
1090.909091 0.000223
1091.909925 0.000221
1092.910759 0.000218
1093.911593 0.000216
1094.912427 0.000213
1095.913261 0.000210
1096.914095 0.000208
1097.914929 0.000207
1098.915763 0.000206
1099.916597 0.000206
1100.917431 0.000208
1101.918265 0.000210
1102.919099 0.000213
1103.919933 0.000217
1104.920767 0.000220
1105.921601 0.000223
1106.922435 0.000225
1107.923269 0.000227
1108.924103 0.000228
1109.924937 0.000228
1110.925771 0.000228
1111.926606 0.000228
1112.927440 0.000227
1113.928274 0.000226
1114.929108 0.000226
1115.929942 0.000226
1116.930776 0.000227
1117.931610 0.000228
1118.932444 0.000229
1119.933278 0.000230
1120.934112 0.000231
1121.934946 0.000233
1122.935780 0.000233
1123.936614 0.000234
1124.937448 0.000234
1125.938282 0.000234
1126.939116 0.000233
1127.939950 0.000232
1128.940784 0.000232
1129.941618 0.000232
1130.942452 0.000233
1131.943286 0.000235
1132.944120 0.000237
1133.944954 0.000241
1134.945788 0.000246
1135.946622 0.000251
1136.947456 0.000258
1137.948290 0.000264
1138.949124 0.000270
1139.949958 0.000276
1140.950792 0.000282
1141.951626 0.000287
1142.952460 0.000291
1143.953294 0.000295
1144.954128 0.000298
1145.954962 0.000301
1146.955796 0.000304
1147.956631 0.000308
1148.957465 0.000312
1149.958299 0.000317
1150.959133 0.000323
1151.959967 0.000331
1152.960801 0.000340
1153.961635 0.000351
1154.962469 0.000364
1155.963303 0.000378
1156.964137 0.000394
1157.964971 0.000411
1158.965805 0.000430
1159.966639 0.000451
1160.967473 0.000473
1161.968307 0.000498
1162.969141 0.000524
1163.969975 0.000554
1164.970809 0.000587
1165.971643 0.000623
1166.972477 0.000664
1167.973311 0.000709
1168.974145 0.000760
1169.974979 0.000818
1170.975813 0.000884
1171.976647 0.000959
1172.977481 0.001045
1173.978315 0.001146
1174.979149 0.001263
1175.979983 0.001402
1176.980817 0.001568
1177.981651 0.001768
1178.982485 0.002009
1179.983319 0.002302
1180.984153 0.002657
1181.984987 0.003087
1182.985822 0.003608
1183.986656 0.004236
1184.987490 0.004987
1185.988324 0.005878
1186.989158 0.006923
1187.989992 0.008128
1188.990826 0.009489
1189.991660 0.010983
1190.992494 0.012566
1191.993328 0.014165
1192.994162 0.015678
1193.994996 0.016986
1194.995830 0.017957
1195.996664 0.018472
1196.997498 0.018445
1197.998332 0.017836
1198.999166 0.016671
1200.000000 0.015037
