0.500000 0.007062
1.500000 0.006568
2.500000 0.006605
3.500000 0.006495
4.500000 0.006825
5.500000 0.006257
6.500000 0.006349
7.500000 0.005105
8.500000 0.004940
9.500000 0.004775
10.500000 0.004684
11.500000 0.004464
12.500000 0.004080
13.500000 0.003659
14.500000 0.003019
15.500000 0.003147
16.500000 0.002854
17.500000 0.002580
18.500000 0.002616
19.500000 0.002379
20.500000 0.002177
21.500000 0.002067
22.500000 0.001683
23.500000 0.001885
24.500000 0.001958
25.500000 0.001445
26.500000 0.001720
27.500000 0.001683
28.500000 0.001610
29.500000 0.001610
30.500000 0.001372
31.500000 0.001537
32.500000 0.001299
33.500000 0.001702
34.500000 0.001482
35.500000 0.001354
36.500000 0.001610
37.500000 0.001098
38.500000 0.001427
39.500000 0.001336
40.500000 0.001519
41.500000 0.001299
42.500000 0.000805
43.500000 0.001391
44.500000 0.001043
45.500000 0.001537
46.500000 0.001391
47.500000 0.001153
48.500000 0.001336
49.500000 0.001208
50.500000 0.001482
51.500000 0.001519
52.500000 0.001573
53.500000 0.001628
54.500000 0.001244
55.500000 0.001573
56.500000 0.001281
57.500000 0.001134
58.500000 0.001189
59.500000 0.001391
60.500000 0.001610
61.500000 0.001500
62.500000 0.001464
63.500000 0.001171
64.500000 0.001610
65.500000 0.001336
66.500000 0.001372
67.500000 0.001500
68.500000 0.001683
69.500000 0.001482
70.500000 0.001592
71.500000 0.001775
72.500000 0.001555
73.500000 0.001409
74.500000 0.001482
75.500000 0.001500
76.500000 0.001885
77.500000 0.001793
78.500000 0.001775
79.500000 0.002013
80.500000 0.002031
81.500000 0.001903
82.500000 0.002086
83.500000 0.002379
84.500000 0.002690
85.500000 0.002287
86.500000 0.002763
87.500000 0.002122
88.500000 0.002232
89.500000 0.002287
90.500000 0.001738
91.500000 0.002049
92.500000 0.001921
93.500000 0.002122
94.500000 0.002177
95.500000 0.002086
96.500000 0.001958
97.500000 0.001354
98.500000 0.001317
99.500000 0.001354
100.500000 0.001244
101.500000 0.001592
102.500000 0.001061
103.500000 0.001372
104.500000 0.001006
105.500000 0.001427
106.500000 0.001427
107.500000 0.001299
108.500000 0.001354
109.500000 0.001317
110.500000 0.001079
111.500000 0.001061
112.500000 0.001189
113.500000 0.001116
114.500000 0.001043
115.500000 0.000988
116.500000 0.001208
117.500000 0.001427
118.500000 0.001006
119.500000 0.001189
120.500000 0.000897
121.500000 0.001134
122.500000 0.000988
123.500000 0.000677
124.500000 0.001043
125.500000 0.001079
126.500000 0.001189
127.500000 0.000951
128.500000 0.001006
129.500000 0.000970
130.500000 0.001043
131.500000 0.001079
132.500000 0.001079
133.500000 0.000842
134.500000 0.000970
135.500000 0.001171
136.500000 0.001281
137.500000 0.000988
138.500000 0.000988
139.500000 0.001043
140.500000 0.001208
141.500000 0.000915
142.500000 0.000732
143.500000 0.000677
144.500000 0.000970
145.500000 0.000805
146.500000 0.001025
147.500000 0.001025
148.500000 0.000714
149.500000 0.000732
150.500000 0.000787
151.500000 0.000787
152.500000 0.000640
153.500000 0.000659
154.500000 0.000695
155.500000 0.000787
156.500000 0.000732
157.500000 0.000805
158.500000 0.000549
159.500000 0.000622
160.500000 0.000677
161.500000 0.000805
162.500000 0.000787
163.500000 0.000677
164.500000 0.000878
165.500000 0.001006
166.500000 0.000512
167.500000 0.001098
168.500000 0.000768
169.500000 0.000677
170.500000 0.000677
171.500000 0.000659
172.500000 0.000842
173.500000 0.000695
174.500000 0.000585
175.500000 0.000659
176.500000 0.000531
177.500000 0.000512
178.500000 0.000476
179.500000 0.000567
180.500000 0.000512
181.500000 0.000585
182.500000 0.000549
183.500000 0.000622
184.500000 0.000457
185.500000 0.000622
186.500000 0.000439
187.500000 0.000585
188.500000 0.000787
189.500000 0.000659
190.500000 0.000585
191.500000 0.000512
192.500000 0.000768
193.500000 0.000604
194.500000 0.000549
195.500000 0.000457
196.500000 0.000567
197.500000 0.000403
198.500000 0.000549
199.500000 0.000585
200.500000 0.000567
201.500000 0.000494
202.500000 0.000531
203.500000 0.000567
204.500000 0.000476
205.500000 0.000476
206.500000 0.000403
207.500000 0.000476
208.500000 0.000457
209.500000 0.000476
210.500000 0.000439
211.500000 0.000403
212.500000 0.000604
213.500000 0.000274
214.500000 0.000494
215.500000 0.000403
216.500000 0.000403
217.500000 0.000457
218.500000 0.000531
219.500000 0.000311
220.500000 0.000366
221.500000 0.000457
222.500000 0.000403
223.500000 0.000567
224.500000 0.000329
225.500000 0.000403
226.500000 0.000622
227.500000 0.000457
228.500000 0.000622
229.500000 0.000512
230.500000 0.000512
231.500000 0.000494
232.500000 0.000403
233.500000 0.000384
234.500000 0.000439
235.500000 0.000439
236.500000 0.000476
237.500000 0.000549
238.500000 0.000403
239.500000 0.000531
240.500000 0.000366
241.500000 0.000567
242.500000 0.000457
243.500000 0.000403
244.500000 0.000256
245.500000 0.000531
246.500000 0.000384
247.500000 0.000549
248.500000 0.000311
249.500000 0.000238
250.500000 0.000403
251.500000 0.000457
252.500000 0.000274
253.500000 0.000274
254.500000 0.000421
255.500000 0.000384
256.500000 0.000366
257.500000 0.000439
258.500000 0.000274
259.500000 0.000329
260.500000 0.000549
261.500000 0.000403
262.500000 0.000439
263.500000 0.000311
264.500000 0.000366
265.500000 0.000494
266.500000 0.000329
267.500000 0.000512
268.500000 0.000476
269.500000 0.000494
270.500000 0.000384
271.500000 0.000238
272.500000 0.000348
273.500000 0.000457
274.500000 0.000439
275.500000 0.000238
276.500000 0.000439
277.500000 0.000457
278.500000 0.000494
279.500000 0.000366
280.500000 0.000476
281.500000 0.000531
282.500000 0.000585
283.500000 0.000476
284.500000 0.000256
285.500000 0.000439
286.500000 0.000476
287.500000 0.000494
288.500000 0.000366
289.500000 0.000366
290.500000 0.000457
291.500000 0.000238
292.500000 0.000329
293.500000 0.000512
294.500000 0.000457
295.500000 0.000366
296.500000 0.000476
297.500000 0.000348
298.500000 0.000494
299.500000 0.000384
300.500000 0.000494
301.500000 0.000512
302.500000 0.000512
303.500000 0.000403
304.500000 0.000531
305.500000 0.000311
306.500000 0.000329
307.500000 0.000274
308.500000 0.000549
309.500000 0.000549
310.500000 0.000640
311.500000 0.000403
312.500000 0.000348
313.500000 0.000494
314.500000 0.000512
315.500000 0.000421
316.500000 0.000366
317.500000 0.000256
318.500000 0.000384
319.500000 0.000457
320.500000 0.000604
321.500000 0.000622
322.500000 0.000311
323.500000 0.000329
324.500000 0.000384
325.500000 0.000549
326.500000 0.000457
327.500000 0.000622
328.500000 0.000421
329.500000 0.000348
330.500000 0.000421
331.500000 0.000201
332.500000 0.000348
333.500000 0.000293
334.500000 0.000421
335.500000 0.000512
336.500000 0.000403
337.500000 0.000403
338.500000 0.000238
339.500000 0.000311
340.500000 0.000421
341.500000 0.000421
342.500000 0.000439
343.500000 0.000274
344.500000 0.000384
345.500000 0.000256
346.500000 0.000165
347.500000 0.000384
348.500000 0.000311
349.500000 0.000293
350.500000 0.000256
351.500000 0.000366
352.500000 0.000256
353.500000 0.000403
354.500000 0.000293
355.500000 0.000256
356.500000 0.000165
357.500000 0.000256
358.500000 0.000201
359.500000 0.000183
360.500000 0.000238
361.500000 0.000238
362.500000 0.000311
363.500000 0.000293
364.500000 0.000220
365.500000 0.000256
366.500000 0.000293
367.500000 0.000274
368.500000 0.000293
369.500000 0.000366
370.500000 0.000274
371.500000 0.000311
372.500000 0.000274
373.500000 0.000311
374.500000 0.000274
375.500000 0.000183
376.500000 0.000384
377.500000 0.000256
378.500000 0.000293
379.500000 0.000293
380.500000 0.000201
381.500000 0.000311
382.500000 0.000220
383.500000 0.000165
384.500000 0.000256
385.500000 0.000256
386.500000 0.000256
387.500000 0.000329
388.500000 0.000329
389.500000 0.000183
390.500000 0.000311
391.500000 0.000293
392.500000 0.000293
393.500000 0.000201
394.500000 0.000311
395.500000 0.000274
396.500000 0.000348
397.500000 0.000311
398.500000 0.000201
399.500000 0.000274
400.500000 0.000274
401.500000 0.000439
402.500000 0.000274
403.500000 0.000293
404.500000 0.000348
405.500000 0.000165
406.500000 0.000348
407.500000 0.000348
408.500000 0.000329
409.500000 0.000512
410.500000 0.000403
411.500000 0.000348
412.500000 0.000421
413.500000 0.000220
414.500000 0.000494
415.500000 0.000366
416.500000 0.000384
417.500000 0.000421
418.500000 0.000512
419.500000 0.000439
420.500000 0.000421
421.500000 0.000421
422.500000 0.000366
423.500000 0.000384
424.500000 0.000567
425.500000 0.000403
426.500000 0.000512
427.500000 0.000714
428.500000 0.000585
429.500000 0.000476
430.500000 0.000622
431.500000 0.000421
432.500000 0.000512
433.500000 0.000531
434.500000 0.000439
435.500000 0.000549
436.500000 0.000476
437.500000 0.000531
438.500000 0.000677
439.500000 0.000604
440.500000 0.000494
441.500000 0.000750
442.500000 0.000787
443.500000 0.000897
444.500000 0.000714
445.500000 0.001098
446.500000 0.000695
447.500000 0.000714
448.500000 0.000988
449.500000 0.000695
450.500000 0.001025
451.500000 0.000714
452.500000 0.000860
453.500000 0.000951
454.500000 0.001098
455.500000 0.000860
456.500000 0.001025
457.500000 0.001061
458.500000 0.001006
459.500000 0.000915
460.500000 0.001153
461.500000 0.001134
462.500000 0.000915
463.500000 0.001098
464.500000 0.001061
465.500000 0.001098
466.500000 0.001299
467.500000 0.001464
468.500000 0.001061
469.500000 0.001262
470.500000 0.001336
471.500000 0.001208
472.500000 0.001482
473.500000 0.001409
474.500000 0.001116
475.500000 0.001775
476.500000 0.001464
477.500000 0.001482
478.500000 0.001610
479.500000 0.001592
480.500000 0.001464
481.500000 0.001610
482.500000 0.001519
483.500000 0.001464
484.500000 0.001482
485.500000 0.001354
486.500000 0.001317
487.500000 0.001208
488.500000 0.001482
489.500000 0.001354
490.500000 0.001262
491.500000 0.001116
492.500000 0.001409
493.500000 0.001153
494.500000 0.001354
495.500000 0.001025
496.500000 0.001336
497.500000 0.001116
498.500000 0.001189
499.500000 0.001061
500.500000 0.001079
501.500000 0.000970
502.500000 0.000988
503.500000 0.001025
504.500000 0.001006
505.500000 0.000823
506.500000 0.000878
507.500000 0.000970
508.500000 0.000805
509.500000 0.000860
510.500000 0.000842
511.500000 0.000750
512.500000 0.000677
513.500000 0.000604
514.500000 0.000714
515.500000 0.000842
516.500000 0.000897
517.500000 0.000585
518.500000 0.000476
519.500000 0.000695
520.500000 0.001098
521.500000 0.000768
522.500000 0.000750
523.500000 0.000677
524.500000 0.000512
525.500000 0.000476
526.500000 0.000512
527.500000 0.000494
528.500000 0.000384
529.500000 0.000476
530.500000 0.000604
531.500000 0.000256
532.500000 0.000366
533.500000 0.000622
534.500000 0.000439
535.500000 0.000531
536.500000 0.000585
537.500000 0.000403
538.500000 0.000311
539.500000 0.000403
540.500000 0.000476
541.500000 0.000421
542.500000 0.000604
543.500000 0.000585
544.500000 0.000384
545.500000 0.000366
546.500000 0.000494
547.500000 0.000366
548.500000 0.000439
549.500000 0.000183
550.500000 0.000293
551.500000 0.000421
552.500000 0.000403
553.500000 0.000421
554.500000 0.000403
555.500000 0.000329
556.500000 0.000384
557.500000 0.000201
558.500000 0.000311
559.500000 0.000238
560.500000 0.000183
561.500000 0.000238
562.500000 0.000183
563.500000 0.000256
564.500000 0.000274
565.500000 0.000311
566.500000 0.000165
567.500000 0.000256
568.500000 0.000293
569.500000 0.000293
570.500000 0.000183
571.500000 0.000201
572.500000 0.000348
573.500000 0.000293
574.500000 0.000384
575.500000 0.000311
576.500000 0.000128
577.500000 0.000165
578.500000 0.000128
579.500000 0.000183
580.500000 0.000128
581.500000 0.000183
582.500000 0.000091
583.500000 0.000201
584.500000 0.000128
585.500000 0.000238
586.500000 0.000220
587.500000 0.000238
588.500000 0.000165
589.500000 0.000146
590.500000 0.000348
591.500000 0.000183
592.500000 0.000293
593.500000 0.000110
594.500000 0.000366
595.500000 0.000110
596.500000 0.000201
597.500000 0.000201
598.500000 0.000146
599.500000 0.000201
600.500000 0.000110
601.500000 0.000201
602.500000 0.000256
603.500000 0.000110
604.500000 0.000238
605.500000 0.000146
606.500000 0.000183
607.500000 0.000183
608.500000 0.000128
609.500000 0.000183
610.500000 0.000256
611.500000 0.000165
612.500000 0.000146
613.500000 0.000201
614.500000 0.000238
615.500000 0.000165
616.500000 0.000238
617.500000 0.000311
618.500000 0.000220
619.500000 0.000293
620.500000 0.000146
621.500000 0.000146
622.500000 0.000293
623.500000 0.000165
624.500000 0.000165
625.500000 0.000220
626.500000 0.000256
627.500000 0.000238
628.500000 0.000128
629.500000 0.000165
630.500000 0.000238
631.500000 0.000311
632.500000 0.000146
633.500000 0.000146
634.500000 0.000274
635.500000 0.000311
636.500000 0.000384
637.500000 0.000238
638.500000 0.000293
639.500000 0.000183
640.500000 0.000403
641.500000 0.000220
642.500000 0.000348
643.500000 0.000220
644.500000 0.000348
645.500000 0.000348
646.500000 0.000293
647.500000 0.000329
648.500000 0.000439
649.500000 0.000293
650.500000 0.000220
651.500000 0.000421
652.500000 0.000256
653.500000 0.000220
654.500000 0.000256
655.500000 0.000274
656.500000 0.000293
657.500000 0.000403
658.500000 0.000293
659.500000 0.000256
660.500000 0.000348
661.500000 0.000256
662.500000 0.000384
663.500000 0.000366
664.500000 0.000403
665.500000 0.000439
666.500000 0.000311
667.500000 0.000494
668.500000 0.000494
669.500000 0.000677
670.500000 0.000494
671.500000 0.000531
672.500000 0.000531
673.500000 0.000421
674.500000 0.000567
675.500000 0.000695
676.500000 0.000494
677.500000 0.000915
678.500000 0.000951
679.500000 0.000842
680.500000 0.000970
681.500000 0.000823
682.500000 0.000878
683.500000 0.001043
684.500000 0.001409
685.500000 0.001244
686.500000 0.001391
687.500000 0.001317
688.500000 0.001592
689.500000 0.001537
690.500000 0.001793
691.500000 0.001811
692.500000 0.001775
693.500000 0.001702
694.500000 0.001939
695.500000 0.002305
696.500000 0.002177
697.500000 0.002470
698.500000 0.002726
699.500000 0.002982
700.500000 0.003312
701.500000 0.002690
702.500000 0.003275
703.500000 0.002891
704.500000 0.003184
705.500000 0.003055
706.500000 0.003055
707.500000 0.002873
708.500000 0.003238
709.500000 0.002909
710.500000 0.002982
711.500000 0.003312
712.500000 0.002763
713.500000 0.002452
714.500000 0.002415
715.500000 0.002141
716.500000 0.001994
717.500000 0.002177
718.500000 0.001903
719.500000 0.001976
720.500000 0.001921
721.500000 0.001720
722.500000 0.001830
723.500000 0.001409
724.500000 0.001226
725.500000 0.001573
726.500000 0.001208
727.500000 0.001189
728.500000 0.001317
729.500000 0.001043
730.500000 0.001354
731.500000 0.001208
732.500000 0.000970
733.500000 0.001134
734.500000 0.000970
735.500000 0.001189
736.500000 0.001153
737.500000 0.001226
738.500000 0.001134
739.500000 0.001043
740.500000 0.001079
741.500000 0.000860
742.500000 0.000878
743.500000 0.000823
744.500000 0.001043
745.500000 0.000878
746.500000 0.001134
747.500000 0.000988
748.500000 0.000750
749.500000 0.000970
750.500000 0.000695
751.500000 0.001116
752.500000 0.001061
753.500000 0.001061
754.500000 0.001134
755.500000 0.000970
756.500000 0.000951
757.500000 0.000897
758.500000 0.001043
759.500000 0.000933
760.500000 0.001006
761.500000 0.001043
762.500000 0.001006
763.500000 0.000878
764.500000 0.000970
765.500000 0.001098
766.500000 0.000860
767.500000 0.000915
768.500000 0.001025
769.500000 0.000860
770.500000 0.000915
771.500000 0.000787
772.500000 0.000897
773.500000 0.000915
774.500000 0.001043
775.500000 0.001116
776.500000 0.001153
777.500000 0.001153
778.500000 0.001061
779.500000 0.001153
780.500000 0.001043
781.500000 0.001354
782.500000 0.000933
783.500000 0.001153
784.500000 0.000933
785.500000 0.001116
786.500000 0.000823
787.500000 0.001043
788.500000 0.001006
789.500000 0.001171
790.500000 0.000951
791.500000 0.000695
792.500000 0.001079
793.500000 0.001006
794.500000 0.000732
795.500000 0.000897
796.500000 0.001079
797.500000 0.001061
798.500000 0.000823
799.500000 0.000860
800.500000 0.001134
801.500000 0.001134
802.500000 0.000915
803.500000 0.000988
804.500000 0.001025
805.500000 0.000988
806.500000 0.000951
807.500000 0.000768
808.500000 0.000878
809.500000 0.000878
810.500000 0.001025
811.500000 0.000768
812.500000 0.001025
813.500000 0.000878
814.500000 0.000787
815.500000 0.000860
816.500000 0.000951
817.500000 0.000915
818.500000 0.000750
819.500000 0.000860
820.500000 0.000897
821.500000 0.000805
822.500000 0.001006
823.500000 0.000878
824.500000 0.000805
825.500000 0.000732
826.500000 0.000768
827.500000 0.000842
828.500000 0.000842
829.500000 0.000878
830.500000 0.000604
831.500000 0.000823
832.500000 0.000878
833.500000 0.000531
834.500000 0.000531
835.500000 0.000787
836.500000 0.000805
837.500000 0.000640
838.500000 0.000604
839.500000 0.000878
840.500000 0.000750
841.500000 0.000750
842.500000 0.000421
843.500000 0.000421
844.500000 0.000585
845.500000 0.000604
846.500000 0.000640
847.500000 0.000549
848.500000 0.000585
849.500000 0.000531
850.500000 0.000640
851.500000 0.000531
852.500000 0.000604
853.500000 0.000750
854.500000 0.000585
855.500000 0.000622
856.500000 0.000494
857.500000 0.000403
858.500000 0.000403
859.500000 0.000494
860.500000 0.000476
861.500000 0.000476
862.500000 0.000439
863.500000 0.000366
864.500000 0.000421
865.500000 0.000622
866.500000 0.000640
867.500000 0.000476
868.500000 0.000384
869.500000 0.000512
870.500000 0.000348
871.500000 0.000457
872.500000 0.000384
873.500000 0.000531
874.500000 0.000531
875.500000 0.000384
876.500000 0.000348
877.500000 0.000403
878.500000 0.000403
879.500000 0.000293
880.500000 0.000384
881.500000 0.000274
882.500000 0.000476
883.500000 0.000421
884.500000 0.000549
885.500000 0.000677
886.500000 0.000457
887.500000 0.000366
888.500000 0.000659
889.500000 0.000256
890.500000 0.000604
891.500000 0.000384
892.500000 0.000531
893.500000 0.000585
894.500000 0.000622
895.500000 0.000476
896.500000 0.000476
897.500000 0.000311
898.500000 0.000439
899.500000 0.000604
900.500000 0.000384
901.500000 0.000567
902.500000 0.000567
903.500000 0.000659
904.500000 0.000476
905.500000 0.000622
906.500000 0.000293
907.500000 0.000494
908.500000 0.000512
909.500000 0.000567
910.500000 0.000549
911.500000 0.000585
912.500000 0.000329
913.500000 0.000329
914.500000 0.000403
915.500000 0.000421
916.500000 0.000512
917.500000 0.000439
918.500000 0.000549
919.500000 0.000403
920.500000 0.000421
921.500000 0.000476
922.500000 0.000384
923.500000 0.000494
924.500000 0.000421
925.500000 0.000366
926.500000 0.000567
927.500000 0.000384
928.500000 0.000421
929.500000 0.000494
930.500000 0.000659
931.500000 0.000348
932.500000 0.000293
933.500000 0.000604
934.500000 0.000805
935.500000 0.000494
936.500000 0.000805
937.500000 0.000585
938.500000 0.000604
939.500000 0.000750
940.500000 0.000549
941.500000 0.000714
942.500000 0.000640
943.500000 0.000750
944.500000 0.000732
945.500000 0.000659
946.500000 0.000476
947.500000 0.000677
948.500000 0.000585
949.500000 0.000622
950.500000 0.000531
951.500000 0.000457
952.500000 0.000531
953.500000 0.000604
954.500000 0.000604
955.500000 0.000640
956.500000 0.000549
957.500000 0.000659
958.500000 0.000604
959.500000 0.000640
960.500000 0.000549
961.500000 0.000677
962.500000 0.000622
963.500000 0.000677
964.500000 0.000787
965.500000 0.000531
966.500000 0.000659
967.500000 0.000585
968.500000 0.000585
969.500000 0.000732
970.500000 0.000567
971.500000 0.000878
972.500000 0.000768
973.500000 0.000403
974.500000 0.000531
975.500000 0.000988
976.500000 0.001006
977.500000 0.001079
978.500000 0.000750
979.500000 0.000604
980.500000 0.000787
981.500000 0.000915
982.500000 0.000695
983.500000 0.000549
984.500000 0.000585
985.500000 0.000659
986.500000 0.000768
987.500000 0.000768
988.500000 0.000823
989.500000 0.000622
990.500000 0.000732
991.500000 0.000787
992.500000 0.000823
993.500000 0.000805
994.500000 0.000860
995.500000 0.000695
996.500000 0.000823
997.500000 0.000714
998.500000 0.000823
999.500000 0.000750
1000.500000 0.000768
1001.500000 0.000768
1002.500000 0.000549
1003.500000 0.000988
1004.500000 0.001006
1005.500000 0.000951
1006.500000 0.001098
1007.500000 0.000897
1008.500000 0.000714
1009.500000 0.000787
1010.500000 0.000457
1011.500000 0.000842
1012.500000 0.000750
1013.500000 0.000732
1014.500000 0.000787
1015.500000 0.000622
1016.500000 0.000750
1017.500000 0.000714
1018.500000 0.000659
1019.500000 0.000933
1020.500000 0.000915
1021.500000 0.000732
1022.500000 0.000951
1023.500000 0.000585
1024.500000 0.000878
1025.500000 0.000842
1026.500000 0.000695
1027.500000 0.000549
1028.500000 0.000604
1029.500000 0.000567
1030.500000 0.000531
1031.500000 0.000732
1032.500000 0.000897
1033.500000 0.001006
1034.500000 0.000494
1035.500000 0.000567
1036.500000 0.000622
1037.500000 0.000585
1038.500000 0.000640
1039.500000 0.000659
1040.500000 0.000604
1041.500000 0.000732
1042.500000 0.000622
1043.500000 0.000750
1044.500000 0.000494
1045.500000 0.000494
1046.500000 0.000494
1047.500000 0.000384
1048.500000 0.000567
1049.500000 0.000476
1050.500000 0.000274
1051.500000 0.000329
1052.500000 0.000494
1053.500000 0.000567
1054.500000 0.000421
1055.500000 0.000476
1056.500000 0.000622
1057.500000 0.000384
1058.500000 0.000403
1059.500000 0.000384
1060.500000 0.000439
1061.500000 0.000457
1062.500000 0.000531
1063.500000 0.000439
1064.500000 0.000494
1065.500000 0.000384
1066.500000 0.000403
1067.500000 0.000348
1068.500000 0.000622
1069.500000 0.000439
1070.500000 0.000366
1071.500000 0.000494
1072.500000 0.000457
1073.500000 0.000348
1074.500000 0.000274
1075.500000 0.000348
1076.500000 0.000457
1077.500000 0.000494
1078.500000 0.000421
1079.500000 0.000201
1080.500000 0.000183
1081.500000 0.000403
1082.500000 0.000421
1083.500000 0.000293
1084.500000 0.000366
1085.500000 0.000421
1086.500000 0.000183
1087.500000 0.000384
1088.500000 0.000238
1089.500000 0.000256
1090.500000 0.000329
1091.500000 0.000293
1092.500000 0.000274
1093.500000 0.000311
1094.500000 0.000403
1095.500000 0.000329
1096.500000 0.000403
1097.500000 0.000238
1098.500000 0.000274
1099.500000 0.000311
1100.500000 0.000348
1101.500000 0.000421
1102.500000 0.000256
1103.500000 0.000348
1104.500000 0.000403
1105.500000 0.000256
1106.500000 0.000366
1107.500000 0.000329
1108.500000 0.000274
1109.500000 0.000439
1110.500000 0.000201
1111.500000 0.000201
1112.500000 0.000366
1113.500000 0.000403
1114.500000 0.000329
1115.500000 0.000201
1116.500000 0.000476
1117.500000 0.000329
1118.500000 0.000348
1119.500000 0.000348
1120.500000 0.000256
1121.500000 0.000403
1122.500000 0.000274
1123.500000 0.000457
1124.500000 0.000220
1125.500000 0.000366
1126.500000 0.000329
1127.500000 0.000366
1128.500000 0.000439
1129.500000 0.000329
1130.500000 0.000384
1131.500000 0.000183
1132.500000 0.000366
1133.500000 0.000274
1134.500000 0.000293
1135.500000 0.000293
1136.500000 0.000384
1137.500000 0.000329
1138.500000 0.000311
1139.500000 0.000311
1140.500000 0.000476
1141.500000 0.000421
1142.500000 0.000238
1143.500000 0.000549
1144.500000 0.000439
1145.500000 0.000384
1146.500000 0.000366
1147.500000 0.000622
1148.500000 0.000348
1149.500000 0.000457
1150.500000 0.000421
1151.500000 0.000348
1152.500000 0.000512
1153.500000 0.000604
1154.500000 0.000329
1155.500000 0.000293
1156.500000 0.000348
1157.500000 0.000421
1158.500000 0.000439
1159.500000 0.000311
1160.500000 0.000421
1161.500000 0.000604
1162.500000 0.000567
1163.500000 0.000439
1164.500000 0.000512
1165.500000 0.000585
1166.500000 0.000750
1167.500000 0.000329
1168.500000 0.000677
1169.500000 0.000640
1170.500000 0.000951
1171.500000 0.000714
1172.500000 0.000768
1173.500000 0.000915
1174.500000 0.000823
1175.500000 0.000915
1176.500000 0.001006
1177.500000 0.001116
1178.500000 0.001226
1179.500000 0.001134
1180.500000 0.001208
1181.500000 0.001702
1182.500000 0.001336
1183.500000 0.001519
1184.500000 0.001573
1185.500000 0.001866
1186.500000 0.001958
1187.500000 0.002067
1188.500000 0.002580
1189.500000 0.002781
1190.500000 0.003678
1191.500000 0.003440
1192.500000 0.004483
1193.500000 0.004428
1194.500000 0.004409
1195.500000 0.004775
1196.500000 0.004867
1197.500000 0.005361
1198.500000 0.005818
1199.500000 0.006221
