0.000000 0.003098
1.000834 0.003458
2.001668 0.003786
3.002502 0.004069
4.003336 0.004296
5.004170 0.004462
6.005004 0.004564
7.005838 0.004602
8.006672 0.004581
9.007506 0.004507
10.008340 0.004390
11.009174 0.004237
12.010008 0.004058
13.010842 0.003863
14.011676 0.003658
15.012510 0.003451
16.013344 0.003247
17.014178 0.003050
18.015013 0.002863
19.015847 0.002688
20.016681 0.002527
21.017515 0.002380
22.018349 0.002248
23.019183 0.002129
24.020017 0.002024
25.020851 0.001931
26.021685 0.001850
27.022519 0.001779
28.023353 0.001718
29.024187 0.001664
30.025021 0.001617
31.025855 0.001576
32.026689 0.001539
33.027523 0.001506
34.028357 0.001477
35.029191 0.001450
36.030025 0.001426
37.030859 0.001405
38.031693 0.001386
39.032527 0.001369
40.033361 0.001356
41.034195 0.001345
42.035029 0.001337
43.035863 0.001332
44.036697 0.001331
45.037531 0.001332
46.038365 0.001335
47.039199 0.001340
48.040033 0.001347
49.040867 0.001354
50.041701 0.001362
51.042535 0.001369
52.043369 0.001375
53.044204 0.001381
54.045038 0.001386
55.045872 0.001391
56.046706 0.001395
57.047540 0.001399
58.048374 0.001404
59.049208 0.001410
60.050042 0.001417
61.050876 0.001425
62.051710 0.001435
63.052544 0.001446
64.053378 0.001459
65.054212 0.001474
66.055046 0.001490
67.055880 0.001508
68.056714 0.001528
69.057548 0.001550
70.058382 0.001574
71.059216 0.001601
72.060050 0.001631
73.060884 0.001664
74.061718 0.001700
75.062552 0.001740
76.063386 0.001782
77.064220 0.001827
78.065054 0.001873
79.065888 0.001918
80.066722 0.001963
81.067556 0.002004
82.068390 0.002041
83.069224 0.002072
84.070058 0.002096
85.070892 0.002112
86.071726 0.002118
87.072560 0.002116
88.073394 0.002103
89.074229 0.002082
90.075063 0.002053
91.075897 0.002015
92.076731 0.001971
93.077565 0.001922
94.078399 0.001868
95.079233 0.001811
96.080067 0.001753
97.080901 0.001695
98.081735 0.001638
99.082569 0.001583
100.083403 0.001531
101.084237 0.001483
102.085071 0.001439
103.085905 0.001400
104.086739 0.001365
105.087573 0.001334
106.088407 0.001306
107.089241 0.001281
108.090075 0.001258
109.090909 0.001238
110.091743 0.001219
111.092577 0.001201
112.093411 0.001184
113.094245 0.001168
114.095079 0.001153
115.095913 0.001138
116.096747 0.001124
117.097581 0.001111
118.098415 0.001098
119.099249 0.001086
120.100083 0.001075
121.100917 0.001065
122.101751 0.001056
123.102585 0.001048
124.103420 0.001041
125.104254 0.001036
126.105088 0.001033
127.105922 0.001030
128.106756 0.001028
129.107590 0.001027
130.108424 0.001027
131.109258 0.001026
132.110092 0.001024
133.110926 0.001022
134.111760 0.001019
135.112594 0.001014
136.113428 0.001007
137.114262 0.000998
138.115096 0.000988
139.115930 0.000975
140.116764 0.000961
141.117598 0.000946
142.118432 0.000929
143.119266 0.000912
144.120100 0.000894
145.120934 0.000876
146.121768 0.000859
147.122602 0.000842
148.123436 0.000826
149.124270 0.000810
150.125104 0.000795
151.125938 0.000782
152.126772 0.000771
153.127606 0.000760
154.128440 0.000752
155.129274 0.000746
156.130108 0.000741
157.130942 0.000739
158.131776 0.000738
159.132611 0.000738
160.133445 0.000740
161.134279 0.000742
162.135113 0.000744
163.135947 0.000746
164.136781 0.000746
165.137615 0.000745
166.138449 0.000743
167.139283 0.000738
168.140117 0.000731
169.140951 0.000722
170.141785 0.000711
171.142619 0.000698
172.143453 0.000684
173.144287 0.000669
174.145121 0.000654
175.145955 0.000640
176.146789 0.000626
177.147623 0.000614
178.148457 0.000603
179.149291 0.000595
180.150125 0.000588
181.150959 0.000583
182.151793 0.000580
183.152627 0.000578
184.153461 0.000578
185.154295 0.000578
186.155129 0.000579
187.155963 0.000579
188.156797 0.000580
189.157631 0.000579
190.158465 0.000578
191.159299 0.000575
192.160133 0.000572
193.160967 0.000568
194.161802 0.000562
195.162636 0.000557
196.163470 0.000551
197.164304 0.000544
198.165138 0.000537
199.165972 0.000530
200.166806 0.000523
201.167640 0.000516
202.168474 0.000509
203.169308 0.000502
204.170142 0.000495
205.170976 0.000489
206.171810 0.000482
207.172644 0.000476
208.173478 0.000470
209.174312 0.000465
210.175146 0.000460
211.175980 0.000455
212.176814 0.000451
213.177648 0.000448
214.178482 0.000445
215.179316 0.000443
216.180150 0.000442
217.180984 0.000442
218.181818 0.000442
219.182652 0.000443
220.183486 0.000445
221.184320 0.000448
222.185154 0.000451
223.185988 0.000455
224.186822 0.000459
225.187656 0.000462
226.188490 0.000465
227.189324 0.000468
228.190158 0.000470
229.190992 0.000471
230.191827 0.000471
231.192661 0.000471
232.193495 0.000470
233.194329 0.000468
234.195163 0.000465
235.195997 0.000463
236.196831 0.000459
237.197665 0.000456
238.198499 0.000452
239.199333 0.000447
240.200167 0.000442
241.201001 0.000437
242.201835 0.000431
243.202669 0.000425
244.203503 0.000419
245.204337 0.000413
246.205171 0.000406
247.206005 0.000400
248.206839 0.000395
249.207673 0.000390
250.208507 0.000385
251.209341 0.000382
252.210175 0.000380
253.211009 0.000379
254.211843 0.000378
255.212677 0.000379
256.213511 0.000380
257.214345 0.000383
258.215179 0.000385
259.216013 0.000388
260.216847 0.000391
261.217681 0.000394
262.218515 0.000397
263.219349 0.000400
264.220183 0.000402
265.221018 0.000404
266.221852 0.000405
267.222686 0.000407
268.223520 0.000407
269.224354 0.000408
270.225188 0.000409
271.226022 0.000410
272.226856 0.000412
273.227690 0.000413
274.228524 0.000416
275.229358 0.000418
276.230192 0.000421
277.231026 0.000424
278.231860 0.000427
279.232694 0.000429
280.233528 0.000431
281.234362 0.000432
282.235196 0.000432
283.236030 0.000431
284.236864 0.000429
285.237698 0.000427
286.238532 0.000425
287.239366 0.000423
288.240200 0.000421
289.241034 0.000419
290.241868 0.000418
291.242702 0.000418
292.243536 0.000418
293.244370 0.000419
294.245204 0.000421
295.246038 0.000423
296.246872 0.000426
297.247706 0.000428
298.248540 0.000431
299.249374 0.000433
300.250209 0.000435
301.251043 0.000437
302.251877 0.000438
303.252711 0.000439
304.253545 0.000440
305.254379 0.000441
306.255213 0.000441
307.256047 0.000442
308.256881 0.000442
309.257715 0.000442
310.258549 0.000442
311.259383 0.000442
312.260217 0.000442
313.261051 0.000441
314.261885 0.000440
315.262719 0.000440
316.263553 0.000439
317.264387 0.000439
318.265221 0.000438
319.266055 0.000438
320.266889 0.000437
321.267723 0.000436
322.268557 0.000435
323.269391 0.000434
324.270225 0.000431
325.271059 0.000428
326.271893 0.000424
327.272727 0.000419
328.273561 0.000414
329.274395 0.000408
330.275229 0.000402
331.276063 0.000396
332.276897 0.000391
333.277731 0.000385
334.278565 0.000380
335.279399 0.000376
336.280234 0.000371
337.281068 0.000367
338.281902 0.000362
339.282736 0.000358
340.283570 0.000353
341.284404 0.000348
342.285238 0.000343
343.286072 0.000338
344.286906 0.000332
345.287740 0.000326
346.288574 0.000320
347.289408 0.000314
348.290242 0.000308
349.291076 0.000302
350.291910 0.000296
351.292744 0.000290
352.293578 0.000285
353.294412 0.000280
354.295246 0.000275
355.296080 0.000271
356.296914 0.000267
357.297748 0.000264
358.298582 0.000262
359.299416 0.000262
360.300250 0.000262
361.301084 0.000263
362.301918 0.000264
363.302752 0.000267
364.303586 0.000269
365.304420 0.000272
366.305254 0.000275
367.306088 0.000277
368.306922 0.000279
369.307756 0.000281
370.308590 0.000281
371.309425 0.000282
372.310259 0.000281
373.311093 0.000280
374.311927 0.000278
375.312761 0.000277
376.313595 0.000275
377.314429 0.000272
378.315263 0.000270
379.316097 0.000268
380.316931 0.000267
381.317765 0.000265
382.318599 0.000265
383.319433 0.000265
384.320267 0.000265
385.321101 0.000266
386.321935 0.000267
387.322769 0.000268
388.323603 0.000270
389.324437 0.000272
390.325271 0.000275
391.326105 0.000277
392.326939 0.000279
393.327773 0.000281
394.328607 0.000284
395.329441 0.000286
396.330275 0.000289
397.331109 0.000292
398.331943 0.000295
399.332777 0.000299
400.333611 0.000303
401.334445 0.000307
402.335279 0.000312
403.336113 0.000318
404.336947 0.000324
405.337781 0.000331
406.338616 0.000337
407.339450 0.000345
408.340284 0.000352
409.341118 0.000359
410.341952 0.000367
411.342786 0.000374
412.343620 0.000382
413.344454 0.000389
414.345288 0.000396
415.346122 0.000403
416.346956 0.000410
417.347790 0.000418
418.348624 0.000426
419.349458 0.000434
420.350292 0.000442
421.351126 0.000450
422.351960 0.000459
423.352794 0.000468
424.353628 0.000476
425.354462 0.000485
426.355296 0.000493
427.356130 0.000501
428.356964 0.000508
429.357798 0.000516
430.358632 0.000524
431.359466 0.000532
432.360300 0.000542
433.361134 0.000552
434.361968 0.000564
435.362802 0.000578
436.363636 0.000594
437.364470 0.000612
438.365304 0.000631
439.366138 0.000652
440.366972 0.000673
441.367807 0.000696
442.368641 0.000718
443.369475 0.000740
444.370309 0.000762
445.371143 0.000782
446.371977 0.000802
447.372811 0.000821
448.373645 0.000840
449.374479 0.000857
450.375313 0.000875
451.376147 0.000892
452.376981 0.000909
453.377815 0.000927
454.378649 0.000944
455.379483 0.000962
456.380317 0.000981
457.381151 0.000999
458.381985 0.001019
459.382819 0.001038
460.383653 0.001059
461.384487 0.001080
462.385321 0.001102
463.386155 0.001125
464.386989 0.001148
465.387823 0.001173
466.388657 0.001198
467.389491 0.001223
468.390325 0.001249
469.391159 0.001275
470.391993 0.001301
471.392827 0.001326
472.393661 0.001351
473.394495 0.001373
474.395329 0.001394
475.396163 0.001412
476.396997 0.001427
477.397832 0.001438
478.398666 0.001445
479.399500 0.001448
480.400334 0.001447
481.401168 0.001442
482.402002 0.001434
483.402836 0.001422
484.403670 0.001407
485.404504 0.001391
486.405338 0.001373
487.406172 0.001354
488.407006 0.001335
489.407840 0.001315
490.408674 0.001294
491.409508 0.001274
492.410342 0.001253
493.411176 0.001231
494.412010 0.001209
495.412844 0.001187
496.413678 0.001163
497.414512 0.001139
498.415346 0.001114
499.416180 0.001089
500.417014 0.001063
501.417848 0.001037
502.418682 0.001011
503.419516 0.000985
504.420350 0.000959
505.421184 0.000934
506.422018 0.000910
507.422852 0.000886
508.423686 0.000864
509.424520 0.000843
510.425354 0.000824
511.426188 0.000806
512.427023 0.000789
513.427857 0.000774
514.428691 0.000760
515.429525 0.000747
516.430359 0.000734
517.431193 0.000720
518.432027 0.000707
519.432861 0.000692
520.433695 0.000676
521.434529 0.000659
522.435363 0.000641
523.436197 0.000622
524.437031 0.000603
525.437865 0.000583
526.438699 0.000564
527.439533 0.000547
528.440367 0.000530
529.441201 0.000516
530.442035 0.000503
531.442869 0.000493
532.443703 0.000484
533.444537 0.000477
534.445371 0.000471
535.446205 0.000466
536.447039 0.000462
537.447873 0.000459
538.448707 0.000455
539.449541 0.000452
540.450375 0.000448
541.451209 0.000443
542.452043 0.000438
543.452877 0.000432
544.453711 0.000425
545.454545 0.000417
546.455379 0.000409
547.456214 0.000401
548.457048 0.000392
549.457882 0.000383
550.458716 0.000373
551.459550 0.000363
552.460384 0.000353
553.461218 0.000343
554.462052 0.000333
555.462886 0.000322
556.463720 0.000312
557.464554 0.000302
558.465388 0.000293
559.466222 0.000285
560.467056 0.000278
561.467890 0.000271
562.468724 0.000266
563.469558 0.000262
564.470392 0.000259
565.471226 0.000256
566.472060 0.000255
567.472894 0.000253
568.473728 0.000252
569.474562 0.000250
570.475396 0.000247
571.476230 0.000244
572.477064 0.000240
573.477898 0.000236
574.478732 0.000230
575.479566 0.000224
576.480400 0.000218
577.481234 0.000212
578.482068 0.000207
579.482902 0.000202
580.483736 0.000198
581.484570 0.000195
582.485405 0.000193
583.486239 0.000193
584.487073 0.000193
585.487907 0.000194
586.488741 0.000196
587.489575 0.000198
588.490409 0.000200
589.491243 0.000201
590.492077 0.000202
591.492911 0.000203
592.493745 0.000203
593.494579 0.000202
594.495413 0.000200
595.496247 0.000199
596.497081 0.000196
597.497915 0.000194
598.498749 0.000192
599.499583 0.000190
600.500417 0.000188
601.501251 0.000186
602.502085 0.000185
603.502919 0.000185
604.503753 0.000184
605.504587 0.000185
606.505421 0.000185
607.506255 0.000187
608.507089 0.000188
609.507923 0.000191
610.508757 0.000193
611.509591 0.000196
612.510425 0.000199
613.511259 0.000202
614.512093 0.000204
615.512927 0.000207
616.513761 0.000209
617.514595 0.000211
618.515430 0.000212
619.516264 0.000213
620.517098 0.000214
621.517932 0.000214
622.518766 0.000214
623.519600 0.000214
624.520434 0.000214
625.521268 0.000215
626.522102 0.000217
627.522936 0.000219
628.523770 0.000221
629.524604 0.000225
630.525438 0.000229
631.526272 0.000234
632.527106 0.000239
633.527940 0.000245
634.528774 0.000251
635.529608 0.000257
636.530442 0.000263
637.531276 0.000269
638.532110 0.000275
639.532944 0.000280
640.533778 0.000285
641.534612 0.000290
642.535446 0.000294
643.536280 0.000298
644.537114 0.000301
645.537948 0.000303
646.538782 0.000305
647.539616 0.000306
648.540450 0.000307
649.541284 0.000307
650.542118 0.000307
651.542952 0.000308
652.543786 0.000308
653.544621 0.000310
654.545455 0.000312
655.546289 0.000315
656.547123 0.000320
657.547957 0.000326
658.548791 0.000334
659.549625 0.000343
660.550459 0.000354
661.551293 0.000366
662.552127 0.000380
663.552961 0.000396
664.553795 0.000413
665.554629 0.000431
666.555463 0.000451
667.556297 0.000473
668.557131 0.000496
669.557965 0.000520
670.558799 0.000547
671.559633 0.000576
672.560467 0.000608
673.561301 0.000642
674.562135 0.000680
675.562969 0.000721
676.563803 0.000765
677.564637 0.000812
678.565471 0.000863
679.566305 0.000918
680.567139 0.000976
681.567973 0.001038
682.568807 0.001103
683.569641 0.001172
684.570475 0.001244
685.571309 0.001319
686.572143 0.001398
687.572977 0.001480
688.573812 0.001566
689.574646 0.001655
690.575480 0.001748
691.576314 0.001843
692.577148 0.001941
693.577982 0.002041
694.578816 0.002142
695.579650 0.002242
696.580484 0.002340
697.581318 0.002435
698.582152 0.002523
699.582986 0.002604
700.583820 0.002676
701.584654 0.002737
702.585488 0.002786
703.586322 0.002822
704.587156 0.002845
705.587990 0.002853
706.588824 0.002849
707.589658 0.002830
708.590492 0.002798
709.591326 0.002755
710.592160 0.002700
711.592994 0.002635
712.593828 0.002561
713.594662 0.002481
714.595496 0.002395
715.596330 0.002306
716.597164 0.002215
717.597998 0.002123
718.598832 0.002032
719.599666 0.001943
720.600500 0.001857
721.601334 0.001774
722.602168 0.001695
723.603003 0.001622
724.603837 0.001553
725.604671 0.001489
726.605505 0.001431
727.606339 0.001378
728.607173 0.001330
729.608007 0.001288
730.608841 0.001250
731.609675 0.001217
732.610509 0.001188
733.611343 0.001161
734.612177 0.001138
735.613011 0.001116
736.613845 0.001097
737.614679 0.001078
738.615513 0.001061
739.616347 0.001045
740.617181 0.001031
741.618015 0.001018
742.618849 0.001006
743.619683 0.000996
744.620517 0.000988
745.621351 0.000981
746.622185 0.000977
747.623019 0.000974
748.623853 0.000973
749.624687 0.000973
750.625521 0.000974
751.626355 0.000976
752.627189 0.000977
753.628023 0.000979
754.628857 0.000980
755.629691 0.000980
756.630525 0.000980
757.631359 0.000979
758.632193 0.000978
759.633028 0.000976
760.633862 0.000974
761.634696 0.000971
762.635530 0.000969
763.636364 0.000966
764.637198 0.000965
765.638032 0.000964
766.638866 0.000964
767.639700 0.000965
768.640534 0.000969
769.641368 0.000973
770.642202 0.000980
771.643036 0.000988
772.643870 0.000997
773.644704 0.001007
774.645538 0.001017
775.646372 0.001026
776.647206 0.001035
777.648040 0.001042
778.648874 0.001047
779.649708 0.001050
780.650542 0.001050
781.651376 0.001049
782.652210 0.001045
783.653044 0.001039
784.653878 0.001031
785.654712 0.001023
786.655546 0.001015
787.656380 0.001006
788.657214 0.000997
789.658048 0.000990
790.658882 0.000983
791.659716 0.000978
792.660550 0.000973
793.661384 0.000970
794.662219 0.000968
795.663053 0.000967
796.663887 0.000966
797.664721 0.000966
798.665555 0.000966
799.666389 0.000965
800.667223 0.000963
801.668057 0.000960
802.668891 0.000957
803.669725 0.000952
804.670559 0.000946
805.671393 0.000940
806.672227 0.000933
807.673061 0.000926
808.673895 0.000919
809.674729 0.000912
810.675563 0.000905
811.676397 0.000899
812.677231 0.000893
813.678065 0.000888
814.678899 0.000883
815.679733 0.000879
816.680567 0.000874
817.681401 0.000869
818.682235 0.000864
819.683069 0.000859
820.683903 0.000853
821.684737 0.000846
822.685571 0.000838
823.686405 0.000830
824.687239 0.000821
825.688073 0.000811
826.688907 0.000801
827.689741 0.000791
828.690575 0.000780
829.691410 0.000769
830.692244 0.000758
831.693078 0.000747
832.693912 0.000736
833.694746 0.000726
834.695580 0.000715
835.696414 0.000704
836.697248 0.000693
837.698082 0.000682
838.698916 0.000671
839.699750 0.000661
840.700584 0.000650
841.701418 0.000640
842.702252 0.000630
843.703086 0.000621
844.703920 0.000612
845.704754 0.000605
846.705588 0.000598
847.706422 0.000592
848.707256 0.000586
849.708090 0.000580
850.708924 0.000573
851.709758 0.000566
852.710592 0.000559
853.711426 0.000551
854.712260 0.000543
855.713094 0.000534
856.713928 0.000525
857.714762 0.000516
858.715596 0.000508
859.716430 0.000501
860.717264 0.000494
861.718098 0.000488
862.718932 0.000483
863.719766 0.000478
864.720601 0.000474
865.721435 0.000471
866.722269 0.000467
867.723103 0.000463
868.723937 0.000459
869.724771 0.000455
870.725605 0.000450
871.726439 0.000446
872.727273 0.000441
873.728107 0.000437
874.728941 0.000433
875.729775 0.000430
876.730609 0.000428
877.731443 0.000427
878.732277 0.000428
879.733111 0.000430
880.733945 0.000433
881.734779 0.000438
882.735613 0.000443
883.736447 0.000449
884.737281 0.000455
885.738115 0.000461
886.738949 0.000467
887.739783 0.000472
888.740617 0.000477
889.741451 0.000481
890.742285 0.000484
891.743119 0.000487
892.743953 0.000489
893.744787 0.000491
894.745621 0.000493
895.746455 0.000495
896.747289 0.000497
897.748123 0.000498
898.748957 0.000500
899.749791 0.000501
900.750626 0.000502
901.751460 0.000502
902.752294 0.000502
903.753128 0.000501
904.753962 0.000500
905.754796 0.000497
906.755630 0.000494
907.756464 0.000490
908.757298 0.000486
909.758132 0.000481
910.758966 0.000477
911.759800 0.000472
912.760634 0.000467
913.761468 0.000463
914.762302 0.000460
915.763136 0.000457
916.763970 0.000454
917.764804 0.000453
918.765638 0.000452
919.766472 0.000451
920.767306 0.000452
921.768140 0.000453
922.768974 0.000456
923.769808 0.000459
924.770642 0.000464
925.771476 0.000470
926.772310 0.000478
927.773144 0.000487
928.773978 0.000497
929.774812 0.000509
930.775646 0.000521
931.776480 0.000535
932.777314 0.000548
933.778148 0.000562
934.778982 0.000576
935.779817 0.000588
936.780651 0.000599
937.781485 0.000609
938.782319 0.000617
939.783153 0.000623
940.783987 0.000627
941.784821 0.000629
942.785655 0.000629
943.786489 0.000627
944.787323 0.000625
945.788157 0.000621
946.788991 0.000616
947.789825 0.000612
948.790659 0.000607
949.791493 0.000604
950.792327 0.000601
951.793161 0.000600
952.793995 0.000599
953.794829 0.000600
954.795663 0.000602
955.796497 0.000605
956.797331 0.000608
957.798165 0.000612
958.798999 0.000617
959.799833 0.000622
960.800667 0.000627
961.801501 0.000632
962.802335 0.000637
963.803169 0.000643
964.804003 0.000649
965.804837 0.000655
966.805671 0.000662
967.806505 0.000670
968.807339 0.000679
969.808173 0.000688
970.809008 0.000698
971.809842 0.000707
972.810676 0.000717
973.811510 0.000726
974.812344 0.000734
975.813178 0.000740
976.814012 0.000745
977.814846 0.000748
978.815680 0.000749
979.816514 0.000749
980.817348 0.000748
981.818182 0.000747
982.819016 0.000745
983.819850 0.000743
984.820684 0.000742
985.821518 0.000742
986.822352 0.000743
987.823186 0.000744
988.824020 0.000747
989.824854 0.000750
990.825688 0.000754
991.826522 0.000758
992.827356 0.000763
993.828190 0.000768
994.829024 0.000772
995.829858 0.000777
996.830692 0.000783
997.831526 0.000788
998.832360 0.000793
999.833194 0.000798
1000.834028 0.000803
1001.834862 0.000807
1002.835696 0.000810
1003.836530 0.000812
1004.837364 0.000812
1005.838198 0.000810
1006.839033 0.000807
1007.839867 0.000803
1008.840701 0.000797
1009.841535 0.000791
1010.842369 0.000785
1011.843203 0.000779
1012.844037 0.000774
1013.844871 0.000770
1014.845705 0.000766
1015.846539 0.000764
1016.847373 0.000762
1017.848207 0.000761
1018.849041 0.000759
1019.849875 0.000756
1020.850709 0.000753
1021.851543 0.000749
1022.852377 0.000744
1023.853211 0.000738
1024.854045 0.000731
1025.854879 0.000723
1026.855713 0.000716
1027.856547 0.000708
1028.857381 0.000700
1029.858215 0.000693
1030.859049 0.000686
1031.859883 0.000679
1032.860717 0.000673
1033.861551 0.000666
1034.862385 0.000659
1035.863219 0.000651
1036.864053 0.000643
1037.864887 0.000634
1038.865721 0.000625
1039.866555 0.000614
1040.867389 0.000602
1041.868224 0.000590
1042.869058 0.000577
1043.869892 0.000563
1044.870726 0.000549
1045.871560 0.000536
1046.872394 0.000523
1047.873228 0.000510
1048.874062 0.000499
1049.874896 0.000489
1050.875730 0.000481
1051.876564 0.000474
1052.877398 0.000468
1053.878232 0.000464
1054.879066 0.000460
1055.879900 0.000457
1056.880734 0.000455
1057.881568 0.000454
1058.882402 0.000452
1059.883236 0.000450
1060.884070 0.000449
1061.884904 0.000447
1062.885738 0.000445
1063.886572 0.000442
1064.887406 0.000440
1065.888240 0.000437
1066.889074 0.000433
1067.889908 0.000429
1068.890742 0.000425
1069.891576 0.000419
1070.892410 0.000414
1071.893244 0.000408
1072.894078 0.000401
1073.894912 0.000395
1074.895746 0.000388
1075.896580 0.000381
1076.897415 0.000374
1077.898249 0.000368
1078.899083 0.000361
1079.899917 0.000355
1080.900751 0.000349
1081.901585 0.000344
1082.902419 0.000339
1083.903253 0.000334
1084.904087 0.000330
1085.904921 0.000326
1086.905755 0.000323
1087.906589 0.000321
1088.907423 0.000319
1089.908257 0.000318
1090.909091 0.000317
1091.909925 0.000317
1092.910759 0.000318
1093.911593 0.000319
1094.912427 0.000320
1095.913261 0.000321
1096.914095 0.000322
1097.914929 0.000323
1098.915763 0.000323
1099.916597 0.000324
1100.917431 0.000325
1101.918265 0.000325
1102.919099 0.000325
1103.919933 0.000325
1104.920767 0.000324
1105.921601 0.000324
1106.922435 0.000324
1107.923269 0.000323
1108.924103 0.000323
1109.924937 0.000324
1110.925771 0.000324
1111.926606 0.000325
1112.927440 0.000326
1113.928274 0.000328
1114.929108 0.000329
1115.929942 0.000331
1116.930776 0.000332
1117.931610 0.000334
1118.932444 0.000335
1119.933278 0.000336
1120.934112 0.000337
1121.934946 0.000338
1122.935780 0.000338
1123.936614 0.000338
1124.937448 0.000338
1125.938282 0.000338
1126.939116 0.000337
1127.939950 0.000336
1128.940784 0.000336
1129.941618 0.000335
1130.942452 0.000335
1131.943286 0.000336
1132.944120 0.000337
1133.944954 0.000339
1134.945788 0.000342
1135.946622 0.000346
1136.947456 0.000351
1137.948290 0.000357
1138.949124 0.000364
1139.949958 0.000372
1140.950792 0.000379
1141.951626 0.000387
1142.952460 0.000394
1143.953294 0.000400
1144.954128 0.000406
1145.954962 0.000412
1146.955796 0.000416
1147.956631 0.000419
1148.957465 0.000422
1149.958299 0.000423
1150.959133 0.000425
1151.959967 0.000427
1152.960801 0.000428
1153.961635 0.000431
1154.962469 0.000435
1155.963303 0.000440
1156.964137 0.000447
1157.964971 0.000457
1158.965805 0.000468
1159.966639 0.000482
1160.967473 0.000498
1161.968307 0.000517
1162.969141 0.000538
1163.969975 0.000562
1164.970809 0.000588
1165.971643 0.000617
1166.972477 0.000648
1167.973311 0.000682
1168.974145 0.000719
1169.974979 0.000758
1170.975813 0.000802
1171.976647 0.000849
1172.977481 0.000900
1173.978315 0.000956
1174.979149 0.001017
1175.979983 0.001084
1176.980817 0.001159
1177.981651 0.001242
1178.982485 0.001334
1179.983319 0.001437
1180.984153 0.001553
1181.984987 0.001680
1182.985822 0.001822
1183.986656 0.001975
1184.987490 0.002141
1185.988324 0.002315
1186.989158 0.002494
1187.989992 0.002673
1188.990826 0.002846
1189.991660 0.003003
1190.992494 0.003138
1191.993328 0.003240
1192.994162 0.003303
1193.994996 0.003319
1194.995830 0.003284
1195.996664 0.003195
1196.997498 0.003054
1197.998332 0.002866
1198.999166 0.002637
1200.000000 0.002378
