0.000000 0.001701
1.000834 0.001984
2.001668 0.002202
3.002502 0.002339
4.003336 0.002390
5.004170 0.002362
6.005004 0.002269
7.005838 0.002131
8.006672 0.001966
9.007506 0.001788
10.008340 0.001610
11.009174 0.001441
12.010008 0.001284
13.010842 0.001142
14.011676 0.001014
15.012510 0.000900
16.013344 0.000796
17.014178 0.000702
18.015013 0.000615
19.015847 0.000535
20.016681 0.000464
21.017515 0.000401
22.018349 0.000348
23.019183 0.000306
24.020017 0.000276
25.020851 0.000258
26.021685 0.000251
27.022519 0.000253
28.023353 0.000263
29.024187 0.000276
30.025021 0.000290
31.025855 0.000302
32.026689 0.000311
33.027523 0.000316
34.028357 0.000318
35.029191 0.000317
36.030025 0.000314
37.030859 0.000311
38.031693 0.000309
39.032527 0.000307
40.033361 0.000307
41.034195 0.000307
42.035029 0.000308
43.035863 0.000307
44.036697 0.000305
45.037531 0.000299
46.038365 0.000290
47.039199 0.000279
48.040033 0.000266
49.040867 0.000252
50.041701 0.000239
51.042535 0.000228
52.043369 0.000219
53.044204 0.000213
54.045038 0.000209
55.045872 0.000208
56.046706 0.000209
57.047540 0.000210
58.048374 0.000211
59.049208 0.000209
60.050042 0.000204
61.050876 0.000196
62.051710 0.000186
63.052544 0.000174
64.053378 0.000162
65.054212 0.000151
66.055046 0.000144
67.055880 0.000139
68.056714 0.000138
69.057548 0.000138
70.058382 0.000139
71.059216 0.000140
72.060050 0.000141
73.060884 0.000140
74.061718 0.000139
75.062552 0.000138
76.063386 0.000137
77.064220 0.000136
78.065054 0.000135
79.065888 0.000135
80.066722 0.000135
81.067556 0.000136
82.068390 0.000136
83.069224 0.000136
84.070058 0.000137
85.070892 0.000138
86.071726 0.000140
87.072560 0.000140
88.073394 0.000139
89.074229 0.000137
90.075063 0.000132
91.075897 0.000126
92.076731 0.000119
93.077565 0.000112
94.078399 0.000105
95.079233 0.000099
96.080067 0.000095
97.080901 0.000091
98.081735 0.000089
99.082569 0.000088
100.083403 0.000089
101.084237 0.000092
102.085071 0.000097
103.085905 0.000102
104.086739 0.000108
105.087573 0.000115
106.088407 0.000121
107.089241 0.000128
108.090075 0.000136
109.090909 0.000144
110.091743 0.000152
111.092577 0.000161
112.093411 0.000169
113.094245 0.000177
114.095079 0.000185
115.095913 0.000192
116.096747 0.000199
117.097581 0.000205
118.098415 0.000213
119.099249 0.000220
120.100083 0.000227
121.100917 0.000233
122.101751 0.000239
123.102585 0.000242
124.103420 0.000243
125.104254 0.000242
126.105088 0.000237
127.105922 0.000229
128.106756 0.000219
129.107590 0.000207
130.108424 0.000195
131.109258 0.000184
132.110092 0.000175
133.110926 0.000169
134.111760 0.000167
135.112594 0.000168
136.113428 0.000172
137.114262 0.000177
138.115096 0.000183
139.115930 0.000188
140.116764 0.000191
141.117598 0.000192
142.118432 0.000193
143.119266 0.000193
144.120100 0.000194
145.120934 0.000196
146.121768 0.000201
147.122602 0.000207
148.123436 0.000215
149.124270 0.000222
150.125104 0.000230
151.125938 0.000236
152.126772 0.000242
153.127606 0.000250
154.128440 0.000259
155.129274 0.000272
156.130108 0.000289
157.130942 0.000310
158.131776 0.000334
159.132611 0.000360
160.133445 0.000386
161.134279 0.000411
162.135113 0.000434
163.135947 0.000454
164.136781 0.000471
165.137615 0.000486
166.138449 0.000501
167.139283 0.000514
168.140117 0.000528
169.140951 0.000542
170.141785 0.000556
171.142619 0.000570
172.143453 0.000583
173.144287 0.000596
174.145121 0.000612
175.145955 0.000632
176.146789 0.000658
177.147623 0.000695
178.148457 0.000744
179.149291 0.000808
180.150125 0.000889
181.150959 0.000985
182.151793 0.001096
183.152627 0.001218
184.153461 0.001348
185.154295 0.001483
186.155129 0.001620
187.155963 0.001758
188.156797 0.001898
189.157631 0.002040
190.158465 0.002186
191.159299 0.002337
192.160133 0.002495
193.160967 0.002660
194.161802 0.002833
195.162636 0.003014
196.163470 0.003198
197.164304 0.003377
198.165138 0.003536
199.165972 0.003659
200.166806 0.003730
201.167640 0.003738
202.168474 0.003680
203.169308 0.003561
204.170142 0.003394
205.170976 0.003195
206.171810 0.002979
207.172644 0.002758
208.173478 0.002540
209.174312 0.002329
210.175146 0.002129
211.175980 0.001942
212.176814 0.001770
213.177648 0.001616
214.178482 0.001483
215.179316 0.001373
216.180150 0.001284
217.180984 0.001214
218.181818 0.001160
219.182652 0.001119
220.183486 0.001086
221.184320 0.001060
222.185154 0.001037
223.185988 0.001016
224.186822 0.000996
225.187656 0.000976
226.188490 0.000954
227.189324 0.000930
228.190158 0.000903
229.190992 0.000875
230.191827 0.000844
231.192661 0.000813
232.193495 0.000781
233.194329 0.000747
234.195163 0.000714
235.195997 0.000682
236.196831 0.000652
237.197665 0.000626
238.198499 0.000604
239.199333 0.000587
240.200167 0.000572
241.201001 0.000560
242.201835 0.000549
243.202669 0.000538
244.203503 0.000527
245.204337 0.000517
246.205171 0.000509
247.206005 0.000503
248.206839 0.000499
249.207673 0.000497
250.208507 0.000497
251.209341 0.000497
252.210175 0.000498
253.211009 0.000497
254.211843 0.000497
255.212677 0.000498
256.213511 0.000501
257.214345 0.000505
258.215179 0.000512
259.216013 0.000518
260.216847 0.000524
261.217681 0.000526
262.218515 0.000524
263.219349 0.000517
264.220183 0.000505
265.221018 0.000489
266.221852 0.000471
267.222686 0.000453
268.223520 0.000436
269.224354 0.000421
270.225188 0.000408
271.226022 0.000396
272.226856 0.000383
273.227690 0.000369
274.228524 0.000353
275.229358 0.000337
276.230192 0.000322
277.231026 0.000309
278.231860 0.000300
279.232694 0.000296
280.233528 0.000296
281.234362 0.000299
282.235196 0.000304
283.236030 0.000309
284.236864 0.000313
285.237698 0.000315
286.238532 0.000316
287.239366 0.000313
288.240200 0.000308
289.241034 0.000299
290.241868 0.000287
291.242702 0.000273
292.243536 0.000259
293.244370 0.000245
294.245204 0.000235
295.246038 0.000228
296.246872 0.000224
297.247706 0.000224
298.248540 0.000226
299.249374 0.000230
300.250209 0.000233
301.251043 0.000236
302.251877 0.000238
303.252711 0.000237
304.253545 0.000235
305.254379 0.000232
306.255213 0.000229
307.256047 0.000226
308.256881 0.000223
309.257715 0.000220
310.258549 0.000219
311.259383 0.000218
312.260217 0.000217
313.261051 0.000216
314.261885 0.000215
315.262719 0.000212
316.263553 0.000209
317.264387 0.000204
318.265221 0.000200
319.266055 0.000196
320.266889 0.000195
321.267723 0.000197
322.268557 0.000201
323.269391 0.000207
324.270225 0.000213
325.271059 0.000220
326.271893 0.000225
327.272727 0.000228
328.273561 0.000229
329.274395 0.000229
330.275229 0.000228
331.276063 0.000226
332.276897 0.000224
333.277731 0.000223
334.278565 0.000222
335.279399 0.000222
336.280234 0.000223
337.281068 0.000225
338.281902 0.000229
339.282736 0.000234
340.283570 0.000239
341.284404 0.000244
342.285238 0.000248
343.286072 0.000249
344.286906 0.000249
345.287740 0.000249
346.288574 0.000249
347.289408 0.000250
348.290242 0.000253
349.291076 0.000258
350.291910 0.000264
351.292744 0.000271
352.293578 0.000279
353.294412 0.000288
354.295246 0.000297
355.296080 0.000305
356.296914 0.000313
357.297748 0.000321
358.298582 0.000327
359.299416 0.000334
360.300250 0.000342
361.301084 0.000353
362.301918 0.000370
363.302752 0.000392
364.303586 0.000418
365.304420 0.000449
366.305254 0.000480
367.306088 0.000511
368.306922 0.000542
369.307756 0.000573
370.308590 0.000611
371.309425 0.000663
372.310259 0.000736
373.311093 0.000841
374.311927 0.000985
375.312761 0.001172
376.313595 0.001404
377.314429 0.001681
378.315263 0.001998
379.316097 0.002352
380.316931 0.002738
381.317765 0.003152
382.318599 0.003592
383.319433 0.004054
384.320267 0.004539
385.321101 0.005043
386.321935 0.005567
387.322769 0.006106
388.323603 0.006656
389.324437 0.007205
390.325271 0.007738
391.326105 0.008233
392.326939 0.008663
393.327773 0.009002
394.328607 0.009224
395.329441 0.009313
396.330275 0.009264
397.331109 0.009083
398.331943 0.008789
399.332777 0.008410
400.333611 0.007976
401.334445 0.007511
402.335279 0.007034
403.336113 0.006552
404.336947 0.006064
405.337781 0.005568
406.338616 0.005062
407.339450 0.004551
408.340284 0.004046
409.341118 0.003562
410.341952 0.003116
411.342786 0.002723
412.343620 0.002389
413.344454 0.002116
414.345288 0.001897
415.346122 0.001723
416.346956 0.001584
417.347790 0.001468
418.348624 0.001368
419.349458 0.001279
420.350292 0.001196
421.351126 0.001116
422.351960 0.001040
423.352794 0.000968
424.353628 0.000898
425.354462 0.000834
426.355296 0.000774
427.356130 0.000721
428.356964 0.000676
429.357798 0.000638
430.358632 0.000607
431.359466 0.000584
432.360300 0.000568
433.361134 0.000557
434.361968 0.000548
435.362802 0.000539
436.363636 0.000527
437.364470 0.000512
438.365304 0.000492
439.366138 0.000469
440.366972 0.000444
441.367807 0.000420
442.368641 0.000400
443.369475 0.000385
444.370309 0.000377
445.371143 0.000374
446.371977 0.000376
447.372811 0.000383
448.373645 0.000391
449.374479 0.000399
450.375313 0.000404
451.376147 0.000405
452.376981 0.000402
453.377815 0.000395
454.378649 0.000384
455.379483 0.000370
456.380317 0.000356
457.381151 0.000342
458.381985 0.000330
459.382819 0.000320
460.383653 0.000312
461.384487 0.000307
462.385321 0.000303
463.386155 0.000302
464.386989 0.000300
465.387823 0.000299
466.388657 0.000297
467.389491 0.000293
468.390325 0.000287
469.391159 0.000281
470.391993 0.000274
471.392827 0.000266
472.393661 0.000258
473.394495 0.000252
474.395329 0.000246
475.396163 0.000241
476.396997 0.000236
477.397832 0.000230
478.398666 0.000224
479.399500 0.000215
480.400334 0.000203
481.401168 0.000190
482.402002 0.000176
483.402836 0.000161
484.403670 0.000147
485.404504 0.000135
486.405338 0.000127
487.406172 0.000121
488.407006 0.000118
489.407840 0.000117
490.408674 0.000116
491.409508 0.000114
492.410342 0.000111
493.411176 0.000108
494.412010 0.000104
495.412844 0.000101
496.413678 0.000100
497.414512 0.000100
498.415346 0.000102
499.416180 0.000104
500.417014 0.000106
501.417848 0.000108
502.418682 0.000108
503.419516 0.000106
504.420350 0.000104
505.421184 0.000101
506.422018 0.000098
507.422852 0.000095
508.423686 0.000092
509.424520 0.000091
510.425354 0.000089
511.426188 0.000088
512.427023 0.000088
513.427857 0.000089
514.428691 0.000090
515.429525 0.000092
516.430359 0.000095
517.431193 0.000098
518.432027 0.000100
519.432861 0.000102
520.433695 0.000102
521.434529 0.000101
522.435363 0.000099
523.436197 0.000096
524.437031 0.000092
525.437865 0.000087
526.438699 0.000083
527.439533 0.000079
528.440367 0.000075
529.441201 0.000071
530.442035 0.000068
531.442869 0.000067
532.443703 0.000068
533.444537 0.000071
534.445371 0.000077
535.446205 0.000085
536.447039 0.000095
537.447873 0.000105
538.448707 0.000114
539.449541 0.000122
540.450375 0.000128
541.451209 0.000131
542.452043 0.000134
543.452877 0.000136
544.453711 0.000138
545.454545 0.000140
546.455379 0.000142
547.456214 0.000143
548.457048 0.000143
549.457882 0.000142
550.458716 0.000139
551.459550 0.000135
552.460384 0.000131
553.461218 0.000127
554.462052 0.000124
555.462886 0.000122
556.463720 0.000122
557.464554 0.000124
558.465388 0.000125
559.466222 0.000127
560.467056 0.000128
561.467890 0.000128
562.468724 0.000127
563.469558 0.000125
564.470392 0.000123
565.471226 0.000122
566.472060 0.000122
567.472894 0.000123
568.473728 0.000125
569.474562 0.000128
570.475396 0.000131
571.476230 0.000133
572.477064 0.000135
573.477898 0.000136
574.478732 0.000138
575.479566 0.000142
576.480400 0.000148
577.481234 0.000158
578.482068 0.000172
579.482902 0.000189
580.483736 0.000208
581.484570 0.000227
582.485405 0.000246
583.486239 0.000264
584.487073 0.000280
585.487907 0.000298
586.488741 0.000319
587.489575 0.000347
588.490409 0.000387
589.491243 0.000441
590.492077 0.000511
591.492911 0.000598
592.493745 0.000699
593.494579 0.000809
594.495413 0.000921
595.496247 0.001027
596.497081 0.001119
597.497915 0.001192
598.498749 0.001240
599.499583 0.001261
600.500417 0.001254
601.501251 0.001221
602.502085 0.001166
603.502919 0.001095
604.503753 0.001015
605.504587 0.000934
606.505421 0.000860
607.506255 0.000795
608.507089 0.000741
609.507923 0.000697
610.508757 0.000662
611.509591 0.000631
612.510425 0.000603
613.511259 0.000576
614.512093 0.000550
615.512927 0.000526
616.513761 0.000506
617.514595 0.000492
618.515430 0.000486
619.516264 0.000488
620.517098 0.000497
621.517932 0.000510
622.518766 0.000524
623.519600 0.000536
624.520434 0.000544
625.521268 0.000548
626.522102 0.000549
627.522936 0.000550
628.523770 0.000552
629.524604 0.000559
630.525438 0.000571
631.526272 0.000586
632.527106 0.000603
633.527940 0.000617
634.528774 0.000626
635.529608 0.000626
636.530442 0.000615
637.531276 0.000596
638.532110 0.000571
639.532944 0.000543
640.533778 0.000517
641.534612 0.000496
642.535446 0.000482
643.536280 0.000475
644.537114 0.000474
645.537948 0.000478
646.538782 0.000485
647.539616 0.000494
648.540450 0.000504
649.541284 0.000516
650.542118 0.000528
651.542952 0.000538
652.543786 0.000546
653.544621 0.000551
654.545455 0.000553
655.546289 0.000551
656.547123 0.000549
657.547957 0.000547
658.548791 0.000549
659.549625 0.000555
660.550459 0.000564
661.551293 0.000575
662.552127 0.000585
663.552961 0.000592
664.553795 0.000594
665.554629 0.000590
666.555463 0.000582
667.556297 0.000573
668.557131 0.000566
669.557965 0.000564
670.558799 0.000570
671.559633 0.000583
672.560467 0.000603
673.561301 0.000628
674.562135 0.000653
675.562969 0.000675
676.563803 0.000692
677.564637 0.000703
678.565471 0.000710
679.566305 0.000715
680.567139 0.000724
681.567973 0.000741
682.568807 0.000774
683.569641 0.000830
684.570475 0.000916
685.571309 0.001040
686.572143 0.001209
687.572977 0.001432
688.573812 0.001716
689.574646 0.002068
690.575480 0.002498
691.576314 0.003010
692.577148 0.003608
693.577982 0.004286
694.578816 0.005027
695.579650 0.005796
696.580484 0.006545
697.581318 0.007209
698.582152 0.007720
699.582986 0.008012
700.583820 0.008038
701.584654 0.007780
702.585488 0.007251
703.586322 0.006504
704.587156 0.005615
705.587990 0.004674
706.588824 0.003769
707.589658 0.002966
708.590492 0.002307
709.591326 0.001805
710.592160 0.001448
711.592994 0.001211
712.593828 0.001063
713.594662 0.000974
714.595496 0.000918
715.596330 0.000876
716.597164 0.000835
717.597998 0.000787
718.598832 0.000729
719.599666 0.000663
720.600500 0.000592
721.601334 0.000520
722.602168 0.000454
723.603003 0.000398
724.603837 0.000352
725.604671 0.000319
726.605505 0.000295
727.606339 0.000281
728.607173 0.000272
729.608007 0.000267
730.608841 0.000265
731.609675 0.000264
732.610509 0.000263
733.611343 0.000262
734.612177 0.000259
735.613011 0.000255
736.613845 0.000248
737.614679 0.000239
738.615513 0.000228
739.616347 0.000216
740.617181 0.000203
741.618015 0.000190
742.618849 0.000179
743.619683 0.000169
744.620517 0.000162
745.621351 0.000157
746.622185 0.000155
747.623019 0.000155
748.623853 0.000156
749.624687 0.000159
750.625521 0.000162
751.626355 0.000164
752.627189 0.000166
753.628023 0.000166
754.628857 0.000165
755.629691 0.000161
756.630525 0.000157
757.631359 0.000151
758.632193 0.000146
759.633028 0.000140
760.633862 0.000135
761.634696 0.000131
762.635530 0.000128
763.636364 0.000127
764.637198 0.000126
765.638032 0.000125
766.638866 0.000124
767.639700 0.000123
768.640534 0.000121
769.641368 0.000118
770.642202 0.000116
771.643036 0.000114
772.643870 0.000113
773.644704 0.000112
774.645538 0.000112
775.646372 0.000111
776.647206 0.000109
777.648040 0.000107
778.648874 0.000104
779.649708 0.000102
780.650542 0.000099
781.651376 0.000096
782.652210 0.000094
783.653044 0.000092
784.653878 0.000091
785.654712 0.000090
786.655546 0.000090
787.656380 0.000090
788.657214 0.000091
789.658048 0.000092
790.658882 0.000093
791.659716 0.000095
792.660550 0.000096
793.661384 0.000097
794.662219 0.000097
795.663053 0.000096
796.663887 0.000094
797.664721 0.000092
798.665555 0.000088
799.666389 0.000085
800.667223 0.000081
801.668057 0.000078
802.668891 0.000076
803.669725 0.000076
804.670559 0.000076
805.671393 0.000076
806.672227 0.000077
807.673061 0.000077
808.673895 0.000077
809.674729 0.000076
810.675563 0.000076
811.676397 0.000076
812.677231 0.000077
813.678065 0.000077
814.678899 0.000078
815.679733 0.000079
816.680567 0.000080
817.681401 0.000081
818.682235 0.000082
819.683069 0.000083
820.683903 0.000084
821.684737 0.000086
822.685571 0.000087
823.686405 0.000090
824.687239 0.000092
825.688073 0.000095
826.688907 0.000098
827.689741 0.000101
828.690575 0.000104
829.691410 0.000106
830.692244 0.000107
831.693078 0.000108
832.693912 0.000108
833.694746 0.000109
834.695580 0.000110
835.696414 0.000111
836.697248 0.000113
837.698082 0.000116
838.698916 0.000118
839.699750 0.000120
840.700584 0.000122
841.701418 0.000123
842.702252 0.000125
843.703086 0.000127
844.703920 0.000130
845.704754 0.000135
846.705588 0.000141
847.706422 0.000149
848.707256 0.000158
849.708090 0.000167
850.708924 0.000175
851.709758 0.000181
852.710592 0.000184
853.711426 0.000184
854.712260 0.000181
855.713094 0.000176
856.713928 0.000168
857.714762 0.000161
858.715596 0.000155
859.716430 0.000151
860.717264 0.000150
861.718098 0.000151
862.718932 0.000154
863.719766 0.000159
864.720601 0.000165
865.721435 0.000172
866.722269 0.000179
867.723103 0.000186
868.723937 0.000193
869.724771 0.000200
870.725605 0.000207
871.726439 0.000216
872.727273 0.000227
873.728107 0.000240
874.728941 0.000257
875.729775 0.000276
876.730609 0.000298
877.731443 0.000322
878.732277 0.000348
879.733111 0.000375
880.733945 0.000404
881.734779 0.000433
882.735613 0.000461
883.736447 0.000488
884.737281 0.000514
885.738115 0.000539
886.738949 0.000564
887.739783 0.000589
888.740617 0.000616
889.741451 0.000647
890.742285 0.000681
891.743119 0.000718
892.743953 0.000759
893.744787 0.000802
894.745621 0.000846
895.746455 0.000889
896.747289 0.000930
897.748123 0.000967
898.748957 0.000999
899.749791 0.001027
900.750626 0.001048
901.751460 0.001061
902.752294 0.001064
903.753128 0.001054
904.753962 0.001028
905.754796 0.000986
906.755630 0.000929
907.756464 0.000861
908.757298 0.000788
909.758132 0.000719
910.758966 0.000659
911.759800 0.000613
912.760634 0.000583
913.761468 0.000566
914.762302 0.000556
915.763136 0.000551
916.763970 0.000544
917.764804 0.000535
918.765638 0.000522
919.766472 0.000508
920.767306 0.000495
921.768140 0.000483
922.768974 0.000474
923.769808 0.000467
924.770642 0.000462
925.771476 0.000458
926.772310 0.000453
927.773144 0.000447
928.773978 0.000439
929.774812 0.000429
930.775646 0.000415
931.776480 0.000398
932.777314 0.000379
933.778148 0.000360
934.778982 0.000342
935.779817 0.000328
936.780651 0.000320
937.781485 0.000318
938.782319 0.000322
939.783153 0.000330
940.783987 0.000340
941.784821 0.000352
942.785655 0.000364
943.786489 0.000375
944.787323 0.000385
945.788157 0.000391
946.788991 0.000393
947.789825 0.000390
948.790659 0.000382
949.791493 0.000371
950.792327 0.000357
951.793161 0.000344
952.793995 0.000334
953.794829 0.000326
954.795663 0.000322
955.796497 0.000320
956.797331 0.000318
957.798165 0.000316
958.798999 0.000310
959.799833 0.000302
960.800667 0.000292
961.801501 0.000281
962.802335 0.000271
963.803169 0.000264
964.804003 0.000259
965.804837 0.000257
966.805671 0.000256
967.806505 0.000255
968.807339 0.000253
969.808173 0.000249
970.809008 0.000244
971.809842 0.000239
972.810676 0.000236
973.811510 0.000235
974.812344 0.000236
975.813178 0.000240
976.814012 0.000245
977.814846 0.000249
978.815680 0.000252
979.816514 0.000254
980.817348 0.000254
981.818182 0.000254
982.819016 0.000253
983.819850 0.000253
984.820684 0.000253
985.821518 0.000255
986.822352 0.000257
987.823186 0.000259
988.824020 0.000258
989.824854 0.000255
990.825688 0.000249
991.826522 0.000240
992.827356 0.000230
993.828190 0.000219
994.829024 0.000211
995.829858 0.000204
996.830692 0.000199
997.831526 0.000194
998.832360 0.000190
999.833194 0.000184
1000.834028 0.000177
1001.834862 0.000167
1002.835696 0.000156
1003.836530 0.000144
1004.837364 0.000132
1005.838198 0.000121
1006.839033 0.000113
1007.839867 0.000108
1008.840701 0.000106
1009.841535 0.000107
1010.842369 0.000110
1011.843203 0.000116
1012.844037 0.000123
1013.844871 0.000130
1014.845705 0.000136
1015.846539 0.000140
1016.847373 0.000142
1017.848207 0.000142
1018.849041 0.000140
1019.849875 0.000135
1020.850709 0.000127
1021.851543 0.000119
1022.852377 0.000110
1023.853211 0.000102
1024.854045 0.000097
1025.854879 0.000094
1026.855713 0.000094
1027.856547 0.000095
1028.857381 0.000097
1029.858215 0.000099
1030.859049 0.000101
1031.859883 0.000102
1032.860717 0.000103
1033.861551 0.000104
1034.862385 0.000105
1035.863219 0.000107
1036.864053 0.000109
1037.864887 0.000111
1038.865721 0.000112
1039.866555 0.000114
1040.867389 0.000115
1041.868224 0.000116
1042.869058 0.000118
1043.869892 0.000120
1044.870726 0.000123
1045.871560 0.000125
1046.872394 0.000128
1047.873228 0.000131
1048.874062 0.000134
1049.874896 0.000139
1050.875730 0.000144
1051.876564 0.000150
1052.877398 0.000155
1053.878232 0.000159
1054.879066 0.000162
1055.879900 0.000164
1056.880734 0.000166
1057.881568 0.000168
1058.882402 0.000171
1059.883236 0.000176
1060.884070 0.000185
1061.884904 0.000195
1062.885738 0.000208
1063.886572 0.000223
1064.887406 0.000238
1065.888240 0.000253
1066.889074 0.000266
1067.889908 0.000279
1068.890742 0.000291
1069.891576 0.000301
1070.892410 0.000312
1071.893244 0.000322
1072.894078 0.000335
1073.894912 0.000352
1074.895746 0.000373
1075.896580 0.000399
1076.897415 0.000427
1077.898249 0.000456
1078.899083 0.000484
1079.899917 0.000509
1080.900751 0.000531
1081.901585 0.000554
1082.902419 0.000583
1083.903253 0.000625
1084.904087 0.000688
1085.904921 0.000780
1086.905755 0.000904
1087.906589 0.001065
1088.907423 0.001262
1089.908257 0.001492
1090.909091 0.001750
1091.909925 0.002025
1092.910759 0.002306
1093.911593 0.002581
1094.912427 0.002836
1095.913261 0.003059
1096.914095 0.003241
1097.914929 0.003380
1098.915763 0.003479
1099.916597 0.003545
1100.917431 0.003588
1101.918265 0.003614
1102.919099 0.003628
1103.919933 0.003630
1104.920767 0.003614
1105.921601 0.003577
1106.922435 0.003514
1107.923269 0.003421
1108.924103 0.003299
1109.924937 0.003149
1110.925771 0.002978
1111.926606 0.002790
1112.927440 0.002593
1113.928274 0.002393
1114.929108 0.002198
1115.929942 0.002010
1116.930776 0.001834
1117.931610 0.001670
1118.932444 0.001520
1119.933278 0.001382
1120.934112 0.001260
1121.934946 0.001154
1122.935780 0.001065
1123.936614 0.000995
1124.937448 0.000942
1125.938282 0.000904
1126.939116 0.000877
1127.939950 0.000859
1128.940784 0.000847
1129.941618 0.000837
1130.942452 0.000829
1131.943286 0.000820
1132.944120 0.000811
1133.944954 0.000803
1134.945788 0.000797
1135.946622 0.000795
1136.947456 0.000798
1137.948290 0.000807
1138.949124 0.000822
1139.949958 0.000843
1140.950792 0.000869
1141.951626 0.000898
1142.952460 0.000928
1143.953294 0.000959
1144.954128 0.000989
1145.954962 0.001019
1146.955796 0.001048
1147.956631 0.001076
1148.957465 0.001104
1149.958299 0.001130
1150.959133 0.001151
1151.959967 0.001167
1152.960801 0.001175
1153.961635 0.001174
1154.962469 0.001166
1155.963303 0.001154
1156.964137 0.001141
1157.964971 0.001130
1158.965805 0.001124
1159.966639 0.001122
1160.967473 0.001123
1161.968307 0.001123
1162.969141 0.001121
1163.969975 0.001115
1164.970809 0.001107
1165.971643 0.001100
1166.972477 0.001099
1167.973311 0.001108
1168.974145 0.001130
1169.974979 0.001164
1170.975813 0.001208
1171.976647 0.001257
1172.977481 0.001308
1173.978315 0.001358
1174.979149 0.001408
1175.979983 0.001459
1176.980817 0.001514
1177.981651 0.001575
1178.982485 0.001644
1179.983319 0.001718
1180.984153 0.001795
1181.984987 0.001873
1182.985822 0.001951
1183.986656 0.002030
1184.987490 0.002114
1185.988324 0.002214
1186.989158 0.002341
1187.989992 0.002509
1188.990826 0.002727
1189.991660 0.002999
1190.992494 0.003316
1191.993328 0.003658
1192.994162 0.003992
1193.994996 0.004277
1194.995830 0.004465
1195.996664 0.004515
1196.997498 0.004397
1197.998332 0.004105
1198.999166 0.003658
1200.000000 0.003099
