0.500000 0.005352
1.500000 0.003988
2.500000 0.002624
3.500000 0.002676
4.500000 0.002519
5.500000 0.002781
6.500000 0.002414
7.500000 0.002256
8.500000 0.001784
9.500000 0.001522
10.500000 0.001154
11.500000 0.001259
12.500000 0.001207
13.500000 0.001049
14.500000 0.000525
15.500000 0.000892
16.500000 0.000997
17.500000 0.000472
18.500000 0.000525
19.500000 0.000367
20.500000 0.000367
21.500000 0.000420
22.500000 0.000157
23.500000 0.000105
24.500000 0.000157
25.500000 0.000420
26.500000 0.000052
27.500000 0.000052
28.500000 0.000315
29.500000 0.000210
30.500000 0.000630
31.500000 0.000420
32.500000 0.000210
33.500000 0.000367
34.500000 0.000210
35.500000 0.000262
36.500000 0.000472
37.500000 0.000367
38.500000 0.000157
39.500000 0.000157
40.500000 0.000315
41.500000 0.000420
42.500000 0.000367
43.500000 0.000210
44.500000 0.000472
45.500000 0.000315
46.500000 0.000262
47.500000 0.000210
48.500000 0.000420
49.500000 0.000157
50.500000 0.000210
51.500000 0.000157
52.500000 0.000262
53.500000 0.000157
54.500000 0.000210
55.500000 0.000210
56.500000 0.000105
57.500000 0.000210
58.500000 0.000262
59.500000 0.000315
60.500000 0.000210
61.500000 0.000157
62.500000 0.000367
63.500000 0.000052
64.500000 0.000105
65.500000 0.000105
66.500000 0.000052
67.500000 0.000210
68.500000 0.000052
69.500000 0.000157
70.500000 0.000210
71.500000 0.000105
72.500000 0.000157
73.500000 0.000262
74.500000 0.000052
75.500000 0.000157
76.500000 0.000105
77.500000 0.000052
78.500000 0.000157
79.500000 0.000262
80.500000 0.000052
81.500000 0.000157
82.500000 0.000157
83.500000 0.000052
84.500000 0.000105
85.500000 0.000210
86.500000 0.000052
87.500000 0.000157
88.500000 0.000210
89.500000 0.000262
90.500000 0.000052
91.500000 0.000157
92.500000 0.000052
93.500000 0.000157
94.500000 0.000052
95.500000 0.000052
96.500000 0.000105
97.500000 0.000210
98.500000 0.000000
99.500000 0.000000
100.500000 0.000105
101.500000 0.000052
102.500000 0.000105
103.500000 0.000105
104.500000 0.000262
105.500000 0.000000
106.500000 0.000105
107.500000 0.000157
108.500000 0.000052
109.500000 0.000315
110.500000 0.000052
111.500000 0.000105
112.500000 0.000262
113.500000 0.000157
114.500000 0.000210
115.500000 0.000262
116.500000 0.000052
117.500000 0.000315
118.500000 0.000157
119.500000 0.000210
120.500000 0.000367
121.500000 0.000210
122.500000 0.000105
123.500000 0.000315
124.500000 0.000315
125.500000 0.000262
126.500000 0.000367
127.500000 0.000157
128.500000 0.000210
129.500000 0.000157
130.500000 0.000210
131.500000 0.000210
132.500000 0.000052
133.500000 0.000262
134.500000 0.000105
135.500000 0.000000
136.500000 0.000210
137.500000 0.000105
138.500000 0.000262
139.500000 0.000420
140.500000 0.000105
141.500000 0.000105
142.500000 0.000315
143.500000 0.000157
144.500000 0.000052
145.500000 0.000262
146.500000 0.000105
147.500000 0.000315
148.500000 0.000262
149.500000 0.000105
150.500000 0.000315
151.500000 0.000315
152.500000 0.000262
153.500000 0.000210
154.500000 0.000052
155.500000 0.000367
156.500000 0.000157
157.500000 0.000367
158.500000 0.000315
159.500000 0.000420
160.500000 0.000420
161.500000 0.000420
162.500000 0.000525
163.500000 0.000525
164.500000 0.000577
165.500000 0.000472
166.500000 0.000420
167.500000 0.000472
168.500000 0.000367
169.500000 0.000682
170.500000 0.000525
171.500000 0.000787
172.500000 0.000472
173.500000 0.000577
174.500000 0.000682
175.500000 0.000525
176.500000 0.000682
177.500000 0.000367
178.500000 0.000997
179.500000 0.000577
180.500000 0.000787
181.500000 0.000682
182.500000 0.000945
183.500000 0.001627
184.500000 0.001784
185.500000 0.001207
186.500000 0.001207
187.500000 0.002151
188.500000 0.002309
189.500000 0.001994
190.500000 0.001837
191.500000 0.002256
192.500000 0.002624
193.500000 0.003306
194.500000 0.002886
195.500000 0.002834
196.500000 0.002676
197.500000 0.002519
198.500000 0.004041
199.500000 0.004828
200.500000 0.005457
201.500000 0.003883
202.500000 0.004618
203.500000 0.003306
204.500000 0.002886
205.500000 0.003516
206.500000 0.002519
207.500000 0.002309
208.500000 0.002519
209.500000 0.002834
210.500000 0.001627
211.500000 0.001679
212.500000 0.001837
213.500000 0.001259
214.500000 0.001102
215.500000 0.001049
216.500000 0.001154
217.500000 0.001207
218.500000 0.000997
219.500000 0.001049
220.500000 0.001259
221.500000 0.000892
222.500000 0.001259
223.500000 0.000682
224.500000 0.001102
225.500000 0.000735
226.500000 0.001574
227.500000 0.000945
228.500000 0.000420
229.500000 0.001049
230.500000 0.000472
231.500000 0.001102
232.500000 0.000840
233.500000 0.001154
234.500000 0.000315
235.500000 0.000577
236.500000 0.000630
237.500000 0.000682
238.500000 0.000315
239.500000 0.000472
240.500000 0.000840
241.500000 0.000367
242.500000 0.000682
243.500000 0.000630
244.500000 0.000420
245.500000 0.000420
246.500000 0.000525
247.500000 0.000682
248.500000 0.000157
249.500000 0.000525
250.500000 0.000682
251.500000 0.000472
252.500000 0.000577
253.500000 0.000420
254.500000 0.000472
255.500000 0.000420
256.500000 0.000472
257.500000 0.000420
258.500000 0.000630
259.500000 0.000525
260.500000 0.000525
261.500000 0.000577
262.500000 0.000525
263.500000 0.000735
264.500000 0.000577
265.500000 0.000315
266.500000 0.000525
267.500000 0.000367
268.500000 0.000525
269.500000 0.000315
270.500000 0.000210
271.500000 0.000420
272.500000 0.000525
273.500000 0.000420
274.500000 0.000577
275.500000 0.000105
276.500000 0.000315
277.500000 0.000262
278.500000 0.000262
279.500000 0.000210
280.500000 0.000210
281.500000 0.000367
282.500000 0.000315
283.500000 0.000315
284.500000 0.000420
285.500000 0.000210
286.500000 0.000315
287.500000 0.000420
288.500000 0.000262
289.500000 0.000472
290.500000 0.000367
291.500000 0.000157
292.500000 0.000262
293.500000 0.000210
294.500000 0.000105
295.500000 0.000157
296.500000 0.000315
297.500000 0.000105
298.500000 0.000315
299.500000 0.000052
300.500000 0.000262
301.500000 0.000472
302.500000 0.000315
303.500000 0.000105
304.500000 0.000157
305.500000 0.000367
306.500000 0.000157
307.500000 0.000315
308.500000 0.000052
309.500000 0.000210
310.500000 0.000315
311.500000 0.000315
312.500000 0.000052
313.500000 0.000105
314.500000 0.000315
315.500000 0.000262
316.500000 0.000420
317.500000 0.000105
318.500000 0.000105
319.500000 0.000157
320.500000 0.000157
321.500000 0.000210
322.500000 0.000105
323.500000 0.000315
324.500000 0.000262
325.500000 0.000105
326.500000 0.000367
327.500000 0.000157
328.500000 0.000315
329.500000 0.000210
330.500000 0.000210
331.500000 0.000210
332.500000 0.000262
333.500000 0.000262
334.500000 0.000105
335.500000 0.000210
336.500000 0.000367
337.500000 0.000210
338.500000 0.000105
339.500000 0.000105
340.500000 0.000210
341.500000 0.000367
342.500000 0.000367
343.500000 0.000367
344.500000 0.000262
345.500000 0.000105
346.500000 0.000210
347.500000 0.000105
348.500000 0.000315
349.500000 0.000367
350.500000 0.000262
351.500000 0.000315
352.500000 0.000210
353.500000 0.000157
354.500000 0.000420
355.500000 0.000315
356.500000 0.000315
357.500000 0.000210
358.500000 0.000577
359.500000 0.000157
360.500000 0.000472
361.500000 0.000210
362.500000 0.000420
363.500000 0.000157
364.500000 0.000367
365.500000 0.000420
366.500000 0.000367
367.500000 0.001102
368.500000 0.000525
369.500000 0.000577
370.500000 0.000367
371.500000 0.000682
372.500000 0.000630
373.500000 0.000315
374.500000 0.000525
375.500000 0.001049
376.500000 0.000945
377.500000 0.001417
378.500000 0.001889
379.500000 0.002781
380.500000 0.002624
381.500000 0.002729
382.500000 0.003516
383.500000 0.004198
384.500000 0.004408
385.500000 0.005300
386.500000 0.005877
387.500000 0.006035
388.500000 0.005772
389.500000 0.007084
390.500000 0.009078
391.500000 0.008606
392.500000 0.009445
393.500000 0.008553
394.500000 0.011072
395.500000 0.011125
396.500000 0.011439
397.500000 0.009918
398.500000 0.008238
399.500000 0.009078
400.500000 0.007714
401.500000 0.006297
402.500000 0.006717
403.500000 0.006087
404.500000 0.006612
405.500000 0.006192
406.500000 0.004985
407.500000 0.004828
408.500000 0.004093
409.500000 0.002781
410.500000 0.001942
411.500000 0.001837
412.500000 0.001942
413.500000 0.001942
414.500000 0.001627
415.500000 0.001364
416.500000 0.001627
417.500000 0.001312
418.500000 0.001364
419.500000 0.001259
420.500000 0.001049
421.500000 0.001049
422.500000 0.001364
423.500000 0.000577
424.500000 0.001049
425.500000 0.000787
426.500000 0.000577
427.500000 0.000735
428.500000 0.000525
429.500000 0.000840
430.500000 0.000367
431.500000 0.000525
432.500000 0.000525
433.500000 0.000472
434.500000 0.000472
435.500000 0.000735
436.500000 0.000472
437.500000 0.000630
438.500000 0.000840
439.500000 0.000315
440.500000 0.000262
441.500000 0.000315
442.500000 0.000367
443.500000 0.000472
444.500000 0.000262
445.500000 0.000315
446.500000 0.000315
447.500000 0.000420
448.500000 0.000525
449.500000 0.000262
450.500000 0.000472
451.500000 0.000367
452.500000 0.000735
453.500000 0.000367
454.500000 0.000262
455.500000 0.000262
456.500000 0.000367
457.500000 0.000420
458.500000 0.000420
459.500000 0.000210
460.500000 0.000210
461.500000 0.000157
462.500000 0.000472
463.500000 0.000262
464.500000 0.000315
465.500000 0.000367
466.500000 0.000315
467.500000 0.000210
468.500000 0.000367
469.500000 0.000157
470.500000 0.000420
471.500000 0.000315
472.500000 0.000157
473.500000 0.000210
474.500000 0.000210
475.500000 0.000105
476.500000 0.000420
477.500000 0.000262
478.500000 0.000262
479.500000 0.000157
480.500000 0.000315
481.500000 0.000105
482.500000 0.000210
483.500000 0.000262
484.500000 0.000000
485.500000 0.000052
486.500000 0.000105
487.500000 0.000105
488.500000 0.000105
489.500000 0.000105
490.500000 0.000262
491.500000 0.000052
492.500000 0.000105
493.500000 0.000157
494.500000 0.000157
495.500000 0.000000
496.500000 0.000000
497.500000 0.000105
498.500000 0.000105
499.500000 0.000105
500.500000 0.000210
501.500000 0.000052
502.500000 0.000157
503.500000 0.000105
504.500000 0.000105
505.500000 0.000052
506.500000 0.000157
507.500000 0.000052
508.500000 0.000105
509.500000 0.000052
510.500000 0.000105
511.500000 0.000105
512.500000 0.000157
513.500000 0.000052
514.500000 0.000000
515.500000 0.000105
516.500000 0.000000
517.500000 0.000210
518.500000 0.000105
519.500000 0.000105
520.500000 0.000157
521.500000 0.000052
522.500000 0.000105
523.500000 0.000157
524.500000 0.000105
525.500000 0.000000
526.500000 0.000105
527.500000 0.000052
528.500000 0.000052
529.500000 0.000210
530.500000 0.000052
531.500000 0.000000
532.500000 0.000052
533.500000 0.000000
534.500000 0.000052
535.500000 0.000052
536.500000 0.000052
537.500000 0.000157
538.500000 0.000210
539.500000 0.000157
540.500000 0.000157
541.500000 0.000052
542.500000 0.000210
543.500000 0.000157
544.500000 0.000000
545.500000 0.000105
546.500000 0.000262
547.500000 0.000105
548.500000 0.000157
549.500000 0.000210
550.500000 0.000157
551.500000 0.000105
552.500000 0.000157
553.500000 0.000052
554.500000 0.000157
555.500000 0.000052
556.500000 0.000210
557.500000 0.000052
558.500000 0.000052
559.500000 0.000157
560.500000 0.000210
561.500000 0.000157
562.500000 0.000157
563.500000 0.000052
564.500000 0.000105
565.500000 0.000157
566.500000 0.000157
567.500000 0.000000
568.500000 0.000157
569.500000 0.000052
570.500000 0.000157
571.500000 0.000157
572.500000 0.000262
573.500000 0.000052
574.500000 0.000157
575.500000 0.000210
576.500000 0.000105
577.500000 0.000000
578.500000 0.000105
579.500000 0.000210
580.500000 0.000210
581.500000 0.000210
582.500000 0.000367
583.500000 0.000315
584.500000 0.000262
585.500000 0.000262
586.500000 0.000210
587.500000 0.000472
588.500000 0.000262
589.500000 0.000157
590.500000 0.000262
591.500000 0.000630
592.500000 0.000525
593.500000 0.000682
594.500000 0.000892
595.500000 0.001207
596.500000 0.001942
597.500000 0.001154
598.500000 0.001207
599.500000 0.001312
600.500000 0.001364
601.500000 0.001837
602.500000 0.001364
603.500000 0.001259
604.500000 0.000892
605.500000 0.000525
606.500000 0.000577
607.500000 0.000840
608.500000 0.000945
609.500000 0.000420
610.500000 0.000682
611.500000 0.000420
612.500000 0.000787
613.500000 0.000787
614.500000 0.000682
615.500000 0.000367
616.500000 0.000210
617.500000 0.000525
618.500000 0.000262
619.500000 0.000682
620.500000 0.000210
621.500000 0.000367
622.500000 0.000840
623.500000 0.000420
624.500000 0.000735
625.500000 0.000472
626.500000 0.000735
627.500000 0.000630
628.500000 0.000262
629.500000 0.000367
630.500000 0.000630
631.500000 0.000630
632.500000 0.000630
633.500000 0.000525
634.500000 0.000630
635.500000 0.000997
636.500000 0.000945
637.500000 0.000472
638.500000 0.000630
639.500000 0.000472
640.500000 0.000315
641.500000 0.000315
642.500000 0.000420
643.500000 0.000577
644.500000 0.000367
645.500000 0.000525
646.500000 0.000420
647.500000 0.000577
648.500000 0.000472
649.500000 0.000472
650.500000 0.000472
651.500000 0.000525
652.500000 0.000472
653.500000 0.000945
654.500000 0.000577
655.500000 0.000472
656.500000 0.000577
657.500000 0.000525
658.500000 0.000472
659.500000 0.000367
660.500000 0.000420
661.500000 0.000682
662.500000 0.000577
663.500000 0.001049
664.500000 0.000420
665.500000 0.000682
666.500000 0.000577
667.500000 0.000577
668.500000 0.000577
669.500000 0.000367
670.500000 0.000472
671.500000 0.000420
672.500000 0.000630
673.500000 0.000577
674.500000 0.000682
675.500000 0.000840
676.500000 0.000892
677.500000 0.000682
678.500000 0.000787
679.500000 0.000630
680.500000 0.000787
681.500000 0.000630
682.500000 0.000420
683.500000 0.000787
684.500000 0.000682
685.500000 0.000682
686.500000 0.000997
687.500000 0.001049
688.500000 0.001049
689.500000 0.001417
690.500000 0.002204
691.500000 0.002676
692.500000 0.002886
693.500000 0.003411
694.500000 0.003568
695.500000 0.005772
696.500000 0.006349
697.500000 0.008291
698.500000 0.010810
699.500000 0.009760
700.500000 0.009760
701.500000 0.012069
702.500000 0.010862
703.500000 0.007819
704.500000 0.005352
705.500000 0.003096
706.500000 0.001102
707.500000 0.001049
708.500000 0.000945
709.500000 0.000787
710.500000 0.000787
711.500000 0.001207
712.500000 0.000630
713.500000 0.000945
714.500000 0.000892
715.500000 0.001049
716.500000 0.000840
717.500000 0.000840
718.500000 0.001312
719.500000 0.000630
720.500000 0.000525
721.500000 0.000210
722.500000 0.000472
723.500000 0.000262
724.500000 0.000262
725.500000 0.000210
726.500000 0.000210
727.500000 0.000315
728.500000 0.000210
729.500000 0.000367
730.500000 0.000210
731.500000 0.000262
732.500000 0.000210
733.500000 0.000262
734.500000 0.000262
735.500000 0.000420
736.500000 0.000105
737.500000 0.000420
738.500000 0.000262
739.500000 0.000157
740.500000 0.000052
741.500000 0.000315
742.500000 0.000262
743.500000 0.000052
744.500000 0.000052
745.500000 0.000157
746.500000 0.000210
747.500000 0.000210
748.500000 0.000052
749.500000 0.000105
750.500000 0.000157
751.500000 0.000210
752.500000 0.000262
753.500000 0.000105
754.500000 0.000210
755.500000 0.000105
756.500000 0.000105
757.500000 0.000315
758.500000 0.000157
759.500000 0.000052
760.500000 0.000210
761.500000 0.000105
762.500000 0.000000
763.500000 0.000157
764.500000 0.000157
765.500000 0.000105
766.500000 0.000105
767.500000 0.000157
768.500000 0.000210
769.500000 0.000105
770.500000 0.000052
771.500000 0.000105
772.500000 0.000052
773.500000 0.000105
774.500000 0.000210
775.500000 0.000052
776.500000 0.000210
777.500000 0.000052
778.500000 0.000052
779.500000 0.000210
780.500000 0.000105
781.500000 0.000000
782.500000 0.000105
783.500000 0.000105
784.500000 0.000157
785.500000 0.000052
786.500000 0.000000
787.500000 0.000157
788.500000 0.000105
789.500000 0.000000
790.500000 0.000105
791.500000 0.000157
792.500000 0.000105
793.500000 0.000052
794.500000 0.000105
795.500000 0.000157
796.500000 0.000105
797.500000 0.000052
798.500000 0.000105
799.500000 0.000157
800.500000 0.000000
801.500000 0.000105
802.500000 0.000052
803.500000 0.000000
804.500000 0.000052
805.500000 0.000105
806.500000 0.000210
807.500000 0.000052
808.500000 0.000000
809.500000 0.000000
810.500000 0.000210
811.500000 0.000052
812.500000 0.000052
813.500000 0.000105
814.500000 0.000000
815.500000 0.000157
816.500000 0.000105
817.500000 0.000105
818.500000 0.000000
819.500000 0.000052
820.500000 0.000105
821.500000 0.000210
822.500000 0.000000
823.500000 0.000052
824.500000 0.000105
825.500000 0.000052
826.500000 0.000105
827.500000 0.000105
828.500000 0.000052
829.500000 0.000262
830.500000 0.000105
831.500000 0.000000
832.500000 0.000052
833.500000 0.000157
834.500000 0.000157
835.500000 0.000210
836.500000 0.000000
837.500000 0.000000
838.500000 0.000210
839.500000 0.000210
840.500000 0.000105
841.500000 0.000052
842.500000 0.000210
843.500000 0.000000
844.500000 0.000157
845.500000 0.000105
846.500000 0.000210
847.500000 0.000052
848.500000 0.000210
849.500000 0.000105
850.500000 0.000262
851.500000 0.000157
852.500000 0.000210
853.500000 0.000157
854.500000 0.000367
855.500000 0.000210
856.500000 0.000210
857.500000 0.000105
858.500000 0.000000
859.500000 0.000105
860.500000 0.000105
861.500000 0.000157
862.500000 0.000262
863.500000 0.000157
864.500000 0.000105
865.500000 0.000157
866.500000 0.000052
867.500000 0.000315
868.500000 0.000157
869.500000 0.000315
870.500000 0.000157
871.500000 0.000210
872.500000 0.000262
873.500000 0.000105
874.500000 0.000157
875.500000 0.000262
876.500000 0.000472
877.500000 0.000210
878.500000 0.000367
879.500000 0.000262
880.500000 0.000525
881.500000 0.000262
882.500000 0.000315
883.500000 0.000787
884.500000 0.000682
885.500000 0.000315
886.500000 0.000630
887.500000 0.000630
888.500000 0.000420
889.500000 0.000472
890.500000 0.000892
891.500000 0.000787
892.500000 0.000577
893.500000 0.000630
894.500000 0.000840
895.500000 0.000945
896.500000 0.001312
897.500000 0.000840
898.500000 0.000945
899.500000 0.000840
900.500000 0.001102
901.500000 0.001417
902.500000 0.001049
903.500000 0.001154
904.500000 0.000840
905.500000 0.001417
906.500000 0.001522
907.500000 0.000945
908.500000 0.000630
909.500000 0.000472
910.500000 0.000367
911.500000 0.000525
912.500000 0.000315
913.500000 0.000367
914.500000 0.000682
915.500000 0.000735
916.500000 0.000577
917.500000 0.000787
918.500000 0.000525
919.500000 0.000315
920.500000 0.000420
921.500000 0.000577
922.500000 0.000262
923.500000 0.000472
924.500000 0.000577
925.500000 0.000525
926.500000 0.000420
927.500000 0.000630
928.500000 0.000105
929.500000 0.000420
930.500000 0.000630
931.500000 0.000367
932.500000 0.000577
933.500000 0.000420
934.500000 0.000210
935.500000 0.000157
936.500000 0.000315
937.500000 0.000262
938.500000 0.000157
939.500000 0.000472
940.500000 0.000315
941.500000 0.000367
942.500000 0.000367
943.500000 0.000315
944.500000 0.000472
945.500000 0.000262
946.500000 0.000420
947.500000 0.000682
948.500000 0.000262
949.500000 0.000472
950.500000 0.000420
951.500000 0.000367
952.500000 0.000157
953.500000 0.000157
954.500000 0.000472
955.500000 0.000315
956.500000 0.000210
957.500000 0.000472
958.500000 0.000262
959.500000 0.000367
960.500000 0.000367
961.500000 0.000262
962.500000 0.000262
963.500000 0.000210
964.500000 0.000157
965.500000 0.000157
966.500000 0.000472
967.500000 0.000105
968.500000 0.000367
969.500000 0.000367
970.500000 0.000157
971.500000 0.000262
972.500000 0.000157
973.500000 0.000157
974.500000 0.000210
975.500000 0.000315
976.500000 0.000157
977.500000 0.000315
978.500000 0.000367
979.500000 0.000210
980.500000 0.000262
981.500000 0.000210
982.500000 0.000315
983.500000 0.000157
984.500000 0.000367
985.500000 0.000105
986.500000 0.000210
987.500000 0.000262
988.500000 0.000472
989.500000 0.000105
990.500000 0.000420
991.500000 0.000315
992.500000 0.000157
993.500000 0.000210
994.500000 0.000157
995.500000 0.000262
996.500000 0.000052
997.500000 0.000157
998.500000 0.000262
999.500000 0.000262
1000.500000 0.000262
1001.500000 0.000157
1002.500000 0.000052
1003.500000 0.000262
1004.500000 0.000105
1005.500000 0.000052
1006.500000 0.000157
1007.500000 0.000105
1008.500000 0.000052
1009.500000 0.000052
1010.500000 0.000052
1011.500000 0.000052
1012.500000 0.000210
1013.500000 0.000105
1014.500000 0.000210
1015.500000 0.000157
1016.500000 0.000105
1017.500000 0.000105
1018.500000 0.000210
1019.500000 0.000262
1020.500000 0.000052
1021.500000 0.000210
1022.500000 0.000105
1023.500000 0.000105
1024.500000 0.000000
1025.500000 0.000000
1026.500000 0.000105
1027.500000 0.000000
1028.500000 0.000210
1029.500000 0.000210
1030.500000 0.000052
1031.500000 0.000052
1032.500000 0.000052
1033.500000 0.000210
1034.500000 0.000052
1035.500000 0.000052
1036.500000 0.000052
1037.500000 0.000262
1038.500000 0.000157
1039.500000 0.000052
1040.500000 0.000052
1041.500000 0.000157
1042.500000 0.000000
1043.500000 0.000210
1044.500000 0.000157
1045.500000 0.000105
1046.500000 0.000052
1047.500000 0.000210
1048.500000 0.000105
1049.500000 0.000157
1050.500000 0.000052
1051.500000 0.000210
1052.500000 0.000105
1053.500000 0.000262
1054.500000 0.000157
1055.500000 0.000105
1056.500000 0.000210
1057.500000 0.000210
1058.500000 0.000157
1059.500000 0.000052
1060.500000 0.000262
1061.500000 0.000105
1062.500000 0.000262
1063.500000 0.000052
1064.500000 0.000367
1065.500000 0.000315
1066.500000 0.000210
1067.500000 0.000367
1068.500000 0.000157
1069.500000 0.000315
1070.500000 0.000315
1071.500000 0.000420
1072.500000 0.000367
1073.500000 0.000315
1074.500000 0.000157
1075.500000 0.000315
1076.500000 0.000210
1077.500000 0.000577
1078.500000 0.000525
1079.500000 0.000735
1080.500000 0.000682
1081.500000 0.000630
1082.500000 0.000367
1083.500000 0.000420
1084.500000 0.000420
1085.500000 0.000630
1086.500000 0.000577
1087.500000 0.000840
1088.500000 0.000735
1089.500000 0.000682
1090.500000 0.001994
1091.500000 0.002309
1092.500000 0.001574
1093.500000 0.002519
1094.500000 0.002256
1095.500000 0.003831
1096.500000 0.003778
1097.500000 0.004303
1098.500000 0.003883
1099.500000 0.003568
1100.500000 0.002834
1101.500000 0.003988
1102.500000 0.003201
1103.500000 0.004408
1104.500000 0.003148
1105.500000 0.004041
1106.500000 0.004250
1107.500000 0.003673
1108.500000 0.002886
1109.500000 0.003778
1110.500000 0.002886
1111.500000 0.003306
1112.500000 0.003306
1113.500000 0.001732
1114.500000 0.001837
1115.500000 0.001994
1116.500000 0.001994
1117.500000 0.001784
1118.500000 0.001522
1119.500000 0.001207
1120.500000 0.001259
1121.500000 0.001364
1122.500000 0.000682
1123.500000 0.000630
1124.500000 0.000892
1125.500000 0.000787
1126.500000 0.001154
1127.500000 0.000840
1128.500000 0.000630
1129.500000 0.000787
1130.500000 0.000735
1131.500000 0.000945
1132.500000 0.001154
1133.500000 0.000735
1134.500000 0.000735
1135.500000 0.000420
1136.500000 0.000945
1137.500000 0.000787
1138.500000 0.000840
1139.500000 0.000630
1140.500000 0.000945
1141.500000 0.000840
1142.500000 0.000997
1143.500000 0.000787
1144.500000 0.001049
1145.500000 0.001207
1146.500000 0.000892
1147.500000 0.001102
1148.500000 0.001154
1149.500000 0.001049
1150.500000 0.001207
1151.500000 0.001102
1152.500000 0.001259
1153.500000 0.001312
1154.500000 0.001364
1155.500000 0.001259
1156.500000 0.001102
1157.500000 0.000787
1158.500000 0.000892
1159.500000 0.001312
1160.500000 0.001312
1161.500000 0.000997
1162.500000 0.001102
1163.500000 0.001312
1164.500000 0.001102
1165.500000 0.001259
1166.500000 0.001102
1167.500000 0.001049
1168.500000 0.000420
1169.500000 0.000787
1170.500000 0.001102
1171.500000 0.001574
1172.500000 0.001469
1173.500000 0.001837
1174.500000 0.001154
1175.500000 0.001154
1176.500000 0.001417
1177.500000 0.001364
1178.500000 0.001889
1179.500000 0.001417
1180.500000 0.001837
1181.500000 0.001889
1182.500000 0.001994
1183.500000 0.001889
1184.500000 0.002466
1185.500000 0.002256
1186.500000 0.002046
1187.500000 0.001732
1188.500000 0.002046
1189.500000 0.002309
1190.500000 0.002624
1191.500000 0.003411
1192.500000 0.003411
1193.500000 0.004250
1194.500000 0.005562
1195.500000 0.006192
1196.500000 0.005772
1197.500000 0.005772
1198.500000 0.007346
1199.500000 0.006507
