0.500000 0.002809
1.500000 0.003157
2.500000 0.003330
3.500000 0.002491
4.500000 0.002722
5.500000 0.002606
6.500000 0.002635
7.500000 0.003157
8.500000 0.003099
9.500000 0.003099
10.500000 0.003186
11.500000 0.003012
12.500000 0.002664
13.500000 0.002056
14.500000 0.002230
15.500000 0.002519
16.500000 0.002433
17.500000 0.002259
18.500000 0.002404
19.500000 0.002056
20.500000 0.002056
21.500000 0.001795
22.500000 0.002085
23.500000 0.001651
24.500000 0.001882
25.500000 0.001940
26.500000 0.001593
27.500000 0.001564
28.500000 0.001303
29.500000 0.001303
30.500000 0.001882
31.500000 0.001564
32.500000 0.001072
33.500000 0.001216
34.500000 0.000695
35.500000 0.001014
36.500000 0.000579
37.500000 0.000898
38.500000 0.000666
39.500000 0.000782
40.500000 0.000695
41.500000 0.000666
42.500000 0.000348
43.500000 0.000521
44.500000 0.000608
45.500000 0.000319
46.500000 0.000463
47.500000 0.000319
48.500000 0.000290
49.500000 0.000434
50.500000 0.000203
51.500000 0.000434
52.500000 0.000290
53.500000 0.000319
54.500000 0.000145
55.500000 0.000203
56.500000 0.000174
57.500000 0.000348
58.500000 0.000232
59.500000 0.000145
60.500000 0.000290
61.500000 0.000319
62.500000 0.000029
63.500000 0.000174
64.500000 0.000261
65.500000 0.000290
66.500000 0.000348
67.500000 0.000174
68.500000 0.000174
69.500000 0.000174
70.500000 0.000261
71.500000 0.000290
72.500000 0.000174
73.500000 0.000434
74.500000 0.000232
75.500000 0.000261
76.500000 0.000319
77.500000 0.000290
78.500000 0.000405
79.500000 0.000290
80.500000 0.000261
81.500000 0.000203
82.500000 0.000261
83.500000 0.000405
84.500000 0.000174
85.500000 0.000261
86.500000 0.000261
87.500000 0.000290
88.500000 0.000145
89.500000 0.000261
90.500000 0.000405
91.500000 0.000261
92.500000 0.000203
93.500000 0.000261
94.500000 0.000058
95.500000 0.000203
96.500000 0.000145
97.500000 0.000290
98.500000 0.000203
99.500000 0.000174
100.500000 0.000203
101.500000 0.000232
102.500000 0.000232
103.500000 0.000261
104.500000 0.000434
105.500000 0.000319
106.500000 0.000174
107.500000 0.000203
108.500000 0.000145
109.500000 0.000145
110.500000 0.000174
111.500000 0.000261
112.500000 0.000376
113.500000 0.000174
114.500000 0.000261
115.500000 0.000290
116.500000 0.000290
117.500000 0.000348
118.500000 0.000261
119.500000 0.000261
120.500000 0.000319
121.500000 0.000203
122.500000 0.000405
123.500000 0.000087
124.500000 0.000290
125.500000 0.000174
126.500000 0.000203
127.500000 0.000348
128.500000 0.000348
129.500000 0.000492
130.500000 0.000405
131.500000 0.000261
132.500000 0.000290
133.500000 0.000319
134.500000 0.000492
135.500000 0.000261
136.500000 0.000319
137.500000 0.000348
138.500000 0.000405
139.500000 0.000232
140.500000 0.000348
141.500000 0.000261
142.500000 0.000405
143.500000 0.000232
144.500000 0.000492
145.500000 0.000434
146.500000 0.000463
147.500000 0.000348
148.500000 0.000724
149.500000 0.000521
150.500000 0.000521
151.500000 0.000319
152.500000 0.000405
153.500000 0.000434
154.500000 0.000608
155.500000 0.000579
156.500000 0.000376
157.500000 0.000434
158.500000 0.000579
159.500000 0.000319
160.500000 0.000434
161.500000 0.000405
162.500000 0.000753
163.500000 0.000724
164.500000 0.000666
165.500000 0.000521
166.500000 0.000666
167.500000 0.000463
168.500000 0.000405
169.500000 0.000579
170.500000 0.000666
171.500000 0.000666
172.500000 0.000550
173.500000 0.000666
174.500000 0.001043
175.500000 0.000927
176.500000 0.000927
177.500000 0.001274
178.500000 0.000985
179.500000 0.001100
180.500000 0.001043
181.500000 0.001245
182.500000 0.001216
183.500000 0.001158
184.500000 0.001158
185.500000 0.001014
186.500000 0.001448
187.500000 0.001448
188.500000 0.001129
189.500000 0.001129
190.500000 0.001622
191.500000 0.001680
192.500000 0.001680
193.500000 0.001940
194.500000 0.001651
195.500000 0.001535
196.500000 0.001824
197.500000 0.002259
198.500000 0.002433
199.500000 0.002027
200.500000 0.002056
201.500000 0.002172
202.500000 0.002404
203.500000 0.002491
204.500000 0.002201
205.500000 0.002722
206.500000 0.002201
207.500000 0.002346
208.500000 0.002404
209.500000 0.002085
210.500000 0.001998
211.500000 0.002606
212.500000 0.002230
213.500000 0.001998
214.500000 0.001969
215.500000 0.001680
216.500000 0.001709
217.500000 0.001824
218.500000 0.001824
219.500000 0.002433
220.500000 0.001911
221.500000 0.001448
222.500000 0.002143
223.500000 0.001593
224.500000 0.001332
225.500000 0.001274
226.500000 0.001072
227.500000 0.001245
228.500000 0.001506
229.500000 0.001419
230.500000 0.000753
231.500000 0.001332
232.500000 0.001477
233.500000 0.001216
234.500000 0.001216
235.500000 0.000869
236.500000 0.001100
237.500000 0.001245
238.500000 0.000869
239.500000 0.000753
240.500000 0.000927
241.500000 0.000608
242.500000 0.001014
243.500000 0.000840
244.500000 0.000724
245.500000 0.000550
246.500000 0.000492
247.500000 0.000666
248.500000 0.000492
249.500000 0.000492
250.500000 0.000405
251.500000 0.000811
252.500000 0.000637
253.500000 0.000463
254.500000 0.000348
255.500000 0.000290
256.500000 0.000666
257.500000 0.000405
258.500000 0.000492
259.500000 0.000376
260.500000 0.000405
261.500000 0.000521
262.500000 0.000579
263.500000 0.000492
264.500000 0.000174
265.500000 0.000376
266.500000 0.000463
267.500000 0.000203
268.500000 0.000348
269.500000 0.000434
270.500000 0.000376
271.500000 0.000348
272.500000 0.000290
273.500000 0.000434
274.500000 0.000290
275.500000 0.000232
276.500000 0.000319
277.500000 0.000261
278.500000 0.000261
279.500000 0.000492
280.500000 0.000463
281.500000 0.000319
282.500000 0.000261
283.500000 0.000348
284.500000 0.000261
285.500000 0.000319
286.500000 0.000348
287.500000 0.000348
288.500000 0.000290
289.500000 0.000405
290.500000 0.000434
291.500000 0.000521
292.500000 0.000290
293.500000 0.000608
294.500000 0.000261
295.500000 0.000376
296.500000 0.000348
297.500000 0.000290
298.500000 0.000492
299.500000 0.000319
300.500000 0.000261
301.500000 0.000319
302.500000 0.000348
303.500000 0.000637
304.500000 0.000319
305.500000 0.000232
306.500000 0.000261
307.500000 0.000521
308.500000 0.000434
309.500000 0.000319
310.500000 0.000405
311.500000 0.000405
312.500000 0.000290
313.500000 0.000405
314.500000 0.000695
315.500000 0.000261
316.500000 0.000434
317.500000 0.000319
318.500000 0.000463
319.500000 0.000319
320.500000 0.000203
321.500000 0.000405
322.500000 0.000290
323.500000 0.000232
324.500000 0.000405
325.500000 0.000376
326.500000 0.000550
327.500000 0.000405
328.500000 0.000463
329.500000 0.000550
330.500000 0.000376
331.500000 0.000376
332.500000 0.000434
333.500000 0.000348
334.500000 0.000463
335.500000 0.000203
336.500000 0.000434
337.500000 0.000376
338.500000 0.000637
339.500000 0.000579
340.500000 0.000405
341.500000 0.000434
342.500000 0.000405
343.500000 0.000492
344.500000 0.000463
345.500000 0.000521
346.500000 0.000724
347.500000 0.000521
348.500000 0.000492
349.500000 0.000608
350.500000 0.000521
351.500000 0.000521
352.500000 0.000637
353.500000 0.000550
354.500000 0.000521
355.500000 0.000666
356.500000 0.000608
357.500000 0.000637
358.500000 0.000753
359.500000 0.000898
360.500000 0.000666
361.500000 0.000811
362.500000 0.000869
363.500000 0.001043
364.500000 0.000521
365.500000 0.000724
366.500000 0.000695
367.500000 0.000985
368.500000 0.001245
369.500000 0.001564
370.500000 0.001332
371.500000 0.001767
372.500000 0.001882
373.500000 0.001622
374.500000 0.001535
375.500000 0.002375
376.500000 0.002027
377.500000 0.002027
378.500000 0.002317
379.500000 0.002577
380.500000 0.001969
381.500000 0.002722
382.500000 0.002462
383.500000 0.002664
384.500000 0.002838
385.500000 0.003417
386.500000 0.003243
387.500000 0.004315
388.500000 0.004025
389.500000 0.004547
390.500000 0.003794
391.500000 0.003823
392.500000 0.003504
393.500000 0.003707
394.500000 0.003504
395.500000 0.003128
396.500000 0.002664
397.500000 0.002722
398.500000 0.003475
399.500000 0.002519
400.500000 0.002838
401.500000 0.002577
402.500000 0.002896
403.500000 0.002317
404.500000 0.002664
405.500000 0.002519
406.500000 0.002056
407.500000 0.002143
408.500000 0.001767
409.500000 0.002114
410.500000 0.001795
411.500000 0.001940
412.500000 0.001998
413.500000 0.001853
414.500000 0.001738
415.500000 0.001709
416.500000 0.001795
417.500000 0.001651
418.500000 0.001448
419.500000 0.001564
420.500000 0.001448
421.500000 0.001332
422.500000 0.001477
423.500000 0.001738
424.500000 0.001622
425.500000 0.001506
426.500000 0.001709
427.500000 0.001448
428.500000 0.001332
429.500000 0.001477
430.500000 0.001332
431.500000 0.000985
432.500000 0.001390
433.500000 0.001245
434.500000 0.000898
435.500000 0.000724
436.500000 0.000811
437.500000 0.000753
438.500000 0.000811
439.500000 0.000927
440.500000 0.000840
441.500000 0.000811
442.500000 0.000666
443.500000 0.000550
444.500000 0.000869
445.500000 0.000521
446.500000 0.000521
447.500000 0.000521
448.500000 0.000782
449.500000 0.000492
450.500000 0.000637
451.500000 0.000637
452.500000 0.000782
453.500000 0.000724
454.500000 0.000434
455.500000 0.000550
456.500000 0.000550
457.500000 0.000319
458.500000 0.000434
459.500000 0.000550
460.500000 0.000521
461.500000 0.000434
462.500000 0.000492
463.500000 0.000550
464.500000 0.000463
465.500000 0.000405
466.500000 0.000695
467.500000 0.000492
468.500000 0.000463
469.500000 0.000203
470.500000 0.000550
471.500000 0.000319
472.500000 0.000434
473.500000 0.000348
474.500000 0.000550
475.500000 0.000290
476.500000 0.000319
477.500000 0.000319
478.500000 0.000608
479.500000 0.000290
480.500000 0.000376
481.500000 0.000261
482.500000 0.000203
483.500000 0.000348
484.500000 0.000174
485.500000 0.000376
486.500000 0.000232
487.500000 0.000492
488.500000 0.000463
489.500000 0.000348
490.500000 0.000405
491.500000 0.000261
492.500000 0.000261
493.500000 0.000116
494.500000 0.000376
495.500000 0.000261
496.500000 0.000261
497.500000 0.000348
498.500000 0.000405
499.500000 0.000203
500.500000 0.000463
501.500000 0.000116
502.500000 0.000376
503.500000 0.000261
504.500000 0.000232
505.500000 0.000348
506.500000 0.000116
507.500000 0.000174
508.500000 0.000405
509.500000 0.000319
510.500000 0.000261
511.500000 0.000232
512.500000 0.000145
513.500000 0.000174
514.500000 0.000319
515.500000 0.000145
516.500000 0.000290
517.500000 0.000319
518.500000 0.000261
519.500000 0.000290
520.500000 0.000203
521.500000 0.000290
522.500000 0.000261
523.500000 0.000319
524.500000 0.000232
525.500000 0.000463
526.500000 0.000319
527.500000 0.000174
528.500000 0.000319
529.500000 0.000290
530.500000 0.000232
531.500000 0.000087
532.500000 0.000463
533.500000 0.000319
534.500000 0.000145
535.500000 0.000319
536.500000 0.000348
537.500000 0.000232
538.500000 0.000203
539.500000 0.000521
540.500000 0.000492
541.500000 0.000145
542.500000 0.000376
543.500000 0.000348
544.500000 0.000492
545.500000 0.000492
546.500000 0.000319
547.500000 0.000290
548.500000 0.000405
549.500000 0.000290
550.500000 0.000405
551.500000 0.000261
552.500000 0.000492
553.500000 0.000434
554.500000 0.000550
555.500000 0.000348
556.500000 0.000753
557.500000 0.000492
558.500000 0.000348
559.500000 0.000608
560.500000 0.000434
561.500000 0.000695
562.500000 0.000405
563.500000 0.000724
564.500000 0.000434
565.500000 0.000695
566.500000 0.000579
567.500000 0.000492
568.500000 0.000405
569.500000 0.000695
570.500000 0.000666
571.500000 0.000637
572.500000 0.000695
573.500000 0.000869
574.500000 0.000666
575.500000 0.000898
576.500000 0.000724
577.500000 0.000521
578.500000 0.001014
579.500000 0.000608
580.500000 0.000405
581.500000 0.000782
582.500000 0.000811
583.500000 0.000898
584.500000 0.000724
585.500000 0.000782
586.500000 0.000869
587.500000 0.001014
588.500000 0.001043
589.500000 0.000666
590.500000 0.000869
591.500000 0.000695
592.500000 0.001072
593.500000 0.000927
594.500000 0.000695
595.500000 0.001129
596.500000 0.001100
597.500000 0.001187
598.500000 0.001100
599.500000 0.000927
600.500000 0.001187
601.500000 0.000956
602.500000 0.000724
603.500000 0.000985
604.500000 0.000840
605.500000 0.001332
606.500000 0.001043
607.500000 0.001245
608.500000 0.001216
609.500000 0.001361
610.500000 0.000898
611.500000 0.001332
612.500000 0.001072
613.500000 0.000782
614.500000 0.000753
615.500000 0.001129
616.500000 0.001448
617.500000 0.000927
618.500000 0.000985
619.500000 0.000724
620.500000 0.000869
621.500000 0.000927
622.500000 0.000724
623.500000 0.000753
624.500000 0.000985
625.500000 0.000869
626.500000 0.000840
627.500000 0.000840
628.500000 0.001043
629.500000 0.000927
630.500000 0.000579
631.500000 0.000695
632.500000 0.000811
633.500000 0.000695
634.500000 0.000811
635.500000 0.000782
636.500000 0.000782
637.500000 0.000782
638.500000 0.000869
639.500000 0.001014
640.500000 0.000927
641.500000 0.000695
642.500000 0.000753
643.500000 0.000811
644.500000 0.001158
645.500000 0.000811
646.500000 0.001390
647.500000 0.000898
648.500000 0.001129
649.500000 0.000695
650.500000 0.001072
651.500000 0.000724
652.500000 0.001014
653.500000 0.001072
654.500000 0.000985
655.500000 0.000927
656.500000 0.001332
657.500000 0.001072
658.500000 0.000927
659.500000 0.001014
660.500000 0.000782
661.500000 0.000811
662.500000 0.001014
663.500000 0.000753
664.500000 0.000985
665.500000 0.000782
666.500000 0.000753
667.500000 0.000956
668.500000 0.000956
669.500000 0.001014
670.500000 0.000869
671.500000 0.000985
672.500000 0.000985
673.500000 0.000985
674.500000 0.001014
675.500000 0.001100
676.500000 0.001216
677.500000 0.000869
678.500000 0.001245
679.500000 0.001158
680.500000 0.001014
681.500000 0.000840
682.500000 0.000840
683.500000 0.000956
684.500000 0.001129
685.500000 0.000985
686.500000 0.001043
687.500000 0.000724
688.500000 0.001187
689.500000 0.001303
690.500000 0.001100
691.500000 0.000956
692.500000 0.001158
693.500000 0.001158
694.500000 0.001332
695.500000 0.001216
696.500000 0.001390
697.500000 0.001361
698.500000 0.001100
699.500000 0.000782
700.500000 0.001014
701.500000 0.000666
702.500000 0.001100
703.500000 0.000840
704.500000 0.001072
705.500000 0.000956
706.500000 0.000898
707.500000 0.000782
708.500000 0.000782
709.500000 0.000695
710.500000 0.000898
711.500000 0.000724
712.500000 0.000753
713.500000 0.000985
714.500000 0.000637
715.500000 0.000695
716.500000 0.000666
717.500000 0.000956
718.500000 0.000840
719.500000 0.000724
720.500000 0.001043
721.500000 0.000724
722.500000 0.000840
723.500000 0.001129
724.500000 0.000608
725.500000 0.000840
726.500000 0.000579
727.500000 0.000811
728.500000 0.000840
729.500000 0.000492
730.500000 0.000434
731.500000 0.000492
732.500000 0.000463
733.500000 0.000376
734.500000 0.000434
735.500000 0.000550
736.500000 0.000290
737.500000 0.000405
738.500000 0.000434
739.500000 0.000840
740.500000 0.000348
741.500000 0.000319
742.500000 0.000348
743.500000 0.000232
744.500000 0.000405
745.500000 0.000261
746.500000 0.000376
747.500000 0.000203
748.500000 0.000290
749.500000 0.000319
750.500000 0.000232
751.500000 0.000434
752.500000 0.000261
753.500000 0.000203
754.500000 0.000203
755.500000 0.000232
756.500000 0.000232
757.500000 0.000174
758.500000 0.000319
759.500000 0.000348
760.500000 0.000319
761.500000 0.000145
762.500000 0.000434
763.500000 0.000290
764.500000 0.000174
765.500000 0.000290
766.500000 0.000319
767.500000 0.000232
768.500000 0.000319
769.500000 0.000290
770.500000 0.000261
771.500000 0.000232
772.500000 0.000261
773.500000 0.000174
774.500000 0.000463
775.500000 0.000290
776.500000 0.000319
777.500000 0.000319
778.500000 0.000232
779.500000 0.000203
780.500000 0.000174
781.500000 0.000203
782.500000 0.000261
783.500000 0.000290
784.500000 0.000145
785.500000 0.000376
786.500000 0.000319
787.500000 0.000232
788.500000 0.000376
789.500000 0.000116
790.500000 0.000376
791.500000 0.000261
792.500000 0.000203
793.500000 0.000203
794.500000 0.000174
795.500000 0.000145
796.500000 0.000116
797.500000 0.000376
798.500000 0.000116
799.500000 0.000319
800.500000 0.000261
801.500000 0.000319
802.500000 0.000174
803.500000 0.000174
804.500000 0.000290
805.500000 0.000348
806.500000 0.000203
807.500000 0.000058
808.500000 0.000261
809.500000 0.000232
810.500000 0.000116
811.500000 0.000145
812.500000 0.000319
813.500000 0.000174
814.500000 0.000203
815.500000 0.000348
816.500000 0.000232
817.500000 0.000203
818.500000 0.000174
819.500000 0.000145
820.500000 0.000174
821.500000 0.000174
822.500000 0.000261
823.500000 0.000376
824.500000 0.000058
825.500000 0.000348
826.500000 0.000174
827.500000 0.000116
828.500000 0.000290
829.500000 0.000376
830.500000 0.000203
831.500000 0.000348
832.500000 0.000116
833.500000 0.000203
834.500000 0.000319
835.500000 0.000376
836.500000 0.000203
837.500000 0.000290
838.500000 0.000405
839.500000 0.000232
840.500000 0.000579
841.500000 0.000319
842.500000 0.000145
843.500000 0.000261
844.500000 0.000232
845.500000 0.000434
846.500000 0.000145
847.500000 0.000203
848.500000 0.000290
849.500000 0.000203
850.500000 0.000145
851.500000 0.000463
852.500000 0.000434
853.500000 0.000174
854.500000 0.000319
855.500000 0.000319
856.500000 0.000463
857.500000 0.000232
858.500000 0.000261
859.500000 0.000348
860.500000 0.000319
861.500000 0.000290
862.500000 0.000434
863.500000 0.000608
864.500000 0.000405
865.500000 0.000348
866.500000 0.000492
867.500000 0.000405
868.500000 0.000492
869.500000 0.000405
870.500000 0.000463
871.500000 0.000405
872.500000 0.000261
873.500000 0.000434
874.500000 0.000550
875.500000 0.000579
876.500000 0.000637
877.500000 0.000492
878.500000 0.000521
879.500000 0.000608
880.500000 0.000463
881.500000 0.000666
882.500000 0.000492
883.500000 0.000550
884.500000 0.000463
885.500000 0.000434
886.500000 0.000608
887.500000 0.000637
888.500000 0.000724
889.500000 0.000608
890.500000 0.000666
891.500000 0.000811
892.500000 0.000637
893.500000 0.000521
894.500000 0.000724
895.500000 0.001072
896.500000 0.000695
897.500000 0.001014
898.500000 0.000869
899.500000 0.001129
900.500000 0.000724
901.500000 0.001129
902.500000 0.001100
903.500000 0.000840
904.500000 0.000753
905.500000 0.000782
906.500000 0.000927
907.500000 0.000695
908.500000 0.000782
909.500000 0.000463
910.500000 0.000869
911.500000 0.000811
912.500000 0.001014
913.500000 0.000695
914.500000 0.000637
915.500000 0.000753
916.500000 0.000811
917.500000 0.000782
918.500000 0.001187
919.500000 0.000695
920.500000 0.000724
921.500000 0.000898
922.500000 0.000927
923.500000 0.000550
924.500000 0.000637
925.500000 0.000782
926.500000 0.000811
927.500000 0.000463
928.500000 0.000695
929.500000 0.000753
930.500000 0.000637
931.500000 0.000463
932.500000 0.000550
933.500000 0.000637
934.500000 0.000405
935.500000 0.000492
936.500000 0.000463
937.500000 0.000608
938.500000 0.000753
939.500000 0.000753
940.500000 0.000521
941.500000 0.000637
942.500000 0.000492
943.500000 0.000405
944.500000 0.000521
945.500000 0.000463
946.500000 0.000521
947.500000 0.000376
948.500000 0.000405
949.500000 0.000637
950.500000 0.000666
951.500000 0.000550
952.500000 0.000434
953.500000 0.000376
954.500000 0.000666
955.500000 0.000550
956.500000 0.000724
957.500000 0.000376
958.500000 0.000405
959.500000 0.000463
960.500000 0.000811
961.500000 0.000434
962.500000 0.000434
963.500000 0.000376
964.500000 0.000376
965.500000 0.000376
966.500000 0.000463
967.500000 0.000261
968.500000 0.000463
969.500000 0.000521
970.500000 0.000319
971.500000 0.000550
972.500000 0.000376
973.500000 0.000463
974.500000 0.000261
975.500000 0.000290
976.500000 0.000290
977.500000 0.000405
978.500000 0.000376
979.500000 0.000203
980.500000 0.000290
981.500000 0.000261
982.500000 0.000434
983.500000 0.000232
984.500000 0.000348
985.500000 0.000405
986.500000 0.000319
987.500000 0.000232
988.500000 0.000463
989.500000 0.000608
990.500000 0.000376
991.500000 0.000232
992.500000 0.000261
993.500000 0.000434
994.500000 0.000348
995.500000 0.000261
996.500000 0.000405
997.500000 0.000348
998.500000 0.000608
999.500000 0.000376
1000.500000 0.000319
1001.500000 0.000232
1002.500000 0.000261
1003.500000 0.000232
1004.500000 0.000348
1005.500000 0.000290
1006.500000 0.000434
1007.500000 0.000405
1008.500000 0.000261
1009.500000 0.000434
1010.500000 0.000203
1011.500000 0.000290
1012.500000 0.000405
1013.500000 0.000434
1014.500000 0.000463
1015.500000 0.000405
1016.500000 0.000348
1017.500000 0.000608
1018.500000 0.000405
1019.500000 0.000550
1020.500000 0.000492
1021.500000 0.000434
1022.500000 0.000550
1023.500000 0.000521
1024.500000 0.000290
1025.500000 0.000463
1026.500000 0.000550
1027.500000 0.000290
1028.500000 0.000434
1029.500000 0.000492
1030.500000 0.000492
1031.500000 0.000290
1032.500000 0.000261
1033.500000 0.000290
1034.500000 0.000376
1035.500000 0.000463
1036.500000 0.000319
1037.500000 0.000637
1038.500000 0.000405
1039.500000 0.000753
1040.500000 0.000348
1041.500000 0.000376
1042.500000 0.000376
1043.500000 0.000666
1044.500000 0.000463
1045.500000 0.000376
1046.500000 0.000550
1047.500000 0.000695
1048.500000 0.000376
1049.500000 0.000550
1050.500000 0.000695
1051.500000 0.000521
1052.500000 0.000550
1053.500000 0.000666
1054.500000 0.000695
1055.500000 0.000579
1056.500000 0.000666
1057.500000 0.000463
1058.500000 0.000782
1059.500000 0.000550
1060.500000 0.000376
1061.500000 0.000492
1062.500000 0.000405
1063.500000 0.000290
1064.500000 0.000637
1065.500000 0.000898
1066.500000 0.000579
1067.500000 0.000869
1068.500000 0.000869
1069.500000 0.000695
1070.500000 0.000840
1071.500000 0.000724
1072.500000 0.000898
1073.500000 0.000840
1074.500000 0.000840
1075.500000 0.000782
1076.500000 0.000985
1077.500000 0.001129
1078.500000 0.001158
1079.500000 0.001506
1080.500000 0.000985
1081.500000 0.001129
1082.500000 0.001767
1083.500000 0.001014
1084.500000 0.001361
1085.500000 0.001448
1086.500000 0.001361
1087.500000 0.001216
1088.500000 0.001187
1089.500000 0.001245
1090.500000 0.000927
1091.500000 0.001100
1092.500000 0.001506
1093.500000 0.001100
1094.500000 0.001303
1095.500000 0.001709
1096.500000 0.001680
1097.500000 0.001767
1098.500000 0.001680
1099.500000 0.001824
1100.500000 0.001824
1101.500000 0.001882
1102.500000 0.001824
1103.500000 0.001767
1104.500000 0.001969
1105.500000 0.001593
1106.500000 0.001738
1107.500000 0.002809
1108.500000 0.002259
1109.500000 0.002548
1110.500000 0.002143
1111.500000 0.001969
1112.500000 0.002288
1113.500000 0.001911
1114.500000 0.002259
1115.500000 0.002259
1116.500000 0.002346
1117.500000 0.002664
1118.500000 0.001969
1119.500000 0.001419
1120.500000 0.001506
1121.500000 0.001622
1122.500000 0.001940
1123.500000 0.002288
1124.500000 0.001767
1125.500000 0.001795
1126.500000 0.001709
1127.500000 0.001680
1128.500000 0.001795
1129.500000 0.001622
1130.500000 0.001738
1131.500000 0.001332
1132.500000 0.001680
1133.500000 0.001100
1134.500000 0.001245
1135.500000 0.001187
1136.500000 0.001390
1137.500000 0.001129
1138.500000 0.001158
1139.500000 0.001100
1140.500000 0.001593
1141.500000 0.001274
1142.500000 0.001390
1143.500000 0.000956
1144.500000 0.001361
1145.500000 0.001129
1146.500000 0.001129
1147.500000 0.001419
1148.500000 0.001245
1149.500000 0.001014
1150.500000 0.001216
1151.500000 0.001245
1152.500000 0.001245
1153.500000 0.001187
1154.500000 0.001274
1155.500000 0.001882
1156.500000 0.001593
1157.500000 0.001303
1158.500000 0.001216
1159.500000 0.001129
1160.500000 0.001129
1161.500000 0.001043
1162.500000 0.001274
1163.500000 0.001564
1164.500000 0.001477
1165.500000 0.001043
1166.500000 0.001014
1167.500000 0.000840
1168.500000 0.001477
1169.500000 0.001072
1170.500000 0.001072
1171.500000 0.001274
1172.500000 0.001477
1173.500000 0.001274
1174.500000 0.001332
1175.500000 0.001709
1176.500000 0.001245
1177.500000 0.001853
1178.500000 0.001506
1179.500000 0.001998
1180.500000 0.001622
1181.500000 0.001911
1182.500000 0.001564
1183.500000 0.001911
1184.500000 0.001911
1185.500000 0.002172
1186.500000 0.002346
1187.500000 0.001940
1188.500000 0.001969
1189.500000 0.001564
1190.500000 0.002172
1191.500000 0.001969
1192.500000 0.003128
1193.500000 0.002346
1194.500000 0.002635
1195.500000 0.002780
1196.500000 0.003301
1197.500000 0.003215
1198.500000 0.002635
1199.500000 0.002519
