0.000000 0.001412
1.000834 0.001556
2.001668 0.001695
3.002502 0.001827
4.003336 0.001949
5.004170 0.002059
6.005004 0.002155
7.005838 0.002236
8.006672 0.002301
9.007506 0.002350
10.008340 0.002383
11.009174 0.002401
12.010008 0.002404
13.010842 0.002395
14.011676 0.002374
15.012510 0.002343
16.013344 0.002304
17.014178 0.002257
18.015013 0.002205
19.015847 0.002148
20.016681 0.002088
21.017515 0.002024
22.018349 0.001959
23.019183 0.001891
24.020017 0.001823
25.020851 0.001753
26.021685 0.001683
27.022519 0.001613
28.023353 0.001542
29.024187 0.001471
30.025021 0.001400
31.025855 0.001330
32.026689 0.001261
33.027523 0.001192
34.028357 0.001125
35.029191 0.001059
36.030025 0.000995
37.030859 0.000934
38.031693 0.000874
39.032527 0.000818
40.033361 0.000764
41.034195 0.000713
42.035029 0.000665
43.035863 0.000621
44.036697 0.000579
45.037531 0.000540
46.038365 0.000505
47.039199 0.000472
48.040033 0.000442
49.040867 0.000414
50.041701 0.000390
51.042535 0.000367
52.043369 0.000347
53.044204 0.000329
54.045038 0.000313
55.045872 0.000299
56.046706 0.000287
57.047540 0.000277
58.048374 0.000268
59.049208 0.000261
60.050042 0.000256
61.050876 0.000251
62.051710 0.000248
63.052544 0.000246
64.053378 0.000245
65.054212 0.000245
66.055046 0.000245
67.055880 0.000247
68.056714 0.000249
69.057548 0.000251
70.058382 0.000253
71.059216 0.000256
72.060050 0.000259
73.060884 0.000261
74.061718 0.000264
75.062552 0.000266
76.063386 0.000267
77.064220 0.000269
78.065054 0.000270
79.065888 0.000270
80.066722 0.000269
81.067556 0.000269
82.068390 0.000267
83.069224 0.000266
84.070058 0.000263
85.070892 0.000261
86.071726 0.000258
87.072560 0.000255
88.073394 0.000252
89.074229 0.000249
90.075063 0.000246
91.075897 0.000243
92.076731 0.000240
93.077565 0.000237
94.078399 0.000235
95.079233 0.000234
96.080067 0.000232
97.080901 0.000231
98.081735 0.000231
99.082569 0.000231
100.083403 0.000231
101.084237 0.000232
102.085071 0.000233
103.085905 0.000234
104.086739 0.000235
105.087573 0.000237
106.088407 0.000238
107.089241 0.000240
108.090075 0.000242
109.090909 0.000245
110.091743 0.000247
111.092577 0.000249
112.093411 0.000252
113.094245 0.000254
114.095079 0.000257
115.095913 0.000259
116.096747 0.000262
117.097581 0.000265
118.098415 0.000268
119.099249 0.000271
120.100083 0.000274
121.100917 0.000277
122.101751 0.000281
123.102585 0.000285
124.103420 0.000289
125.104254 0.000293
126.105088 0.000297
127.105922 0.000301
128.106756 0.000306
129.107590 0.000311
130.108424 0.000315
131.109258 0.000320
132.110092 0.000325
133.110926 0.000330
134.111760 0.000335
135.112594 0.000340
136.113428 0.000345
137.114262 0.000351
138.115096 0.000357
139.115930 0.000363
140.116764 0.000370
141.117598 0.000377
142.118432 0.000385
143.119266 0.000392
144.120100 0.000401
145.120934 0.000409
146.121768 0.000417
147.122602 0.000426
148.123436 0.000434
149.124270 0.000442
150.125104 0.000451
151.125938 0.000459
152.126772 0.000466
153.127606 0.000474
154.128440 0.000482
155.129274 0.000490
156.130108 0.000498
157.130942 0.000507
158.131776 0.000516
159.132611 0.000526
160.133445 0.000537
161.134279 0.000549
162.135113 0.000562
163.135947 0.000576
164.136781 0.000592
165.137615 0.000609
166.138449 0.000629
167.139283 0.000650
168.140117 0.000673
169.140951 0.000698
170.141785 0.000725
171.142619 0.000754
172.143453 0.000785
173.144287 0.000818
174.145121 0.000852
175.145955 0.000887
176.146789 0.000924
177.147623 0.000962
178.148457 0.001000
179.149291 0.001039
180.150125 0.001079
181.150959 0.001120
182.151793 0.001161
183.152627 0.001204
184.153461 0.001248
185.154295 0.001293
186.155129 0.001339
187.155963 0.001387
188.156797 0.001436
189.157631 0.001487
190.158465 0.001539
191.159299 0.001592
192.160133 0.001645
193.160967 0.001699
194.161802 0.001752
195.162636 0.001804
196.163470 0.001855
197.164304 0.001903
198.165138 0.001948
199.165972 0.001990
200.166806 0.002027
201.167640 0.002060
202.168474 0.002087
203.169308 0.002109
204.170142 0.002124
205.170976 0.002135
206.171810 0.002139
207.172644 0.002137
208.173478 0.002130
209.174312 0.002118
210.175146 0.002101
211.175980 0.002079
212.176814 0.002053
213.177648 0.002024
214.178482 0.001992
215.179316 0.001956
216.180150 0.001918
217.180984 0.001878
218.181818 0.001836
219.182652 0.001793
220.183486 0.001749
221.184320 0.001703
222.185154 0.001657
223.185988 0.001611
224.186822 0.001564
225.187656 0.001518
226.188490 0.001472
227.189324 0.001427
228.190158 0.001382
229.190992 0.001338
230.191827 0.001295
231.192661 0.001252
232.193495 0.001211
233.194329 0.001170
234.195163 0.001130
235.195997 0.001090
236.196831 0.001051
237.197665 0.001012
238.198499 0.000974
239.199333 0.000936
240.200167 0.000900
241.201001 0.000864
242.201835 0.000829
243.202669 0.000795
244.203503 0.000763
245.204337 0.000732
246.205171 0.000702
247.206005 0.000675
248.206839 0.000649
249.207673 0.000624
250.208507 0.000601
251.209341 0.000580
252.210175 0.000561
253.211009 0.000543
254.211843 0.000526
255.212677 0.000511
256.213511 0.000496
257.214345 0.000483
258.215179 0.000471
259.216013 0.000459
260.216847 0.000448
261.217681 0.000437
262.218515 0.000427
263.219349 0.000417
264.220183 0.000408
265.221018 0.000400
266.221852 0.000392
267.222686 0.000384
268.223520 0.000377
269.224354 0.000371
270.225188 0.000365
271.226022 0.000360
272.226856 0.000355
273.227690 0.000352
274.228524 0.000349
275.229358 0.000346
276.230192 0.000344
277.231026 0.000343
278.231860 0.000343
279.232694 0.000343
280.233528 0.000343
281.234362 0.000344
282.235196 0.000346
283.236030 0.000347
284.236864 0.000350
285.237698 0.000352
286.238532 0.000354
287.239366 0.000357
288.240200 0.000359
289.241034 0.000361
290.241868 0.000363
291.242702 0.000365
292.243536 0.000367
293.244370 0.000368
294.245204 0.000369
295.246038 0.000370
296.246872 0.000371
297.247706 0.000372
298.248540 0.000372
299.249374 0.000372
300.250209 0.000373
301.251043 0.000373
302.251877 0.000374
303.252711 0.000375
304.253545 0.000375
305.254379 0.000376
306.255213 0.000377
307.256047 0.000378
308.256881 0.000379
309.257715 0.000379
310.258549 0.000380
311.259383 0.000380
312.260217 0.000381
313.261051 0.000381
314.261885 0.000381
315.262719 0.000381
316.263553 0.000381
317.264387 0.000381
318.265221 0.000381
319.266055 0.000382
320.266889 0.000382
321.267723 0.000384
322.268557 0.000385
323.269391 0.000388
324.270225 0.000390
325.271059 0.000393
326.271893 0.000396
327.272727 0.000400
328.273561 0.000404
329.274395 0.000408
330.275229 0.000412
331.276063 0.000417
332.276897 0.000422
333.277731 0.000428
334.278565 0.000433
335.279399 0.000439
336.280234 0.000446
337.281068 0.000453
338.281902 0.000460
339.282736 0.000468
340.283570 0.000476
341.284404 0.000485
342.285238 0.000494
343.286072 0.000503
344.286906 0.000513
345.287740 0.000524
346.288574 0.000535
347.289408 0.000547
348.290242 0.000559
349.291076 0.000573
350.291910 0.000587
351.292744 0.000603
352.293578 0.000620
353.294412 0.000639
354.295246 0.000659
355.296080 0.000682
356.296914 0.000708
357.297748 0.000736
358.298582 0.000768
359.299416 0.000803
360.300250 0.000842
361.301084 0.000886
362.301918 0.000934
363.302752 0.000987
364.303586 0.001045
365.304420 0.001107
366.305254 0.001176
367.306088 0.001249
368.306922 0.001326
369.307756 0.001409
370.308590 0.001495
371.309425 0.001586
372.310259 0.001680
373.311093 0.001778
374.311927 0.001878
375.312761 0.001981
376.313595 0.002085
377.314429 0.002191
378.315263 0.002297
379.316097 0.002403
380.316931 0.002507
381.317765 0.002609
382.318599 0.002707
383.319433 0.002800
384.320267 0.002886
385.321101 0.002964
386.321935 0.003033
387.322769 0.003090
388.323603 0.003136
389.324437 0.003169
390.325271 0.003188
391.326105 0.003195
392.326939 0.003188
393.327773 0.003169
394.328607 0.003139
395.329441 0.003099
396.330275 0.003049
397.331109 0.002992
398.331943 0.002928
399.332777 0.002860
400.333611 0.002789
401.334445 0.002715
402.335279 0.002639
403.336113 0.002564
404.336947 0.002489
405.337781 0.002415
406.338616 0.002343
407.339450 0.002273
408.340284 0.002206
409.341118 0.002141
410.341952 0.002079
411.342786 0.002020
412.343620 0.001964
413.344454 0.001911
414.345288 0.001861
415.346122 0.001814
416.346956 0.001770
417.347790 0.001728
418.348624 0.001688
419.349458 0.001649
420.350292 0.001613
421.351126 0.001577
422.351960 0.001541
423.352794 0.001506
424.353628 0.001471
425.354462 0.001435
426.355296 0.001398
427.356130 0.001361
428.356964 0.001322
429.357798 0.001282
430.358632 0.001241
431.359466 0.001200
432.360300 0.001157
433.361134 0.001115
434.361968 0.001073
435.362802 0.001032
436.363636 0.000991
437.364470 0.000952
438.365304 0.000915
439.366138 0.000879
440.366972 0.000846
441.367807 0.000815
442.368641 0.000786
443.369475 0.000759
444.370309 0.000734
445.371143 0.000712
446.371977 0.000691
447.372811 0.000672
448.373645 0.000654
449.374479 0.000638
450.375313 0.000623
451.376147 0.000609
452.376981 0.000595
453.377815 0.000583
454.378649 0.000571
455.379483 0.000560
456.380317 0.000549
457.381151 0.000539
458.381985 0.000529
459.382819 0.000519
460.383653 0.000510
461.384487 0.000502
462.385321 0.000493
463.386155 0.000485
464.386989 0.000477
465.387823 0.000469
466.388657 0.000461
467.389491 0.000453
468.390325 0.000445
469.391159 0.000436
470.391993 0.000428
471.392827 0.000420
472.393661 0.000412
473.394495 0.000404
474.395329 0.000397
475.396163 0.000389
476.396997 0.000382
477.397832 0.000375
478.398666 0.000369
479.399500 0.000362
480.400334 0.000357
481.401168 0.000351
482.402002 0.000346
483.402836 0.000341
484.403670 0.000337
485.404504 0.000333
486.405338 0.000329
487.406172 0.000326
488.407006 0.000323
489.407840 0.000319
490.408674 0.000316
491.409508 0.000313
492.410342 0.000310
493.411176 0.000307
494.412010 0.000305
495.412844 0.000302
496.413678 0.000299
497.414512 0.000296
498.415346 0.000293
499.416180 0.000290
500.417014 0.000287
501.417848 0.000283
502.418682 0.000280
503.419516 0.000277
504.420350 0.000274
505.421184 0.000271
506.422018 0.000269
507.422852 0.000266
508.423686 0.000264
509.424520 0.000263
510.425354 0.000261
511.426188 0.000260
512.427023 0.000260
513.427857 0.000260
514.428691 0.000260
515.429525 0.000261
516.430359 0.000262
517.431193 0.000263
518.432027 0.000265
519.432861 0.000267
520.433695 0.000269
521.434529 0.000270
522.435363 0.000272
523.436197 0.000274
524.437031 0.000276
525.437865 0.000278
526.438699 0.000280
527.439533 0.000282
528.440367 0.000285
529.441201 0.000287
530.442035 0.000290
531.442869 0.000294
532.443703 0.000297
533.444537 0.000301
534.445371 0.000306
535.446205 0.000311
536.447039 0.000316
537.447873 0.000321
538.448707 0.000327
539.449541 0.000333
540.450375 0.000340
541.451209 0.000346
542.452043 0.000353
543.452877 0.000360
544.453711 0.000368
545.454545 0.000375
546.455379 0.000383
547.456214 0.000391
548.457048 0.000400
549.457882 0.000409
550.458716 0.000418
551.459550 0.000428
552.460384 0.000438
553.461218 0.000449
554.462052 0.000460
555.462886 0.000471
556.463720 0.000482
557.464554 0.000493
558.465388 0.000505
559.466222 0.000516
560.467056 0.000527
561.467890 0.000539
562.468724 0.000550
563.469558 0.000561
564.470392 0.000573
565.471226 0.000584
566.472060 0.000596
567.472894 0.000608
568.473728 0.000619
569.474562 0.000631
570.475396 0.000643
571.476230 0.000655
572.477064 0.000666
573.477898 0.000678
574.478732 0.000690
575.479566 0.000701
576.480400 0.000713
577.481234 0.000725
578.482068 0.000736
579.482902 0.000748
580.483736 0.000760
581.484570 0.000772
582.485405 0.000785
583.486239 0.000797
584.487073 0.000810
585.487907 0.000823
586.488741 0.000837
587.489575 0.000850
588.490409 0.000864
589.491243 0.000878
590.492077 0.000892
591.492911 0.000905
592.493745 0.000919
593.494579 0.000932
594.495413 0.000945
595.496247 0.000957
596.497081 0.000969
597.497915 0.000980
598.498749 0.000991
599.499583 0.001001
600.500417 0.001011
601.501251 0.001019
602.502085 0.001026
603.502919 0.001033
604.503753 0.001038
605.504587 0.001042
606.505421 0.001044
607.506255 0.001045
608.507089 0.001044
609.507923 0.001041
610.508757 0.001037
611.509591 0.001031
612.510425 0.001024
613.511259 0.001015
614.512093 0.001005
615.512927 0.000994
616.513761 0.000982
617.514595 0.000969
618.515430 0.000956
619.516264 0.000943
620.517098 0.000930
621.517932 0.000918
622.518766 0.000906
623.519600 0.000895
624.520434 0.000884
625.521268 0.000874
626.522102 0.000866
627.522936 0.000858
628.523770 0.000852
629.524604 0.000847
630.525438 0.000843
631.526272 0.000841
632.527106 0.000840
633.527940 0.000840
634.528774 0.000842
635.529608 0.000846
636.530442 0.000850
637.531276 0.000856
638.532110 0.000863
639.532944 0.000871
640.533778 0.000879
641.534612 0.000888
642.535446 0.000897
643.536280 0.000906
644.537114 0.000915
645.537948 0.000923
646.538782 0.000931
647.539616 0.000938
648.540450 0.000945
649.541284 0.000950
650.542118 0.000954
651.542952 0.000957
652.543786 0.000959
653.544621 0.000960
654.545455 0.000961
655.546289 0.000960
656.547123 0.000958
657.547957 0.000956
658.548791 0.000954
659.549625 0.000951
660.550459 0.000949
661.551293 0.000947
662.552127 0.000946
663.552961 0.000945
664.553795 0.000946
665.554629 0.000947
666.555463 0.000949
667.556297 0.000952
668.557131 0.000957
669.557965 0.000962
670.558799 0.000967
671.559633 0.000973
672.560467 0.000979
673.561301 0.000986
674.562135 0.000992
675.562969 0.000998
676.563803 0.001004
677.564637 0.001009
678.565471 0.001014
679.566305 0.001020
680.567139 0.001025
681.567973 0.001030
682.568807 0.001035
683.569641 0.001040
684.570475 0.001045
685.571309 0.001051
686.572143 0.001056
687.572977 0.001061
688.573812 0.001066
689.574646 0.001069
690.575480 0.001072
691.576314 0.001074
692.577148 0.001073
693.577982 0.001071
694.578816 0.001067
695.579650 0.001061
696.580484 0.001053
697.581318 0.001043
698.582152 0.001031
699.582986 0.001018
700.583820 0.001003
701.584654 0.000987
702.585488 0.000970
703.586322 0.000954
704.587156 0.000937
705.587990 0.000921
706.588824 0.000905
707.589658 0.000890
708.590492 0.000877
709.591326 0.000864
710.592160 0.000852
711.592994 0.000842
712.593828 0.000833
713.594662 0.000824
714.595496 0.000816
715.596330 0.000808
716.597164 0.000800
717.597998 0.000793
718.598832 0.000784
719.599666 0.000775
720.600500 0.000764
721.601334 0.000752
722.602168 0.000739
723.603003 0.000724
724.603837 0.000708
725.604671 0.000691
726.605505 0.000672
727.606339 0.000653
728.607173 0.000632
729.608007 0.000611
730.608841 0.000590
731.609675 0.000569
732.610509 0.000548
733.611343 0.000528
734.612177 0.000508
735.613011 0.000489
736.613845 0.000471
737.614679 0.000454
738.615513 0.000438
739.616347 0.000422
740.617181 0.000408
741.618015 0.000394
742.618849 0.000381
743.619683 0.000368
744.620517 0.000356
745.621351 0.000345
746.622185 0.000335
747.623019 0.000326
748.623853 0.000317
749.624687 0.000309
750.625521 0.000302
751.626355 0.000296
752.627189 0.000290
753.628023 0.000286
754.628857 0.000282
755.629691 0.000279
756.630525 0.000277
757.631359 0.000275
758.632193 0.000274
759.633028 0.000273
760.633862 0.000273
761.634696 0.000273
762.635530 0.000273
763.636364 0.000273
764.637198 0.000273
765.638032 0.000274
766.638866 0.000274
767.639700 0.000274
768.640534 0.000274
769.641368 0.000273
770.642202 0.000273
771.643036 0.000272
772.643870 0.000272
773.644704 0.000271
774.645538 0.000270
775.646372 0.000269
776.647206 0.000267
777.648040 0.000266
778.648874 0.000265
779.649708 0.000263
780.650542 0.000262
781.651376 0.000260
782.652210 0.000259
783.653044 0.000257
784.653878 0.000255
785.654712 0.000254
786.655546 0.000252
787.656380 0.000250
788.657214 0.000248
789.658048 0.000246
790.658882 0.000244
791.659716 0.000243
792.660550 0.000241
793.661384 0.000239
794.662219 0.000237
795.663053 0.000235
796.663887 0.000234
797.664721 0.000232
798.665555 0.000231
799.666389 0.000230
800.667223 0.000229
801.668057 0.000227
802.668891 0.000226
803.669725 0.000225
804.670559 0.000224
805.671393 0.000222
806.672227 0.000221
807.673061 0.000220
808.673895 0.000219
809.674729 0.000218
810.675563 0.000217
811.676397 0.000217
812.677231 0.000216
813.678065 0.000216
814.678899 0.000216
815.679733 0.000217
816.680567 0.000217
817.681401 0.000218
818.682235 0.000220
819.683069 0.000221
820.683903 0.000223
821.684737 0.000225
822.685571 0.000228
823.686405 0.000231
824.687239 0.000234
825.688073 0.000237
826.688907 0.000241
827.689741 0.000245
828.690575 0.000249
829.691410 0.000253
830.692244 0.000257
831.693078 0.000261
832.693912 0.000265
833.694746 0.000269
834.695580 0.000272
835.696414 0.000275
836.697248 0.000278
837.698082 0.000280
838.698916 0.000282
839.699750 0.000284
840.700584 0.000285
841.701418 0.000286
842.702252 0.000287
843.703086 0.000288
844.703920 0.000288
845.704754 0.000289
846.705588 0.000291
847.706422 0.000293
848.707256 0.000295
849.708090 0.000298
850.708924 0.000302
851.709758 0.000306
852.710592 0.000311
853.711426 0.000316
854.712260 0.000323
855.713094 0.000329
856.713928 0.000337
857.714762 0.000344
858.715596 0.000352
859.716430 0.000360
860.717264 0.000369
861.718098 0.000377
862.718932 0.000386
863.719766 0.000394
864.720601 0.000403
865.721435 0.000412
866.722269 0.000420
867.723103 0.000429
868.723937 0.000437
869.724771 0.000446
870.725605 0.000455
871.726439 0.000463
872.727273 0.000472
873.728107 0.000481
874.728941 0.000490
875.729775 0.000499
876.730609 0.000508
877.731443 0.000518
878.732277 0.000528
879.733111 0.000538
880.733945 0.000549
881.734779 0.000561
882.735613 0.000573
883.736447 0.000586
884.737281 0.000599
885.738115 0.000614
886.738949 0.000629
887.739783 0.000645
888.740617 0.000662
889.741451 0.000679
890.742285 0.000696
891.743119 0.000714
892.743953 0.000731
893.744787 0.000747
894.745621 0.000763
895.746455 0.000778
896.747289 0.000791
897.748123 0.000802
898.748957 0.000811
899.749791 0.000819
900.750626 0.000825
901.751460 0.000828
902.752294 0.000830
903.753128 0.000830
904.753962 0.000829
905.754796 0.000826
906.755630 0.000823
907.756464 0.000819
908.757298 0.000815
909.758132 0.000810
910.758966 0.000806
911.759800 0.000801
912.760634 0.000797
913.761468 0.000792
914.762302 0.000788
915.763136 0.000783
916.763970 0.000777
917.764804 0.000771
918.765638 0.000765
919.766472 0.000757
920.767306 0.000749
921.768140 0.000740
922.768974 0.000730
923.769808 0.000719
924.770642 0.000708
925.771476 0.000696
926.772310 0.000684
927.773144 0.000672
928.773978 0.000660
929.774812 0.000648
930.775646 0.000637
931.776480 0.000626
932.777314 0.000616
933.778148 0.000606
934.778982 0.000597
935.779817 0.000588
936.780651 0.000581
937.781485 0.000573
938.782319 0.000567
939.783153 0.000561
940.783987 0.000555
941.784821 0.000550
942.785655 0.000545
943.786489 0.000540
944.787323 0.000536
945.788157 0.000533
946.788991 0.000529
947.789825 0.000526
948.790659 0.000523
949.791493 0.000521
950.792327 0.000518
951.793161 0.000515
952.793995 0.000512
953.794829 0.000509
954.795663 0.000505
955.796497 0.000501
956.797331 0.000497
957.798165 0.000491
958.798999 0.000486
959.799833 0.000480
960.800667 0.000473
961.801501 0.000466
962.802335 0.000459
963.803169 0.000451
964.804003 0.000443
965.804837 0.000436
966.805671 0.000428
967.806505 0.000420
968.807339 0.000412
969.808173 0.000404
970.809008 0.000397
971.809842 0.000390
972.810676 0.000383
973.811510 0.000377
974.812344 0.000371
975.813178 0.000366
976.814012 0.000361
977.814846 0.000357
978.815680 0.000354
979.816514 0.000351
980.817348 0.000350
981.818182 0.000348
982.819016 0.000348
983.819850 0.000348
984.820684 0.000348
985.821518 0.000349
986.822352 0.000350
987.823186 0.000351
988.824020 0.000352
989.824854 0.000353
990.825688 0.000353
991.826522 0.000354
992.827356 0.000354
993.828190 0.000354
994.829024 0.000354
995.829858 0.000353
996.830692 0.000352
997.831526 0.000351
998.832360 0.000351
999.833194 0.000350
1000.834028 0.000350
1001.834862 0.000350
1002.835696 0.000350
1003.836530 0.000351
1004.837364 0.000353
1005.838198 0.000356
1006.839033 0.000359
1007.839867 0.000363
1008.840701 0.000368
1009.841535 0.000373
1010.842369 0.000379
1011.843203 0.000385
1012.844037 0.000392
1013.844871 0.000398
1014.845705 0.000405
1015.846539 0.000411
1016.847373 0.000416
1017.848207 0.000421
1018.849041 0.000425
1019.849875 0.000429
1020.850709 0.000431
1021.851543 0.000433
1022.852377 0.000434
1023.853211 0.000434
1024.854045 0.000434
1025.854879 0.000433
1026.855713 0.000432
1027.856547 0.000431
1028.857381 0.000431
1029.858215 0.000431
1030.859049 0.000431
1031.859883 0.000432
1032.860717 0.000434
1033.861551 0.000436
1034.862385 0.000440
1035.863219 0.000444
1036.864053 0.000449
1037.864887 0.000455
1038.865721 0.000461
1039.866555 0.000468
1040.867389 0.000476
1041.868224 0.000484
1042.869058 0.000491
1043.869892 0.000500
1044.870726 0.000508
1045.871560 0.000516
1046.872394 0.000523
1047.873228 0.000531
1048.874062 0.000538
1049.874896 0.000545
1050.875730 0.000551
1051.876564 0.000557
1052.877398 0.000563
1053.878232 0.000569
1054.879066 0.000575
1055.879900 0.000581
1056.880734 0.000587
1057.881568 0.000595
1058.882402 0.000603
1059.883236 0.000612
1060.884070 0.000623
1061.884904 0.000636
1062.885738 0.000650
1063.886572 0.000667
1064.887406 0.000685
1065.888240 0.000706
1066.889074 0.000728
1067.889908 0.000753
1068.890742 0.000779
1069.891576 0.000806
1070.892410 0.000835
1071.893244 0.000865
1072.894078 0.000896
1073.894912 0.000927
1074.895746 0.000959
1075.896580 0.000990
1076.897415 0.001021
1077.898249 0.001052
1078.899083 0.001081
1079.899917 0.001110
1080.900751 0.001137
1081.901585 0.001164
1082.902419 0.001189
1083.903253 0.001214
1084.904087 0.001238
1085.904921 0.001262
1086.905755 0.001287
1087.906589 0.001312
1088.907423 0.001338
1089.908257 0.001365
1090.909091 0.001394
1091.909925 0.001425
1092.910759 0.001458
1093.911593 0.001493
1094.912427 0.001530
1095.913261 0.001568
1096.914095 0.001607
1097.914929 0.001647
1098.915763 0.001688
1099.916597 0.001728
1100.917431 0.001768
1101.918265 0.001807
1102.919099 0.001844
1103.919933 0.001880
1104.920767 0.001912
1105.921601 0.001942
1106.922435 0.001969
1107.923269 0.001991
1108.924103 0.002009
1109.924937 0.002023
1110.925771 0.002033
1111.926606 0.002037
1112.927440 0.002037
1113.928274 0.002032
1114.929108 0.002023
1115.929942 0.002010
1116.930776 0.001993
1117.931610 0.001972
1118.932444 0.001948
1119.933278 0.001922
1120.934112 0.001893
1121.934946 0.001862
1122.935780 0.001830
1123.936614 0.001797
1124.937448 0.001762
1125.938282 0.001727
1126.939116 0.001692
1127.939950 0.001656
1128.940784 0.001621
1129.941618 0.001586
1130.942452 0.001552
1131.943286 0.001519
1132.944120 0.001487
1133.944954 0.001457
1134.945788 0.001428
1135.946622 0.001402
1136.947456 0.001378
1137.948290 0.001356
1138.949124 0.001337
1139.949958 0.001320
1140.950792 0.001306
1141.951626 0.001294
1142.952460 0.001285
1143.953294 0.001278
1144.954128 0.001272
1145.954962 0.001269
1146.955796 0.001266
1147.956631 0.001266
1148.957465 0.001266
1149.958299 0.001267
1150.959133 0.001268
1151.959967 0.001270
1152.960801 0.001272
1153.961635 0.001273
1154.962469 0.001274
1155.963303 0.001275
1156.964137 0.001275
1157.964971 0.001274
1158.965805 0.001274
1159.966639 0.001274
1160.967473 0.001274
1161.968307 0.001274
1162.969141 0.001276
1163.969975 0.001280
1164.970809 0.001286
1165.971643 0.001294
1166.972477 0.001305
1167.973311 0.001319
1168.974145 0.001336
1169.974979 0.001357
1170.975813 0.001381
1171.976647 0.001408
1172.977481 0.001439
1173.978315 0.001473
1174.979149 0.001509
1175.979983 0.001547
1176.980817 0.001587
1177.981651 0.001629
1178.982485 0.001671
1179.983319 0.001714
1180.984153 0.001757
1181.984987 0.001799
1182.985822 0.001840
1183.986656 0.001878
1184.987490 0.001913
1185.988324 0.001943
1186.989158 0.001968
1187.989992 0.001985
1188.990826 0.001995
1189.991660 0.001994
1190.992494 0.001982
1191.993328 0.001957
1192.994162 0.001919
1193.994996 0.001867
1194.995830 0.001800
1195.996664 0.001721
1196.997498 0.001628
1197.998332 0.001525
1198.999166 0.001412
1200.000000 0.001293
