0.500000 0.015716
1.500000 0.017703
2.500000 0.017910
3.500000 0.017557
4.500000 0.018650
5.500000 0.017746
6.500000 0.016568
7.500000 0.014675
8.500000 0.011484
9.500000 0.007441
10.500000 0.005006
11.500000 0.003415
12.500000 0.002520
13.500000 0.002108
14.500000 0.001411
15.500000 0.001170
16.500000 0.000981
17.500000 0.000723
18.500000 0.000637
19.500000 0.000430
20.500000 0.000447
21.500000 0.000310
22.500000 0.000327
23.500000 0.000301
24.500000 0.000465
25.500000 0.000447
26.500000 0.000267
27.500000 0.000310
28.500000 0.000335
29.500000 0.000318
30.500000 0.000284
31.500000 0.000361
32.500000 0.000292
33.500000 0.000232
34.500000 0.000275
35.500000 0.000258
36.500000 0.000215
37.500000 0.000215
38.500000 0.000241
39.500000 0.000232
40.500000 0.000181
41.500000 0.000284
42.500000 0.000267
43.500000 0.000224
44.500000 0.000146
45.500000 0.000224
46.500000 0.000206
47.500000 0.000163
48.500000 0.000129
49.500000 0.000103
50.500000 0.000163
51.500000 0.000138
52.500000 0.000181
53.500000 0.000163
54.500000 0.000206
55.500000 0.000206
56.500000 0.000112
57.500000 0.000146
58.500000 0.000103
59.500000 0.000146
60.500000 0.000077
61.500000 0.000069
62.500000 0.000069
63.500000 0.000043
64.500000 0.000095
65.500000 0.000086
66.500000 0.000069
67.500000 0.000043
68.500000 0.000077
69.500000 0.000069
70.500000 0.000034
71.500000 0.000060
72.500000 0.000034
73.500000 0.000077
74.500000 0.000034
75.500000 0.000043
76.500000 0.000034
77.500000 0.000060
78.500000 0.000052
79.500000 0.000034
80.500000 0.000026
81.500000 0.000069
82.500000 0.000034
83.500000 0.000060
84.500000 0.000034
85.500000 0.000034
86.500000 0.000069
87.500000 0.000060
88.500000 0.000026
89.500000 0.000052
90.500000 0.000017
91.500000 0.000043
92.500000 0.000060
93.500000 0.000026
94.500000 0.000017
95.500000 0.000017
96.500000 0.000043
97.500000 0.000043
98.500000 0.000034
99.500000 0.000052
100.500000 0.000026
101.500000 0.000043
102.500000 0.000034
103.500000 0.000026
104.500000 0.000026
105.500000 0.000060
106.500000 0.000017
107.500000 0.000069
108.500000 0.000069
109.500000 0.000026
110.500000 0.000034
111.500000 0.000052
112.500000 0.000026
113.500000 0.000017
114.500000 0.000026
115.500000 0.000052
116.500000 0.000052
117.500000 0.000052
118.500000 0.000043
119.500000 0.000077
120.500000 0.000052
121.500000 0.000060
122.500000 0.000034
123.500000 0.000017
124.500000 0.000043
125.500000 0.000043
126.500000 0.000052
127.500000 0.000052
128.500000 0.000052
129.500000 0.000069
130.500000 0.000086
131.500000 0.000043
132.500000 0.000034
133.500000 0.000060
134.500000 0.000060
135.500000 0.000017
136.500000 0.000043
137.500000 0.000077
138.500000 0.000069
139.500000 0.000052
140.500000 0.000095
141.500000 0.000060
142.500000 0.000052
143.500000 0.000060
144.500000 0.000112
145.500000 0.000052
146.500000 0.000112
147.500000 0.000052
148.500000 0.000034
149.500000 0.000060
150.500000 0.000120
151.500000 0.000120
152.500000 0.000060
153.500000 0.000138
154.500000 0.000069
155.500000 0.000095
156.500000 0.000112
157.500000 0.000103
158.500000 0.000086
159.500000 0.000112
160.500000 0.000060
161.500000 0.000095
162.500000 0.000172
163.500000 0.000112
164.500000 0.000163
165.500000 0.000181
166.500000 0.000120
167.500000 0.000138
168.500000 0.000172
169.500000 0.000146
170.500000 0.000155
171.500000 0.000120
172.500000 0.000163
173.500000 0.000241
174.500000 0.000258
175.500000 0.000258
176.500000 0.000241
177.500000 0.000430
178.500000 0.000456
179.500000 0.000430
180.500000 0.000396
181.500000 0.000551
182.500000 0.000508
183.500000 0.000508
184.500000 0.000499
185.500000 0.000473
186.500000 0.000447
187.500000 0.000525
188.500000 0.000680
189.500000 0.000791
190.500000 0.000817
191.500000 0.000912
192.500000 0.001153
193.500000 0.000877
194.500000 0.000860
195.500000 0.000989
196.500000 0.001256
197.500000 0.001196
198.500000 0.001394
199.500000 0.001445
200.500000 0.001583
201.500000 0.001531
202.500000 0.001153
203.500000 0.001230
204.500000 0.001342
205.500000 0.001342
206.500000 0.001523
207.500000 0.001617
208.500000 0.001480
209.500000 0.001282
210.500000 0.001325
211.500000 0.001127
212.500000 0.000963
213.500000 0.000748
214.500000 0.000688
215.500000 0.000576
216.500000 0.000525
217.500000 0.000594
218.500000 0.000619
219.500000 0.000533
220.500000 0.000439
221.500000 0.000422
222.500000 0.000387
223.500000 0.000404
224.500000 0.000310
225.500000 0.000404
226.500000 0.000353
227.500000 0.000292
228.500000 0.000422
229.500000 0.000447
230.500000 0.000318
231.500000 0.000249
232.500000 0.000241
233.500000 0.000198
234.500000 0.000275
235.500000 0.000422
236.500000 0.000249
237.500000 0.000181
238.500000 0.000224
239.500000 0.000301
240.500000 0.000224
241.500000 0.000267
242.500000 0.000301
243.500000 0.000163
244.500000 0.000310
245.500000 0.000292
246.500000 0.000155
247.500000 0.000155
248.500000 0.000172
249.500000 0.000275
250.500000 0.000206
251.500000 0.000310
252.500000 0.000172
253.500000 0.000181
254.500000 0.000198
255.500000 0.000284
256.500000 0.000292
257.500000 0.000189
258.500000 0.000206
259.500000 0.000198
260.500000 0.000215
261.500000 0.000249
262.500000 0.000198
263.500000 0.000215
264.500000 0.000215
265.500000 0.000215
266.500000 0.000249
267.500000 0.000138
268.500000 0.000103
269.500000 0.000258
270.500000 0.000146
271.500000 0.000232
272.500000 0.000224
273.500000 0.000103
274.500000 0.000120
275.500000 0.000146
276.500000 0.000172
277.500000 0.000189
278.500000 0.000129
279.500000 0.000138
280.500000 0.000181
281.500000 0.000163
282.500000 0.000129
283.500000 0.000232
284.500000 0.000189
285.500000 0.000129
286.500000 0.000146
287.500000 0.000163
288.500000 0.000163
289.500000 0.000181
290.500000 0.000086
291.500000 0.000163
292.500000 0.000172
293.500000 0.000077
294.500000 0.000069
295.500000 0.000138
296.500000 0.000163
297.500000 0.000172
298.500000 0.000112
299.500000 0.000181
300.500000 0.000146
301.500000 0.000138
302.500000 0.000181
303.500000 0.000198
304.500000 0.000215
305.500000 0.000138
306.500000 0.000198
307.500000 0.000163
308.500000 0.000129
309.500000 0.000112
310.500000 0.000138
311.500000 0.000198
312.500000 0.000163
313.500000 0.000146
314.500000 0.000181
315.500000 0.000172
316.500000 0.000095
317.500000 0.000206
318.500000 0.000172
319.500000 0.000181
320.500000 0.000155
321.500000 0.000120
322.500000 0.000129
323.500000 0.000146
324.500000 0.000146
325.500000 0.000120
326.500000 0.000181
327.500000 0.000163
328.500000 0.000155
329.500000 0.000155
330.500000 0.000181
331.500000 0.000249
332.500000 0.000172
333.500000 0.000138
334.500000 0.000163
335.500000 0.000241
336.500000 0.000215
337.500000 0.000138
338.500000 0.000189
339.500000 0.000232
340.500000 0.000292
341.500000 0.000249
342.500000 0.000258
343.500000 0.000198
344.500000 0.000241
345.500000 0.000310
346.500000 0.000292
347.500000 0.000258
348.500000 0.000310
349.500000 0.000189
350.500000 0.000241
351.500000 0.000327
352.500000 0.000232
353.500000 0.000344
354.500000 0.000327
355.500000 0.000413
356.500000 0.000413
357.500000 0.000404
358.500000 0.000344
359.500000 0.000422
360.500000 0.000430
361.500000 0.000533
362.500000 0.000465
363.500000 0.000490
364.500000 0.000499
365.500000 0.000516
366.500000 0.000404
367.500000 0.000490
368.500000 0.000662
369.500000 0.000817
370.500000 0.000602
371.500000 0.000731
372.500000 0.000955
373.500000 0.001041
374.500000 0.001187
375.500000 0.000972
376.500000 0.001187
377.500000 0.001213
378.500000 0.001110
379.500000 0.001135
380.500000 0.001265
381.500000 0.001402
382.500000 0.001368
383.500000 0.001454
384.500000 0.001566
385.500000 0.001712
386.500000 0.001454
387.500000 0.001832
388.500000 0.001849
389.500000 0.001910
390.500000 0.001669
391.500000 0.001540
392.500000 0.001720
393.500000 0.001566
394.500000 0.001643
395.500000 0.001652
396.500000 0.001497
397.500000 0.001660
398.500000 0.001471
399.500000 0.001222
400.500000 0.001256
401.500000 0.001265
402.500000 0.001144
403.500000 0.000938
404.500000 0.000938
405.500000 0.000834
406.500000 0.000662
407.500000 0.000731
408.500000 0.000447
409.500000 0.000619
410.500000 0.000456
411.500000 0.000378
412.500000 0.000378
413.500000 0.000301
414.500000 0.000284
415.500000 0.000422
416.500000 0.000318
417.500000 0.000249
418.500000 0.000327
419.500000 0.000292
420.500000 0.000249
421.500000 0.000198
422.500000 0.000241
423.500000 0.000206
424.500000 0.000198
425.500000 0.000189
426.500000 0.000215
427.500000 0.000163
428.500000 0.000095
429.500000 0.000172
430.500000 0.000198
431.500000 0.000181
432.500000 0.000189
433.500000 0.000146
434.500000 0.000155
435.500000 0.000189
436.500000 0.000138
437.500000 0.000146
438.500000 0.000206
439.500000 0.000138
440.500000 0.000103
441.500000 0.000129
442.500000 0.000103
443.500000 0.000103
444.500000 0.000172
445.500000 0.000086
446.500000 0.000069
447.500000 0.000146
448.500000 0.000103
449.500000 0.000103
450.500000 0.000120
451.500000 0.000172
452.500000 0.000095
453.500000 0.000103
454.500000 0.000095
455.500000 0.000077
456.500000 0.000103
457.500000 0.000069
458.500000 0.000077
459.500000 0.000112
460.500000 0.000060
461.500000 0.000086
462.500000 0.000086
463.500000 0.000095
464.500000 0.000052
465.500000 0.000086
466.500000 0.000069
467.500000 0.000095
468.500000 0.000095
469.500000 0.000103
470.500000 0.000043
471.500000 0.000043
472.500000 0.000060
473.500000 0.000043
474.500000 0.000052
475.500000 0.000095
476.500000 0.000034
477.500000 0.000060
478.500000 0.000060
479.500000 0.000052
480.500000 0.000086
481.500000 0.000069
482.500000 0.000138
483.500000 0.000052
484.500000 0.000052
485.500000 0.000069
486.500000 0.000069
487.500000 0.000077
488.500000 0.000026
489.500000 0.000052
490.500000 0.000060
491.500000 0.000034
492.500000 0.000034
493.500000 0.000043
494.500000 0.000052
495.500000 0.000052
496.500000 0.000060
497.500000 0.000129
498.500000 0.000043
499.500000 0.000034
500.500000 0.000052
501.500000 0.000069
502.500000 0.000060
503.500000 0.000052
504.500000 0.000060
505.500000 0.000112
506.500000 0.000043
507.500000 0.000095
508.500000 0.000034
509.500000 0.000060
510.500000 0.000009
511.500000 0.000060
512.500000 0.000095
513.500000 0.000060
514.500000 0.000077
515.500000 0.000034
516.500000 0.000095
517.500000 0.000052
518.500000 0.000077
519.500000 0.000060
520.500000 0.000017
521.500000 0.000026
522.500000 0.000060
523.500000 0.000043
524.500000 0.000034
525.500000 0.000043
526.500000 0.000069
527.500000 0.000077
528.500000 0.000069
529.500000 0.000034
530.500000 0.000052
531.500000 0.000034
532.500000 0.000026
533.500000 0.000026
534.500000 0.000043
535.500000 0.000026
536.500000 0.000017
537.500000 0.000026
538.500000 0.000077
539.500000 0.000060
540.500000 0.000069
541.500000 0.000060
542.500000 0.000052
543.500000 0.000043
544.500000 0.000095
545.500000 0.000052
546.500000 0.000060
547.500000 0.000060
548.500000 0.000043
549.500000 0.000043
550.500000 0.000034
551.500000 0.000052
552.500000 0.000034
553.500000 0.000052
554.500000 0.000077
555.500000 0.000095
556.500000 0.000069
557.500000 0.000103
558.500000 0.000043
559.500000 0.000052
560.500000 0.000052
561.500000 0.000052
562.500000 0.000043
563.500000 0.000155
564.500000 0.000052
565.500000 0.000095
566.500000 0.000086
567.500000 0.000120
568.500000 0.000198
569.500000 0.000095
570.500000 0.000069
571.500000 0.000112
572.500000 0.000069
573.500000 0.000077
574.500000 0.000112
575.500000 0.000112
576.500000 0.000103
577.500000 0.000095
578.500000 0.000189
579.500000 0.000103
580.500000 0.000198
581.500000 0.000241
582.500000 0.000258
583.500000 0.000189
584.500000 0.000172
585.500000 0.000284
586.500000 0.000284
587.500000 0.000206
588.500000 0.000215
589.500000 0.000224
590.500000 0.000146
591.500000 0.000146
592.500000 0.000181
593.500000 0.000232
594.500000 0.000318
595.500000 0.000344
596.500000 0.000189
597.500000 0.000224
598.500000 0.000198
599.500000 0.000275
600.500000 0.000335
601.500000 0.000120
602.500000 0.000120
603.500000 0.000224
604.500000 0.000215
605.500000 0.000155
606.500000 0.000163
607.500000 0.000198
608.500000 0.000275
609.500000 0.000138
610.500000 0.000198
611.500000 0.000172
612.500000 0.000241
613.500000 0.000215
614.500000 0.000146
615.500000 0.000163
616.500000 0.000146
617.500000 0.000224
618.500000 0.000206
619.500000 0.000181
620.500000 0.000172
621.500000 0.000241
622.500000 0.000224
623.500000 0.000224
624.500000 0.000275
625.500000 0.000241
626.500000 0.000232
627.500000 0.000129
628.500000 0.000353
629.500000 0.000267
630.500000 0.000284
631.500000 0.000275
632.500000 0.000267
633.500000 0.000292
634.500000 0.000361
635.500000 0.000310
636.500000 0.000344
637.500000 0.000327
638.500000 0.000275
639.500000 0.000249
640.500000 0.000301
641.500000 0.000327
642.500000 0.000378
643.500000 0.000353
644.500000 0.000361
645.500000 0.000378
646.500000 0.000275
647.500000 0.000378
648.500000 0.000439
649.500000 0.000378
650.500000 0.000404
651.500000 0.000447
652.500000 0.000301
653.500000 0.000361
654.500000 0.000422
655.500000 0.000422
656.500000 0.000456
657.500000 0.000533
658.500000 0.000335
659.500000 0.000370
660.500000 0.000473
661.500000 0.000430
662.500000 0.000637
663.500000 0.000516
664.500000 0.000525
665.500000 0.000422
666.500000 0.000473
667.500000 0.000585
668.500000 0.000568
669.500000 0.000594
670.500000 0.000637
671.500000 0.000490
672.500000 0.000516
673.500000 0.000594
674.500000 0.000542
675.500000 0.000697
676.500000 0.000800
677.500000 0.000748
678.500000 0.000938
679.500000 0.001024
680.500000 0.001222
681.500000 0.001032
682.500000 0.001488
683.500000 0.001643
684.500000 0.001566
685.500000 0.001884
686.500000 0.002305
687.500000 0.002237
688.500000 0.002366
689.500000 0.003080
690.500000 0.002908
691.500000 0.003320
692.500000 0.003768
693.500000 0.004361
694.500000 0.005230
695.500000 0.006065
696.500000 0.007699
697.500000 0.009144
698.500000 0.010684
699.500000 0.010856
700.500000 0.013540
701.500000 0.012499
702.500000 0.013239
703.500000 0.012344
704.500000 0.009944
705.500000 0.009394
706.500000 0.008232
707.500000 0.006667
708.500000 0.005514
709.500000 0.004034
710.500000 0.003277
711.500000 0.002305
712.500000 0.001987
713.500000 0.001523
714.500000 0.001342
715.500000 0.001032
716.500000 0.000662
717.500000 0.000809
718.500000 0.000594
719.500000 0.000576
720.500000 0.000602
721.500000 0.000447
722.500000 0.000430
723.500000 0.000439
724.500000 0.000490
725.500000 0.000284
726.500000 0.000284
727.500000 0.000404
728.500000 0.000378
729.500000 0.000284
730.500000 0.000318
731.500000 0.000301
732.500000 0.000249
733.500000 0.000258
734.500000 0.000284
735.500000 0.000335
736.500000 0.000353
737.500000 0.000258
738.500000 0.000249
739.500000 0.000189
740.500000 0.000172
741.500000 0.000095
742.500000 0.000189
743.500000 0.000206
744.500000 0.000163
745.500000 0.000241
746.500000 0.000172
747.500000 0.000095
748.500000 0.000163
749.500000 0.000198
750.500000 0.000146
751.500000 0.000146
752.500000 0.000172
753.500000 0.000146
754.500000 0.000129
755.500000 0.000129
756.500000 0.000146
757.500000 0.000103
758.500000 0.000129
759.500000 0.000146
760.500000 0.000155
761.500000 0.000129
762.500000 0.000112
763.500000 0.000103
764.500000 0.000086
765.500000 0.000163
766.500000 0.000086
767.500000 0.000077
768.500000 0.000052
769.500000 0.000129
770.500000 0.000095
771.500000 0.000138
772.500000 0.000095
773.500000 0.000146
774.500000 0.000077
775.500000 0.000095
776.500000 0.000095
777.500000 0.000095
778.500000 0.000069
779.500000 0.000069
780.500000 0.000095
781.500000 0.000095
782.500000 0.000112
783.500000 0.000034
784.500000 0.000155
785.500000 0.000095
786.500000 0.000060
787.500000 0.000112
788.500000 0.000095
789.500000 0.000069
790.500000 0.000060
791.500000 0.000060
792.500000 0.000095
793.500000 0.000077
794.500000 0.000146
795.500000 0.000086
796.500000 0.000043
797.500000 0.000086
798.500000 0.000077
799.500000 0.000060
800.500000 0.000077
801.500000 0.000077
802.500000 0.000052
803.500000 0.000095
804.500000 0.000077
805.500000 0.000069
806.500000 0.000138
807.500000 0.000112
808.500000 0.000069
809.500000 0.000077
810.500000 0.000120
811.500000 0.000060
812.500000 0.000120
813.500000 0.000052
814.500000 0.000077
815.500000 0.000103
816.500000 0.000112
817.500000 0.000103
818.500000 0.000077
819.500000 0.000060
820.500000 0.000129
821.500000 0.000103
822.500000 0.000112
823.500000 0.000112
824.500000 0.000163
825.500000 0.000163
826.500000 0.000112
827.500000 0.000086
828.500000 0.000163
829.500000 0.000095
830.500000 0.000129
831.500000 0.000155
832.500000 0.000095
833.500000 0.000146
834.500000 0.000086
835.500000 0.000069
836.500000 0.000112
837.500000 0.000163
838.500000 0.000129
839.500000 0.000163
840.500000 0.000103
841.500000 0.000095
842.500000 0.000163
843.500000 0.000198
844.500000 0.000155
845.500000 0.000112
846.500000 0.000181
847.500000 0.000052
848.500000 0.000181
849.500000 0.000155
850.500000 0.000206
851.500000 0.000215
852.500000 0.000120
853.500000 0.000172
854.500000 0.000181
855.500000 0.000163
856.500000 0.000163
857.500000 0.000206
858.500000 0.000206
859.500000 0.000172
860.500000 0.000189
861.500000 0.000241
862.500000 0.000241
863.500000 0.000241
864.500000 0.000258
865.500000 0.000318
866.500000 0.000335
867.500000 0.000284
868.500000 0.000413
869.500000 0.000370
870.500000 0.000361
871.500000 0.000422
872.500000 0.000439
873.500000 0.000482
874.500000 0.000568
875.500000 0.000559
876.500000 0.000585
877.500000 0.000662
878.500000 0.000800
879.500000 0.000877
880.500000 0.000783
881.500000 0.000860
882.500000 0.000852
883.500000 0.000989
884.500000 0.001032
885.500000 0.001135
886.500000 0.001273
887.500000 0.001583
888.500000 0.001557
889.500000 0.001574
890.500000 0.001540
891.500000 0.001376
892.500000 0.001402
893.500000 0.001187
894.500000 0.001308
895.500000 0.001428
896.500000 0.001437
897.500000 0.001385
898.500000 0.001308
899.500000 0.001265
900.500000 0.001127
901.500000 0.001428
902.500000 0.001351
903.500000 0.001471
904.500000 0.001359
905.500000 0.001170
906.500000 0.001118
907.500000 0.001290
908.500000 0.001299
909.500000 0.001342
910.500000 0.001032
911.500000 0.001411
912.500000 0.001222
913.500000 0.001127
914.500000 0.001058
915.500000 0.001118
916.500000 0.001170
917.500000 0.001325
918.500000 0.001351
919.500000 0.001213
920.500000 0.001101
921.500000 0.001110
922.500000 0.000989
923.500000 0.000938
924.500000 0.000912
925.500000 0.001213
926.500000 0.000903
927.500000 0.000920
928.500000 0.000972
929.500000 0.000981
930.500000 0.001041
931.500000 0.000895
932.500000 0.000877
933.500000 0.000877
934.500000 0.000731
935.500000 0.000809
936.500000 0.000817
937.500000 0.000705
938.500000 0.000731
939.500000 0.000680
940.500000 0.000860
941.500000 0.000619
942.500000 0.000817
943.500000 0.000740
944.500000 0.000525
945.500000 0.000628
946.500000 0.000645
947.500000 0.000611
948.500000 0.000585
949.500000 0.000551
950.500000 0.000559
951.500000 0.000637
952.500000 0.000482
953.500000 0.000619
954.500000 0.000525
955.500000 0.000559
956.500000 0.000525
957.500000 0.000568
958.500000 0.000508
959.500000 0.000456
960.500000 0.000533
961.500000 0.000465
962.500000 0.000430
963.500000 0.000430
964.500000 0.000422
965.500000 0.000361
966.500000 0.000662
967.500000 0.000353
968.500000 0.000430
969.500000 0.000370
970.500000 0.000301
971.500000 0.000387
972.500000 0.000387
973.500000 0.000310
974.500000 0.000439
975.500000 0.000310
976.500000 0.000439
977.500000 0.000232
978.500000 0.000275
979.500000 0.000353
980.500000 0.000327
981.500000 0.000396
982.500000 0.000301
983.500000 0.000353
984.500000 0.000310
985.500000 0.000353
986.500000 0.000344
987.500000 0.000232
988.500000 0.000241
989.500000 0.000267
990.500000 0.000241
991.500000 0.000206
992.500000 0.000284
993.500000 0.000206
994.500000 0.000206
995.500000 0.000189
996.500000 0.000275
997.500000 0.000206
998.500000 0.000224
999.500000 0.000215
1000.500000 0.000120
1001.500000 0.000258
1002.500000 0.000198
1003.500000 0.000215
1004.500000 0.000155
1005.500000 0.000215
1006.500000 0.000224
1007.500000 0.000206
1008.500000 0.000189
1009.500000 0.000284
1010.500000 0.000181
1011.500000 0.000189
1012.500000 0.000172
1013.500000 0.000172
1014.500000 0.000206
1015.500000 0.000112
1016.500000 0.000138
1017.500000 0.000232
1018.500000 0.000310
1019.500000 0.000275
1020.500000 0.000232
1021.500000 0.000215
1022.500000 0.000198
1023.500000 0.000129
1024.500000 0.000198
1025.500000 0.000206
1026.500000 0.000181
1027.500000 0.000172
1028.500000 0.000155
1029.500000 0.000189
1030.500000 0.000138
1031.500000 0.000146
1032.500000 0.000198
1033.500000 0.000206
1034.500000 0.000155
1035.500000 0.000163
1036.500000 0.000138
1037.500000 0.000181
1038.500000 0.000181
1039.500000 0.000172
1040.500000 0.000155
1041.500000 0.000232
1042.500000 0.000146
1043.500000 0.000198
1044.500000 0.000138
1045.500000 0.000103
1046.500000 0.000206
1047.500000 0.000189
1048.500000 0.000215
1049.500000 0.000181
1050.500000 0.000155
1051.500000 0.000275
1052.500000 0.000146
1053.500000 0.000249
1054.500000 0.000138
1055.500000 0.000232
1056.500000 0.000198
1057.500000 0.000198
1058.500000 0.000138
1059.500000 0.000224
1060.500000 0.000206
1061.500000 0.000224
1062.500000 0.000258
1063.500000 0.000206
1064.500000 0.000198
1065.500000 0.000241
1066.500000 0.000258
1067.500000 0.000310
1068.500000 0.000267
1069.500000 0.000258
1070.500000 0.000258
1071.500000 0.000189
1072.500000 0.000189
1073.500000 0.000249
1074.500000 0.000232
1075.500000 0.000318
1076.500000 0.000422
1077.500000 0.000353
1078.500000 0.000404
1079.500000 0.000387
1080.500000 0.000456
1081.500000 0.000439
1082.500000 0.000576
1083.500000 0.000585
1084.500000 0.000757
1085.500000 0.000903
1086.500000 0.000800
1087.500000 0.000662
1088.500000 0.000766
1089.500000 0.000972
1090.500000 0.001127
1091.500000 0.001222
1092.500000 0.001462
1093.500000 0.002013
1094.500000 0.002280
1095.500000 0.002710
1096.500000 0.002692
1097.500000 0.002899
1098.500000 0.003097
1099.500000 0.003656
1100.500000 0.003837
1101.500000 0.003837
1102.500000 0.003493
1103.500000 0.003166
1104.500000 0.002718
1105.500000 0.003286
1106.500000 0.003286
1107.500000 0.003277
1108.500000 0.003553
1109.500000 0.003768
1110.500000 0.003665
1111.500000 0.003252
1112.500000 0.002916
1113.500000 0.002555
1114.500000 0.002331
1115.500000 0.002357
1116.500000 0.002237
1117.500000 0.002013
1118.500000 0.002030
1119.500000 0.001824
1120.500000 0.001634
1121.500000 0.001385
1122.500000 0.001419
1123.500000 0.001471
1124.500000 0.001368
1125.500000 0.001265
1126.500000 0.001290
1127.500000 0.001041
1128.500000 0.000981
1129.500000 0.001075
1130.500000 0.001015
1131.500000 0.001075
1132.500000 0.001161
1133.500000 0.000877
1134.500000 0.001153
1135.500000 0.001196
1136.500000 0.000963
1137.500000 0.001204
1138.500000 0.000989
1139.500000 0.000998
1140.500000 0.000955
1141.500000 0.001101
1142.500000 0.001187
1143.500000 0.001084
1144.500000 0.001222
1145.500000 0.001101
1146.500000 0.001187
1147.500000 0.001308
1148.500000 0.001135
1149.500000 0.001032
1150.500000 0.001135
1151.500000 0.001222
1152.500000 0.001153
1153.500000 0.001222
1154.500000 0.001523
1155.500000 0.001557
1156.500000 0.001256
1157.500000 0.001376
1158.500000 0.001368
1159.500000 0.001445
1160.500000 0.001299
1161.500000 0.001437
1162.500000 0.001299
1163.500000 0.001488
1164.500000 0.001351
1165.500000 0.001755
1166.500000 0.001557
1167.500000 0.001746
1168.500000 0.001617
1169.500000 0.001643
1170.500000 0.001548
1171.500000 0.001677
1172.500000 0.002039
1173.500000 0.002082
1174.500000 0.002056
1175.500000 0.002168
1176.500000 0.002176
1177.500000 0.002503
1178.500000 0.002211
1179.500000 0.002495
1180.500000 0.002727
1181.500000 0.002916
1182.500000 0.003355
1183.500000 0.003690
1184.500000 0.003742
1185.500000 0.003785
1186.500000 0.004129
1187.500000 0.004206
1188.500000 0.004637
1189.500000 0.004834
1190.500000 0.005127
1191.500000 0.006391
1192.500000 0.006331
1193.500000 0.007148
1194.500000 0.008172
1195.500000 0.008576
1196.500000 0.009161
1197.500000 0.010460
1198.500000 0.012103
1199.500000 0.014185
