0.500000 0.004764
1.500000 0.004957
2.500000 0.004539
3.500000 0.004989
4.500000 0.002607
5.500000 0.003090
6.500000 0.002543
7.500000 0.002350
8.500000 0.002221
9.500000 0.002253
10.500000 0.001738
11.500000 0.001030
12.500000 0.000837
13.500000 0.000805
14.500000 0.000901
15.500000 0.000612
16.500000 0.000547
17.500000 0.000773
18.500000 0.000773
19.500000 0.000773
20.500000 0.000515
21.500000 0.000579
22.500000 0.000451
23.500000 0.000998
24.500000 0.000547
25.500000 0.000773
26.500000 0.000579
27.500000 0.000483
28.500000 0.000612
29.500000 0.000386
30.500000 0.000354
31.500000 0.000386
32.500000 0.000290
33.500000 0.000515
34.500000 0.000322
35.500000 0.000225
36.500000 0.000322
37.500000 0.000225
38.500000 0.000225
39.500000 0.000258
40.500000 0.000225
41.500000 0.000225
42.500000 0.000290
43.500000 0.000225
44.500000 0.000515
45.500000 0.000386
46.500000 0.000193
47.500000 0.000386
48.500000 0.000193
49.500000 0.000515
50.500000 0.000129
51.500000 0.000225
52.500000 0.000225
53.500000 0.000032
54.500000 0.000097
55.500000 0.000129
56.500000 0.000225
57.500000 0.000193
58.500000 0.000290
59.500000 0.000064
60.500000 0.000032
61.500000 0.000064
62.500000 0.000193
63.500000 0.000097
64.500000 0.000097
65.500000 0.000000
66.500000 0.000161
67.500000 0.000064
68.500000 0.000000
69.500000 0.000129
70.500000 0.000225
71.500000 0.000097
72.500000 0.000225
73.500000 0.000161
74.500000 0.000097
75.500000 0.000064
76.500000 0.000225
77.500000 0.000129
78.500000 0.000032
79.500000 0.000097
80.500000 0.000097
81.500000 0.000097
82.500000 0.000193
83.500000 0.000064
84.500000 0.000097
85.500000 0.000097
86.500000 0.000032
87.500000 0.000161
88.500000 0.000032
89.500000 0.000097
90.500000 0.000064
91.500000 0.000129
92.500000 0.000032
93.500000 0.000097
94.500000 0.000225
95.500000 0.000064
96.500000 0.000097
97.500000 0.000064
98.500000 0.000129
99.500000 0.000032
100.500000 0.000097
101.500000 0.000097
102.500000 0.000097
103.500000 0.000097
104.500000 0.000161
105.500000 0.000161
106.500000 0.000097
107.500000 0.000129
108.500000 0.000161
109.500000 0.000064
110.500000 0.000193
111.500000 0.000129
112.500000 0.000064
113.500000 0.000064
114.500000 0.000064
115.500000 0.000064
116.500000 0.000032
117.500000 0.000097
118.500000 0.000032
119.500000 0.000064
120.500000 0.000064
121.500000 0.000129
122.500000 0.000000
123.500000 0.000032
124.500000 0.000161
125.500000 0.000129
126.500000 0.000064
127.500000 0.000161
128.500000 0.000097
129.500000 0.000097
130.500000 0.000129
131.500000 0.000129
132.500000 0.000161
133.500000 0.000225
134.500000 0.000129
135.500000 0.000129
136.500000 0.000064
137.500000 0.000097
138.500000 0.000097
139.500000 0.000225
140.500000 0.000097
141.500000 0.000129
142.500000 0.000097
143.500000 0.000097
144.500000 0.000161
145.500000 0.000032
146.500000 0.000064
147.500000 0.000129
148.500000 0.000290
149.500000 0.000097
150.500000 0.000032
151.500000 0.000097
152.500000 0.000097
153.500000 0.000418
154.500000 0.000161
155.500000 0.000161
156.500000 0.000193
157.500000 0.000354
158.500000 0.000225
159.500000 0.000418
160.500000 0.000354
161.500000 0.000258
162.500000 0.000418
163.500000 0.000161
164.500000 0.000225
165.500000 0.000515
166.500000 0.000322
167.500000 0.000418
168.500000 0.000386
169.500000 0.000579
170.500000 0.000225
171.500000 0.000451
172.500000 0.000579
173.500000 0.000515
174.500000 0.000644
175.500000 0.000708
176.500000 0.000644
177.500000 0.000740
178.500000 0.000579
179.500000 0.000483
180.500000 0.000901
181.500000 0.000547
182.500000 0.000901
183.500000 0.000515
184.500000 0.001159
185.500000 0.001288
186.500000 0.001577
187.500000 0.001609
188.500000 0.001674
189.500000 0.001803
190.500000 0.001642
191.500000 0.001513
192.500000 0.001931
193.500000 0.002092
194.500000 0.002607
195.500000 0.001577
196.500000 0.001996
197.500000 0.002350
198.500000 0.002607
199.500000 0.002318
200.500000 0.002285
201.500000 0.002318
202.500000 0.002382
203.500000 0.002672
204.500000 0.002639
205.500000 0.003090
206.500000 0.002929
207.500000 0.003669
208.500000 0.002124
209.500000 0.001770
210.500000 0.001996
211.500000 0.002446
212.500000 0.001963
213.500000 0.001674
214.500000 0.001416
215.500000 0.001352
216.500000 0.001642
217.500000 0.001127
218.500000 0.000998
219.500000 0.001384
220.500000 0.001352
221.500000 0.001030
222.500000 0.000933
223.500000 0.000837
224.500000 0.000933
225.500000 0.000901
226.500000 0.000708
227.500000 0.000612
228.500000 0.000869
229.500000 0.000805
230.500000 0.000966
231.500000 0.000644
232.500000 0.000483
233.500000 0.001094
234.500000 0.000966
235.500000 0.000515
236.500000 0.000773
237.500000 0.000644
238.500000 0.000869
239.500000 0.000515
240.500000 0.000547
241.500000 0.000515
242.500000 0.000676
243.500000 0.000612
244.500000 0.000451
245.500000 0.000451
246.500000 0.000354
247.500000 0.000451
248.500000 0.000451
249.500000 0.000644
250.500000 0.000579
251.500000 0.000418
252.500000 0.000354
253.500000 0.000322
254.500000 0.000386
255.500000 0.000612
256.500000 0.000322
257.500000 0.000547
258.500000 0.000386
259.500000 0.000579
260.500000 0.000579
261.500000 0.000290
262.500000 0.000354
263.500000 0.000451
264.500000 0.000418
265.500000 0.000225
266.500000 0.000386
267.500000 0.000515
268.500000 0.000354
269.500000 0.000483
270.500000 0.000225
271.500000 0.000290
272.500000 0.000322
273.500000 0.000547
274.500000 0.000418
275.500000 0.000354
276.500000 0.000386
277.500000 0.000290
278.500000 0.000483
279.500000 0.000290
280.500000 0.000354
281.500000 0.000386
282.500000 0.000418
283.500000 0.000386
284.500000 0.000322
285.500000 0.000644
286.500000 0.000354
287.500000 0.000225
288.500000 0.000386
289.500000 0.000354
290.500000 0.000386
291.500000 0.000258
292.500000 0.000451
293.500000 0.000386
294.500000 0.000354
295.500000 0.000258
296.500000 0.000418
297.500000 0.000483
298.500000 0.000547
299.500000 0.000483
300.500000 0.000451
301.500000 0.000129
302.500000 0.000225
303.500000 0.000579
304.500000 0.000547
305.500000 0.000354
306.500000 0.000579
307.500000 0.000515
308.500000 0.000515
309.500000 0.000290
310.500000 0.000322
311.500000 0.000225
312.500000 0.000225
313.500000 0.000225
314.500000 0.000386
315.500000 0.000258
316.500000 0.000386
317.500000 0.000161
318.500000 0.000258
319.500000 0.000386
320.500000 0.000418
321.500000 0.000290
322.500000 0.000483
323.500000 0.000515
324.500000 0.000418
325.500000 0.000451
326.500000 0.000354
327.500000 0.000451
328.500000 0.000386
329.500000 0.000483
330.500000 0.000354
331.500000 0.000708
332.500000 0.000354
333.500000 0.000483
334.500000 0.000483
335.500000 0.000483
336.500000 0.000290
337.500000 0.000547
338.500000 0.000612
339.500000 0.000612
340.500000 0.000708
341.500000 0.000483
342.500000 0.000612
343.500000 0.000354
344.500000 0.000644
345.500000 0.000805
346.500000 0.000708
347.500000 0.000547
348.500000 0.000901
349.500000 0.000805
350.500000 0.000740
351.500000 0.000740
352.500000 0.000901
353.500000 0.000708
354.500000 0.001223
355.500000 0.000998
356.500000 0.001030
357.500000 0.000933
358.500000 0.000837
359.500000 0.001191
360.500000 0.001191
361.500000 0.001223
362.500000 0.001062
363.500000 0.001191
364.500000 0.001223
365.500000 0.001513
366.500000 0.001899
367.500000 0.000966
368.500000 0.001416
369.500000 0.001803
370.500000 0.001738
371.500000 0.001609
372.500000 0.002350
373.500000 0.002189
374.500000 0.002285
375.500000 0.002639
376.500000 0.002446
377.500000 0.003734
378.500000 0.003187
379.500000 0.002768
380.500000 0.003380
381.500000 0.004700
382.500000 0.003444
383.500000 0.004088
384.500000 0.003444
385.500000 0.004185
386.500000 0.003315
387.500000 0.004828
388.500000 0.005215
389.500000 0.004989
390.500000 0.004313
391.500000 0.003348
392.500000 0.002833
393.500000 0.003380
394.500000 0.001963
395.500000 0.002157
396.500000 0.002253
397.500000 0.002189
398.500000 0.001963
399.500000 0.001706
400.500000 0.001738
401.500000 0.001674
402.500000 0.001609
403.500000 0.001416
404.500000 0.001899
405.500000 0.001094
406.500000 0.000998
407.500000 0.001191
408.500000 0.001255
409.500000 0.001481
410.500000 0.001835
411.500000 0.001223
412.500000 0.001320
413.500000 0.001191
414.500000 0.000933
415.500000 0.000708
416.500000 0.000998
417.500000 0.000966
418.500000 0.000933
419.500000 0.000612
420.500000 0.000773
421.500000 0.000740
422.500000 0.000676
423.500000 0.000451
424.500000 0.000773
425.500000 0.000676
426.500000 0.000579
427.500000 0.000515
428.500000 0.000451
429.500000 0.000386
430.500000 0.000483
431.500000 0.000386
432.500000 0.000451
433.500000 0.000386
434.500000 0.000547
435.500000 0.000418
436.500000 0.000225
437.500000 0.000290
438.500000 0.000225
439.500000 0.000418
440.500000 0.000322
441.500000 0.000193
442.500000 0.000193
443.500000 0.000547
444.500000 0.000290
445.500000 0.000418
446.500000 0.000258
447.500000 0.000290
448.500000 0.000515
449.500000 0.000193
450.500000 0.000193
451.500000 0.000258
452.500000 0.000354
453.500000 0.000225
454.500000 0.000097
455.500000 0.000290
456.500000 0.000258
457.500000 0.000258
458.500000 0.000225
459.500000 0.000258
460.500000 0.000290
461.500000 0.000032
462.500000 0.000258
463.500000 0.000290
464.500000 0.000161
465.500000 0.000322
466.500000 0.000290
467.500000 0.000193
468.500000 0.000258
469.500000 0.000161
470.500000 0.000129
471.500000 0.000097
472.500000 0.000193
473.500000 0.000161
474.500000 0.000225
475.500000 0.000258
476.500000 0.000129
477.500000 0.000193
478.500000 0.000064
479.500000 0.000290
480.500000 0.000097
481.500000 0.000290
482.500000 0.000161
483.500000 0.000225
484.500000 0.000193
485.500000 0.000258
486.500000 0.000161
487.500000 0.000290
488.500000 0.000225
489.500000 0.000129
490.500000 0.000290
491.500000 0.000097
492.500000 0.000064
493.500000 0.000129
494.500000 0.000290
495.500000 0.000193
496.500000 0.000064
497.500000 0.000129
498.500000 0.000225
499.500000 0.000225
500.500000 0.000322
501.500000 0.000161
502.500000 0.000097
503.500000 0.000225
504.500000 0.000290
505.500000 0.000129
506.500000 0.000064
507.500000 0.000129
508.500000 0.000064
509.500000 0.000097
510.500000 0.000258
511.500000 0.000129
512.500000 0.000225
513.500000 0.000193
514.500000 0.000032
515.500000 0.000129
516.500000 0.000097
517.500000 0.000032
518.500000 0.000161
519.500000 0.000258
520.500000 0.000129
521.500000 0.000064
522.500000 0.000064
523.500000 0.000097
524.500000 0.000097
525.500000 0.000000
526.500000 0.000097
527.500000 0.000097
528.500000 0.000064
529.500000 0.000161
530.500000 0.000097
531.500000 0.000097
532.500000 0.000161
533.500000 0.000193
534.500000 0.000097
535.500000 0.000097
536.500000 0.000258
537.500000 0.000097
538.500000 0.000097
539.500000 0.000097
540.500000 0.000032
541.500000 0.000097
542.500000 0.000129
543.500000 0.000097
544.500000 0.000258
545.500000 0.000161
546.500000 0.000129
547.500000 0.000097
548.500000 0.000193
549.500000 0.000064
550.500000 0.000097
551.500000 0.000161
552.500000 0.000161
553.500000 0.000258
554.500000 0.000161
555.500000 0.000258
556.500000 0.000064
557.500000 0.000258
558.500000 0.000161
559.500000 0.000258
560.500000 0.000258
561.500000 0.000161
562.500000 0.000161
563.500000 0.000129
564.500000 0.000032
565.500000 0.000097
566.500000 0.000193
567.500000 0.000097
568.500000 0.000225
569.500000 0.000225
570.500000 0.000354
571.500000 0.000354
572.500000 0.000418
573.500000 0.000258
574.500000 0.000161
575.500000 0.000193
576.500000 0.000097
577.500000 0.000290
578.500000 0.000451
579.500000 0.000386
580.500000 0.000290
581.500000 0.000258
582.500000 0.000483
583.500000 0.000612
584.500000 0.000515
585.500000 0.000515
586.500000 0.000612
587.500000 0.000579
588.500000 0.000515
589.500000 0.000547
590.500000 0.000258
591.500000 0.000579
592.500000 0.000354
593.500000 0.000451
594.500000 0.000322
595.500000 0.000354
596.500000 0.000386
597.500000 0.000354
598.500000 0.000483
599.500000 0.000579
600.500000 0.000515
601.500000 0.000676
602.500000 0.000258
603.500000 0.000354
604.500000 0.000515
605.500000 0.000451
606.500000 0.000418
607.500000 0.000386
608.500000 0.000322
609.500000 0.000515
610.500000 0.000483
611.500000 0.000290
612.500000 0.000354
613.500000 0.000515
614.500000 0.000354
615.500000 0.000418
616.500000 0.000451
617.500000 0.000386
618.500000 0.000354
619.500000 0.000354
620.500000 0.000451
621.500000 0.000483
622.500000 0.000515
623.500000 0.000386
624.500000 0.000515
625.500000 0.000258
626.500000 0.000612
627.500000 0.000547
628.500000 0.000418
629.500000 0.000193
630.500000 0.000612
631.500000 0.000612
632.500000 0.000418
633.500000 0.000515
634.500000 0.000451
635.500000 0.000418
636.500000 0.000225
637.500000 0.000418
638.500000 0.000386
639.500000 0.000579
640.500000 0.000805
641.500000 0.000644
642.500000 0.000451
643.500000 0.000644
644.500000 0.000644
645.500000 0.000579
646.500000 0.000740
647.500000 0.000998
648.500000 0.000966
649.500000 0.000966
650.500000 0.000933
651.500000 0.000998
652.500000 0.000676
653.500000 0.001030
654.500000 0.000966
655.500000 0.000966
656.500000 0.001127
657.500000 0.001062
658.500000 0.001030
659.500000 0.000901
660.500000 0.001127
661.500000 0.000998
662.500000 0.001030
663.500000 0.001384
664.500000 0.001062
665.500000 0.001223
666.500000 0.001159
667.500000 0.001288
668.500000 0.000998
669.500000 0.001191
670.500000 0.001062
671.500000 0.001223
672.500000 0.001223
673.500000 0.001545
674.500000 0.001545
675.500000 0.001320
676.500000 0.001577
677.500000 0.001609
678.500000 0.001577
679.500000 0.001416
680.500000 0.001706
681.500000 0.001577
682.500000 0.002124
683.500000 0.002253
684.500000 0.002221
685.500000 0.002736
686.500000 0.003154
687.500000 0.003251
688.500000 0.002768
689.500000 0.002865
690.500000 0.003412
691.500000 0.002994
692.500000 0.003605
693.500000 0.002672
694.500000 0.003251
695.500000 0.003702
696.500000 0.003573
697.500000 0.005440
698.500000 0.004732
699.500000 0.005215
700.500000 0.005601
701.500000 0.004249
702.500000 0.004828
703.500000 0.008176
704.500000 0.008112
705.500000 0.007307
706.500000 0.008337
707.500000 0.006051
708.500000 0.004410
709.500000 0.003637
710.500000 0.003444
711.500000 0.003187
712.500000 0.002543
713.500000 0.001867
714.500000 0.001674
715.500000 0.001352
716.500000 0.001094
717.500000 0.000773
718.500000 0.000869
719.500000 0.000547
720.500000 0.000515
721.500000 0.000547
722.500000 0.000773
723.500000 0.000773
724.500000 0.000386
725.500000 0.000612
726.500000 0.000483
727.500000 0.000386
728.500000 0.000451
729.500000 0.000483
730.500000 0.000354
731.500000 0.000322
732.500000 0.000225
733.500000 0.000386
734.500000 0.000386
735.500000 0.000258
736.500000 0.000354
737.500000 0.000515
738.500000 0.000386
739.500000 0.000515
740.500000 0.000322
741.500000 0.000193
742.500000 0.000354
743.500000 0.000225
744.500000 0.000418
745.500000 0.000258
746.500000 0.000354
747.500000 0.000515
748.500000 0.000354
749.500000 0.000386
750.500000 0.000386
751.500000 0.000418
752.500000 0.000322
753.500000 0.000290
754.500000 0.000225
755.500000 0.000225
756.500000 0.000386
757.500000 0.000290
758.500000 0.000483
759.500000 0.000225
760.500000 0.000290
761.500000 0.000225
762.500000 0.000354
763.500000 0.000225
764.500000 0.000258
765.500000 0.000129
766.500000 0.000322
767.500000 0.000193
768.500000 0.000129
769.500000 0.000225
770.500000 0.000225
771.500000 0.000193
772.500000 0.000193
773.500000 0.000258
774.500000 0.000193
775.500000 0.000161
776.500000 0.000354
777.500000 0.000161
778.500000 0.000064
779.500000 0.000193
780.500000 0.000129
781.500000 0.000161
782.500000 0.000161
783.500000 0.000097
784.500000 0.000290
785.500000 0.000097
786.500000 0.000129
787.500000 0.000161
788.500000 0.000129
789.500000 0.000097
790.500000 0.000129
791.500000 0.000097
792.500000 0.000097
793.500000 0.000097
794.500000 0.000129
795.500000 0.000097
796.500000 0.000225
797.500000 0.000161
798.500000 0.000064
799.500000 0.000097
800.500000 0.000129
801.500000 0.000129
802.500000 0.000032
803.500000 0.000161
804.500000 0.000161
805.500000 0.000097
806.500000 0.000097
807.500000 0.000064
808.500000 0.000129
809.500000 0.000129
810.500000 0.000032
811.500000 0.000064
812.500000 0.000097
813.500000 0.000129
814.500000 0.000064
815.500000 0.000161
816.500000 0.000161
817.500000 0.000129
818.500000 0.000064
819.500000 0.000193
820.500000 0.000161
821.500000 0.000064
822.500000 0.000097
823.500000 0.000129
824.500000 0.000000
825.500000 0.000161
826.500000 0.000097
827.500000 0.000161
828.500000 0.000225
829.500000 0.000097
830.500000 0.000129
831.500000 0.000129
832.500000 0.000161
833.500000 0.000354
834.500000 0.000193
835.500000 0.000225
836.500000 0.000258
837.500000 0.000161
838.500000 0.000193
839.500000 0.000193
840.500000 0.000290
841.500000 0.000225
842.500000 0.000097
843.500000 0.000225
844.500000 0.000129
845.500000 0.000129
846.500000 0.000258
847.500000 0.000515
848.500000 0.000290
849.500000 0.000386
850.500000 0.000161
851.500000 0.000354
852.500000 0.000322
853.500000 0.000290
854.500000 0.000354
855.500000 0.000258
856.500000 0.000225
857.500000 0.000290
858.500000 0.000354
859.500000 0.000258
860.500000 0.000258
861.500000 0.000290
862.500000 0.000322
863.500000 0.000418
864.500000 0.000386
865.500000 0.000515
866.500000 0.000290
867.500000 0.000322
868.500000 0.000612
869.500000 0.000547
870.500000 0.000418
871.500000 0.000676
872.500000 0.000579
873.500000 0.000579
874.500000 0.000451
875.500000 0.000708
876.500000 0.000740
877.500000 0.000515
878.500000 0.000579
879.500000 0.000740
880.500000 0.000579
881.500000 0.000451
882.500000 0.000354
883.500000 0.000708
884.500000 0.000740
885.500000 0.000773
886.500000 0.000612
887.500000 0.001062
888.500000 0.001030
889.500000 0.000773
890.500000 0.001384
891.500000 0.001448
892.500000 0.000933
893.500000 0.000998
894.500000 0.001127
895.500000 0.000901
896.500000 0.000933
897.500000 0.001159
898.500000 0.001159
899.500000 0.000966
900.500000 0.001030
901.500000 0.001062
902.500000 0.001352
903.500000 0.001513
904.500000 0.000998
905.500000 0.001223
906.500000 0.001416
907.500000 0.001030
908.500000 0.001030
909.500000 0.000869
910.500000 0.001738
911.500000 0.001674
912.500000 0.001513
913.500000 0.001320
914.500000 0.001481
915.500000 0.001448
916.500000 0.001320
917.500000 0.001384
918.500000 0.001481
919.500000 0.001448
920.500000 0.001416
921.500000 0.001609
922.500000 0.001288
923.500000 0.001352
924.500000 0.001803
925.500000 0.001513
926.500000 0.001416
927.500000 0.001867
928.500000 0.001223
929.500000 0.001320
930.500000 0.001127
931.500000 0.001159
932.500000 0.000998
933.500000 0.001159
934.500000 0.000998
935.500000 0.000805
936.500000 0.001159
937.500000 0.000933
938.500000 0.000805
939.500000 0.000869
940.500000 0.001094
941.500000 0.000837
942.500000 0.001062
943.500000 0.000612
944.500000 0.000933
945.500000 0.000869
946.500000 0.000579
947.500000 0.000644
948.500000 0.000612
949.500000 0.000644
950.500000 0.000515
951.500000 0.000386
952.500000 0.000579
953.500000 0.000644
954.500000 0.000483
955.500000 0.000547
956.500000 0.000451
957.500000 0.000483
958.500000 0.000483
959.500000 0.000773
960.500000 0.000515
961.500000 0.000418
962.500000 0.000515
963.500000 0.000258
964.500000 0.000386
965.500000 0.000322
966.500000 0.000547
967.500000 0.000386
968.500000 0.000290
969.500000 0.000225
970.500000 0.000644
971.500000 0.000386
972.500000 0.000225
973.500000 0.000515
974.500000 0.000418
975.500000 0.000225
976.500000 0.000290
977.500000 0.000386
978.500000 0.000322
979.500000 0.000193
980.500000 0.000322
981.500000 0.000161
982.500000 0.000322
983.500000 0.000290
984.500000 0.000161
985.500000 0.000354
986.500000 0.000322
987.500000 0.000354
988.500000 0.000225
989.500000 0.000290
990.500000 0.000354
991.500000 0.000225
992.500000 0.000290
993.500000 0.000290
994.500000 0.000386
995.500000 0.000258
996.500000 0.000290
997.500000 0.000290
998.500000 0.000451
999.500000 0.000193
1000.500000 0.000161
1001.500000 0.000418
1002.500000 0.000483
1003.500000 0.000258
1004.500000 0.000225
1005.500000 0.000064
1006.500000 0.000290
1007.500000 0.000386
1008.500000 0.000193
1009.500000 0.000161
1010.500000 0.000225
1011.500000 0.000225
1012.500000 0.000418
1013.500000 0.000225
1014.500000 0.000097
1015.500000 0.000322
1016.500000 0.000322
1017.500000 0.000193
1018.500000 0.000097
1019.500000 0.000354
1020.500000 0.000193
1021.500000 0.000258
1022.500000 0.000386
1023.500000 0.000258
1024.500000 0.000193
1025.500000 0.000193
1026.500000 0.000193
1027.500000 0.000225
1028.500000 0.000354
1029.500000 0.000258
1030.500000 0.000258
1031.500000 0.000225
1032.500000 0.000258
1033.500000 0.000418
1034.500000 0.000225
1035.500000 0.000161
1036.500000 0.000193
1037.500000 0.000322
1038.500000 0.000097
1039.500000 0.000322
1040.500000 0.000322
1041.500000 0.000322
1042.500000 0.000290
1043.500000 0.000290
1044.500000 0.000290
1045.500000 0.000483
1046.500000 0.000193
1047.500000 0.000386
1048.500000 0.000386
1049.500000 0.000354
1050.500000 0.000290
1051.500000 0.000354
1052.500000 0.000225
1053.500000 0.000225
1054.500000 0.000129
1055.500000 0.000483
1056.500000 0.000258
1057.500000 0.000161
1058.500000 0.000483
1059.500000 0.000290
1060.500000 0.000290
1061.500000 0.000386
1062.500000 0.000354
1063.500000 0.000515
1064.500000 0.000322
1065.500000 0.000290
1066.500000 0.000290
1067.500000 0.000290
1068.500000 0.000322
1069.500000 0.000258
1070.500000 0.000451
1071.500000 0.000386
1072.500000 0.000612
1073.500000 0.000418
1074.500000 0.000225
1075.500000 0.000418
1076.500000 0.000483
1077.500000 0.000708
1078.500000 0.000386
1079.500000 0.000322
1080.500000 0.000483
1081.500000 0.000483
1082.500000 0.000354
1083.500000 0.000451
1084.500000 0.000322
1085.500000 0.000708
1086.500000 0.000676
1087.500000 0.000547
1088.500000 0.000644
1089.500000 0.000805
1090.500000 0.000805
1091.500000 0.000933
1092.500000 0.000901
1093.500000 0.000998
1094.500000 0.000933
1095.500000 0.000901
1096.500000 0.000644
1097.500000 0.000805
1098.500000 0.001448
1099.500000 0.001384
1100.500000 0.001899
1101.500000 0.001770
1102.500000 0.002350
1103.500000 0.002060
1104.500000 0.001963
1105.500000 0.002157
1106.500000 0.002124
1107.500000 0.001803
1108.500000 0.002189
1109.500000 0.002350
1110.500000 0.002285
1111.500000 0.002157
1112.500000 0.002929
1113.500000 0.002446
1114.500000 0.002736
1115.500000 0.002092
1116.500000 0.001835
1117.500000 0.001642
1118.500000 0.002318
1119.500000 0.002414
1120.500000 0.001770
1121.500000 0.001674
1122.500000 0.001609
1123.500000 0.001609
1124.500000 0.001223
1125.500000 0.001384
1126.500000 0.001223
1127.500000 0.001481
1128.500000 0.001416
1129.500000 0.001320
1130.500000 0.001352
1131.500000 0.001255
1132.500000 0.001577
1133.500000 0.001481
1134.500000 0.001448
1135.500000 0.001223
1136.500000 0.001320
1137.500000 0.001867
1138.500000 0.001513
1139.500000 0.001448
1140.500000 0.001255
1141.500000 0.001577
1142.500000 0.001448
1143.500000 0.001191
1144.500000 0.001159
1145.500000 0.001255
1146.500000 0.001448
1147.500000 0.001191
1148.500000 0.001159
1149.500000 0.001738
1150.500000 0.001706
1151.500000 0.001513
1152.500000 0.001384
1153.500000 0.001545
1154.500000 0.001545
1155.500000 0.001706
1156.500000 0.001770
1157.500000 0.001609
1158.500000 0.001609
1159.500000 0.001159
1160.500000 0.001674
1161.500000 0.002092
1162.500000 0.001642
1163.500000 0.001513
1164.500000 0.001996
1165.500000 0.001223
1166.500000 0.002028
1167.500000 0.001545
1168.500000 0.001899
1169.500000 0.001867
1170.500000 0.001803
1171.500000 0.001770
1172.500000 0.001867
1173.500000 0.002028
1174.500000 0.002189
1175.500000 0.002318
1176.500000 0.002639
1177.500000 0.002639
1178.500000 0.002189
1179.500000 0.002897
1180.500000 0.002961
1181.500000 0.002543
1182.500000 0.002607
1183.500000 0.002736
1184.500000 0.003380
1185.500000 0.002543
1186.500000 0.003509
1187.500000 0.002929
1188.500000 0.003251
1189.500000 0.003090
1190.500000 0.003798
1191.500000 0.004088
1192.500000 0.004410
1193.500000 0.004989
1194.500000 0.004120
1195.500000 0.004603
1196.500000 0.004700
1197.500000 0.004925
1198.500000 0.005021
1199.500000 0.006084
