0.000000 0.000860
1.000834 0.000959
2.001668 0.001048
3.002502 0.001124
4.003336 0.001184
5.004170 0.001228
6.005004 0.001256
7.005838 0.001269
8.006672 0.001267
9.007506 0.001254
10.008340 0.001231
11.009174 0.001200
12.010008 0.001164
13.010842 0.001124
14.011676 0.001082
15.012510 0.001039
16.013344 0.000996
17.014178 0.000954
18.015013 0.000912
19.015847 0.000873
20.016681 0.000835
21.017515 0.000799
22.018349 0.000765
23.019183 0.000733
24.020017 0.000703
25.020851 0.000674
26.021685 0.000647
27.022519 0.000621
28.023353 0.000597
29.024187 0.000574
30.025021 0.000553
31.025855 0.000533
32.026689 0.000515
33.027523 0.000498
34.028357 0.000482
35.029191 0.000467
36.030025 0.000453
37.030859 0.000440
38.031693 0.000427
39.032527 0.000414
40.033361 0.000401
41.034195 0.000389
42.035029 0.000376
43.035863 0.000363
44.036697 0.000351
45.037531 0.000340
46.038365 0.000329
47.039199 0.000319
48.040033 0.000309
49.040867 0.000301
50.041701 0.000294
51.042535 0.000288
52.043369 0.000282
53.044204 0.000277
54.045038 0.000273
55.045872 0.000270
56.046706 0.000267
57.047540 0.000264
58.048374 0.000263
59.049208 0.000261
60.050042 0.000261
61.050876 0.000261
62.051710 0.000261
63.052544 0.000262
64.053378 0.000264
65.054212 0.000266
66.055046 0.000269
67.055880 0.000272
68.056714 0.000276
69.057548 0.000279
70.058382 0.000283
71.059216 0.000286
72.060050 0.000290
73.060884 0.000292
74.061718 0.000294
75.062552 0.000295
76.063386 0.000295
77.064220 0.000294
78.065054 0.000292
79.065888 0.000290
80.066722 0.000287
81.067556 0.000284
82.068390 0.000282
83.069224 0.000279
84.070058 0.000277
85.070892 0.000276
86.071726 0.000275
87.072560 0.000275
88.073394 0.000275
89.074229 0.000275
90.075063 0.000275
91.075897 0.000275
92.076731 0.000275
93.077565 0.000275
94.078399 0.000274
95.079233 0.000273
96.080067 0.000273
97.080901 0.000273
98.081735 0.000273
99.082569 0.000274
100.083403 0.000276
101.084237 0.000279
102.085071 0.000283
103.085905 0.000287
104.086739 0.000291
105.087573 0.000296
106.088407 0.000300
107.089241 0.000304
108.090075 0.000308
109.090909 0.000311
110.091743 0.000315
111.092577 0.000318
112.093411 0.000322
113.094245 0.000326
114.095079 0.000331
115.095913 0.000337
116.096747 0.000344
117.097581 0.000352
118.098415 0.000361
119.099249 0.000370
120.100083 0.000381
121.100917 0.000391
122.101751 0.000402
123.102585 0.000413
124.103420 0.000424
125.104254 0.000435
126.105088 0.000446
127.105922 0.000457
128.106756 0.000468
129.107590 0.000478
130.108424 0.000488
131.109258 0.000498
132.110092 0.000508
133.110926 0.000517
134.111760 0.000527
135.112594 0.000536
136.113428 0.000546
137.114262 0.000556
138.115096 0.000566
139.115930 0.000577
140.116764 0.000587
141.117598 0.000598
142.118432 0.000608
143.119266 0.000619
144.120100 0.000629
145.120934 0.000640
146.121768 0.000650
147.122602 0.000661
148.123436 0.000672
149.124270 0.000684
150.125104 0.000696
151.125938 0.000709
152.126772 0.000722
153.127606 0.000737
154.128440 0.000752
155.129274 0.000768
156.130108 0.000785
157.130942 0.000803
158.131776 0.000821
159.132611 0.000840
160.133445 0.000859
161.134279 0.000879
162.135113 0.000898
163.135947 0.000918
164.136781 0.000937
165.137615 0.000955
166.138449 0.000973
167.139283 0.000990
168.140117 0.001005
169.140951 0.001021
170.141785 0.001035
171.142619 0.001049
172.143453 0.001063
173.144287 0.001078
174.145121 0.001093
175.145955 0.001108
176.146789 0.001125
177.147623 0.001142
178.148457 0.001160
179.149291 0.001179
180.150125 0.001196
181.150959 0.001213
182.151793 0.001228
183.152627 0.001241
184.153461 0.001251
185.154295 0.001257
186.155129 0.001260
187.155963 0.001260
188.156797 0.001256
189.157631 0.001249
190.158465 0.001239
191.159299 0.001227
192.160133 0.001214
193.160967 0.001199
194.161802 0.001184
195.162636 0.001168
196.163470 0.001153
197.164304 0.001139
198.165138 0.001126
199.165972 0.001113
200.166806 0.001102
201.167640 0.001090
202.168474 0.001078
203.169308 0.001065
204.170142 0.001051
205.170976 0.001036
206.171810 0.001019
207.172644 0.001001
208.173478 0.000982
209.174312 0.000962
210.175146 0.000942
211.175980 0.000921
212.176814 0.000901
213.177648 0.000881
214.178482 0.000861
215.179316 0.000842
216.180150 0.000824
217.180984 0.000806
218.181818 0.000789
219.182652 0.000773
220.183486 0.000757
221.184320 0.000742
222.185154 0.000728
223.185988 0.000714
224.186822 0.000702
225.187656 0.000690
226.188490 0.000679
227.189324 0.000669
228.190158 0.000660
229.190992 0.000652
230.191827 0.000645
231.192661 0.000638
232.193495 0.000632
233.194329 0.000626
234.195163 0.000620
235.195997 0.000613
236.196831 0.000606
237.197665 0.000600
238.198499 0.000592
239.199333 0.000585
240.200167 0.000577
241.201001 0.000570
242.201835 0.000562
243.202669 0.000555
244.203503 0.000548
245.204337 0.000542
246.205171 0.000536
247.206005 0.000531
248.206839 0.000526
249.207673 0.000521
250.208507 0.000517
251.209341 0.000513
252.210175 0.000510
253.211009 0.000507
254.211843 0.000503
255.212677 0.000500
256.213511 0.000497
257.214345 0.000494
258.215179 0.000491
259.216013 0.000488
260.216847 0.000485
261.217681 0.000481
262.218515 0.000478
263.219349 0.000474
264.220183 0.000470
265.221018 0.000465
266.221852 0.000460
267.222686 0.000455
268.223520 0.000449
269.224354 0.000444
270.225188 0.000439
271.226022 0.000434
272.226856 0.000429
273.227690 0.000425
274.228524 0.000422
275.229358 0.000419
276.230192 0.000417
277.231026 0.000416
278.231860 0.000415
279.232694 0.000414
280.233528 0.000415
281.234362 0.000415
282.235196 0.000416
283.236030 0.000416
284.236864 0.000417
285.237698 0.000418
286.238532 0.000418
287.239366 0.000418
288.240200 0.000418
289.241034 0.000418
290.241868 0.000417
291.242702 0.000416
292.243536 0.000414
293.244370 0.000413
294.245204 0.000412
295.246038 0.000410
296.246872 0.000410
297.247706 0.000409
298.248540 0.000410
299.249374 0.000411
300.250209 0.000413
301.251043 0.000415
302.251877 0.000418
303.252711 0.000423
304.253545 0.000427
305.254379 0.000433
306.255213 0.000440
307.256047 0.000447
308.256881 0.000455
309.257715 0.000465
310.258549 0.000475
311.259383 0.000486
312.260217 0.000498
313.261051 0.000510
314.261885 0.000523
315.262719 0.000535
316.263553 0.000548
317.264387 0.000560
318.265221 0.000572
319.266055 0.000583
320.266889 0.000594
321.267723 0.000604
322.268557 0.000614
323.269391 0.000624
324.270225 0.000634
325.271059 0.000645
326.271893 0.000657
327.272727 0.000670
328.273561 0.000685
329.274395 0.000701
330.275229 0.000719
331.276063 0.000739
332.276897 0.000761
333.277731 0.000785
334.278565 0.000811
335.279399 0.000838
336.280234 0.000868
337.281068 0.000899
338.281902 0.000933
339.282736 0.000968
340.283570 0.001005
341.284404 0.001043
342.285238 0.001084
343.286072 0.001127
344.286906 0.001172
345.287740 0.001220
346.288574 0.001270
347.289408 0.001324
348.290242 0.001382
349.291076 0.001443
350.291910 0.001508
351.292744 0.001576
352.293578 0.001648
353.294412 0.001722
354.295246 0.001797
355.296080 0.001873
356.296914 0.001949
357.297748 0.002023
358.298582 0.002095
359.299416 0.002161
360.300250 0.002223
361.301084 0.002277
362.301918 0.002323
363.302752 0.002360
364.303586 0.002388
365.304420 0.002406
366.305254 0.002414
367.306088 0.002413
368.306922 0.002404
369.307756 0.002386
370.308590 0.002362
371.309425 0.002332
372.310259 0.002297
373.311093 0.002258
374.311927 0.002218
375.312761 0.002175
376.313595 0.002131
377.314429 0.002087
378.315263 0.002043
379.316097 0.002000
380.316931 0.001957
381.317765 0.001916
382.318599 0.001875
383.319433 0.001836
384.320267 0.001798
385.321101 0.001760
386.321935 0.001724
387.322769 0.001688
388.323603 0.001653
389.324437 0.001617
390.325271 0.001581
391.326105 0.001543
392.326939 0.001504
393.327773 0.001462
394.328607 0.001419
395.329441 0.001374
396.330275 0.001327
397.331109 0.001280
398.331943 0.001232
399.332777 0.001185
400.333611 0.001139
401.334445 0.001095
402.335279 0.001054
403.336113 0.001015
404.336947 0.000980
405.337781 0.000947
406.338616 0.000918
407.339450 0.000891
408.340284 0.000867
409.341118 0.000845
410.341952 0.000825
411.342786 0.000806
412.343620 0.000789
413.344454 0.000773
414.345288 0.000757
415.346122 0.000743
416.346956 0.000730
417.347790 0.000717
418.348624 0.000706
419.349458 0.000695
420.350292 0.000684
421.351126 0.000675
422.351960 0.000665
423.352794 0.000656
424.353628 0.000647
425.354462 0.000637
426.355296 0.000627
427.356130 0.000616
428.356964 0.000604
429.357798 0.000591
430.358632 0.000576
431.359466 0.000561
432.360300 0.000545
433.361134 0.000528
434.361968 0.000512
435.362802 0.000496
436.363636 0.000482
437.364470 0.000469
438.365304 0.000457
439.366138 0.000448
440.366972 0.000440
441.367807 0.000434
442.368641 0.000429
443.369475 0.000426
444.370309 0.000424
445.371143 0.000422
446.371977 0.000420
447.372811 0.000418
448.373645 0.000416
449.374479 0.000414
450.375313 0.000411
451.376147 0.000407
452.376981 0.000403
453.377815 0.000399
454.378649 0.000394
455.379483 0.000389
456.380317 0.000383
457.381151 0.000377
458.381985 0.000372
459.382819 0.000367
460.383653 0.000362
461.384487 0.000358
462.385321 0.000355
463.386155 0.000353
464.386989 0.000353
465.387823 0.000353
466.388657 0.000355
467.389491 0.000357
468.390325 0.000360
469.391159 0.000363
470.391993 0.000367
471.392827 0.000369
472.393661 0.000371
473.394495 0.000372
474.395329 0.000371
475.396163 0.000369
476.396997 0.000366
477.397832 0.000362
478.398666 0.000356
479.399500 0.000350
480.400334 0.000342
481.401168 0.000335
482.402002 0.000327
483.402836 0.000319
484.403670 0.000311
485.404504 0.000304
486.405338 0.000298
487.406172 0.000293
488.407006 0.000288
489.407840 0.000285
490.408674 0.000283
491.409508 0.000283
492.410342 0.000283
493.411176 0.000285
494.412010 0.000287
495.412844 0.000290
496.413678 0.000294
497.414512 0.000298
498.415346 0.000302
499.416180 0.000305
500.417014 0.000308
501.417848 0.000311
502.418682 0.000312
503.419516 0.000313
504.420350 0.000313
505.421184 0.000312
506.422018 0.000312
507.422852 0.000311
508.423686 0.000310
509.424520 0.000310
510.425354 0.000310
511.426188 0.000311
512.427023 0.000313
513.427857 0.000315
514.428691 0.000317
515.429525 0.000320
516.430359 0.000324
517.431193 0.000328
518.432027 0.000332
519.432861 0.000337
520.433695 0.000342
521.434529 0.000347
522.435363 0.000353
523.436197 0.000358
524.437031 0.000363
525.437865 0.000368
526.438699 0.000373
527.439533 0.000376
528.440367 0.000379
529.441201 0.000382
530.442035 0.000384
531.442869 0.000386
532.443703 0.000388
533.444537 0.000391
534.445371 0.000395
535.446205 0.000400
536.447039 0.000406
537.447873 0.000413
538.448707 0.000421
539.449541 0.000430
540.450375 0.000439
541.451209 0.000448
542.452043 0.000457
543.452877 0.000466
544.453711 0.000473
545.454545 0.000480
546.455379 0.000485
547.456214 0.000488
548.457048 0.000491
549.457882 0.000492
550.458716 0.000493
551.459550 0.000493
552.460384 0.000492
553.461218 0.000492
554.462052 0.000492
555.462886 0.000492
556.463720 0.000493
557.464554 0.000494
558.465388 0.000496
559.466222 0.000498
560.467056 0.000501
561.467890 0.000505
562.468724 0.000510
563.469558 0.000514
564.470392 0.000520
565.471226 0.000525
566.472060 0.000530
567.472894 0.000535
568.473728 0.000540
569.474562 0.000544
570.475396 0.000547
571.476230 0.000550
572.477064 0.000552
573.477898 0.000554
574.478732 0.000556
575.479566 0.000559
576.480400 0.000562
577.481234 0.000567
578.482068 0.000573
579.482902 0.000580
580.483736 0.000589
581.484570 0.000599
582.485405 0.000609
583.486239 0.000620
584.487073 0.000631
585.487907 0.000641
586.488741 0.000649
587.489575 0.000656
588.490409 0.000661
589.491243 0.000663
590.492077 0.000663
591.492911 0.000661
592.493745 0.000658
593.494579 0.000653
594.495413 0.000647
595.496247 0.000640
596.497081 0.000634
597.497915 0.000629
598.498749 0.000625
599.499583 0.000621
600.500417 0.000620
601.501251 0.000619
602.502085 0.000620
603.502919 0.000622
604.503753 0.000626
605.504587 0.000630
606.505421 0.000636
607.506255 0.000643
608.507089 0.000650
609.507923 0.000658
610.508757 0.000666
611.509591 0.000674
612.510425 0.000682
613.511259 0.000689
614.512093 0.000696
615.512927 0.000701
616.513761 0.000706
617.514595 0.000710
618.515430 0.000714
619.516264 0.000717
620.517098 0.000720
621.517932 0.000723
622.518766 0.000727
623.519600 0.000732
624.520434 0.000738
625.521268 0.000745
626.522102 0.000754
627.522936 0.000764
628.523770 0.000775
629.524604 0.000786
630.525438 0.000799
631.526272 0.000811
632.527106 0.000824
633.527940 0.000836
634.528774 0.000848
635.529608 0.000859
636.530442 0.000868
637.531276 0.000877
638.532110 0.000885
639.532944 0.000892
640.533778 0.000898
641.534612 0.000904
642.535446 0.000910
643.536280 0.000916
644.537114 0.000923
645.537948 0.000931
646.538782 0.000940
647.539616 0.000950
648.540450 0.000962
649.541284 0.000975
650.542118 0.000990
651.542952 0.001006
652.543786 0.001024
653.544621 0.001042
654.545455 0.001061
655.546289 0.001081
656.547123 0.001102
657.547957 0.001123
658.548791 0.001144
659.549625 0.001165
660.550459 0.001185
661.551293 0.001206
662.552127 0.001226
663.552961 0.001245
664.553795 0.001264
665.554629 0.001284
666.555463 0.001303
667.556297 0.001322
668.557131 0.001343
669.557965 0.001364
670.558799 0.001386
671.559633 0.001409
672.560467 0.001433
673.561301 0.001458
674.562135 0.001483
675.562969 0.001508
676.563803 0.001533
677.564637 0.001556
678.565471 0.001577
679.566305 0.001596
680.567139 0.001613
681.567973 0.001627
682.568807 0.001637
683.569641 0.001644
684.570475 0.001648
685.571309 0.001647
686.572143 0.001643
687.572977 0.001635
688.573812 0.001624
689.574646 0.001608
690.575480 0.001590
691.576314 0.001567
692.577148 0.001542
693.577982 0.001513
694.578816 0.001482
695.579650 0.001448
696.580484 0.001412
697.581318 0.001374
698.582152 0.001334
699.582986 0.001293
700.583820 0.001251
701.584654 0.001208
702.585488 0.001164
703.586322 0.001120
704.587156 0.001075
705.587990 0.001030
706.588824 0.000984
707.589658 0.000939
708.590492 0.000893
709.591326 0.000848
710.592160 0.000803
711.592994 0.000759
712.593828 0.000717
713.594662 0.000676
714.595496 0.000637
715.596330 0.000600
716.597164 0.000567
717.597998 0.000536
718.598832 0.000509
719.599666 0.000485
720.600500 0.000464
721.601334 0.000446
722.602168 0.000431
723.603003 0.000418
724.603837 0.000407
725.604671 0.000398
726.605505 0.000390
727.606339 0.000383
728.607173 0.000377
729.608007 0.000372
730.608841 0.000367
731.609675 0.000362
732.610509 0.000357
733.611343 0.000352
734.612177 0.000346
735.613011 0.000340
736.613845 0.000333
737.614679 0.000325
738.615513 0.000316
739.616347 0.000306
740.617181 0.000295
741.618015 0.000285
742.618849 0.000274
743.619683 0.000264
744.620517 0.000254
745.621351 0.000246
746.622185 0.000238
747.623019 0.000230
748.623853 0.000224
749.624687 0.000218
750.625521 0.000212
751.626355 0.000207
752.627189 0.000202
753.628023 0.000197
754.628857 0.000193
755.629691 0.000189
756.630525 0.000185
757.631359 0.000182
758.632193 0.000179
759.633028 0.000177
760.633862 0.000175
761.634696 0.000173
762.635530 0.000171
763.636364 0.000170
764.637198 0.000169
765.638032 0.000168
766.638866 0.000167
767.639700 0.000166
768.640534 0.000164
769.641368 0.000163
770.642202 0.000162
771.643036 0.000162
772.643870 0.000161
773.644704 0.000160
774.645538 0.000160
775.646372 0.000159
776.647206 0.000159
777.648040 0.000159
778.648874 0.000160
779.649708 0.000160
780.650542 0.000161
781.651376 0.000162
782.652210 0.000163
783.653044 0.000164
784.653878 0.000165
785.654712 0.000166
786.655546 0.000167
787.656380 0.000168
788.657214 0.000168
789.658048 0.000169
790.658882 0.000169
791.659716 0.000169
792.660550 0.000169
793.661384 0.000169
794.662219 0.000169
795.663053 0.000170
796.663887 0.000170
797.664721 0.000171
798.665555 0.000172
799.666389 0.000174
800.667223 0.000175
801.668057 0.000177
802.668891 0.000179
803.669725 0.000181
804.670559 0.000183
805.671393 0.000185
806.672227 0.000187
807.673061 0.000190
808.673895 0.000193
809.674729 0.000196
810.675563 0.000199
811.676397 0.000202
812.677231 0.000206
813.678065 0.000210
814.678899 0.000213
815.679733 0.000216
816.680567 0.000219
817.681401 0.000221
818.682235 0.000224
819.683069 0.000225
820.683903 0.000227
821.684737 0.000229
822.685571 0.000230
823.686405 0.000232
824.687239 0.000234
825.688073 0.000237
826.688907 0.000241
827.689741 0.000245
828.690575 0.000249
829.691410 0.000255
830.692244 0.000261
831.693078 0.000267
832.693912 0.000273
833.694746 0.000280
834.695580 0.000286
835.696414 0.000293
836.697248 0.000300
837.698082 0.000306
838.698916 0.000313
839.699750 0.000320
840.700584 0.000328
841.701418 0.000337
842.702252 0.000346
843.703086 0.000357
844.703920 0.000369
845.704754 0.000382
846.705588 0.000396
847.706422 0.000411
848.707256 0.000427
849.708090 0.000443
850.708924 0.000459
851.709758 0.000475
852.710592 0.000491
853.711426 0.000507
854.712260 0.000523
855.713094 0.000538
856.713928 0.000553
857.714762 0.000568
858.715596 0.000582
859.716430 0.000597
860.717264 0.000612
861.718098 0.000627
862.718932 0.000642
863.719766 0.000657
864.720601 0.000672
865.721435 0.000688
866.722269 0.000704
867.723103 0.000719
868.723937 0.000735
869.724771 0.000751
870.725605 0.000766
871.726439 0.000781
872.727273 0.000795
873.728107 0.000809
874.728941 0.000822
875.729775 0.000835
876.730609 0.000846
877.731443 0.000857
878.732277 0.000867
879.733111 0.000875
880.733945 0.000883
881.734779 0.000889
882.735613 0.000894
883.736447 0.000897
884.737281 0.000898
885.738115 0.000898
886.738949 0.000896
887.739783 0.000891
888.740617 0.000886
889.741451 0.000878
890.742285 0.000869
891.743119 0.000858
892.743953 0.000846
893.744787 0.000833
894.745621 0.000820
895.746455 0.000806
896.747289 0.000792
897.748123 0.000779
898.748957 0.000765
899.749791 0.000752
900.750626 0.000739
901.751460 0.000726
902.752294 0.000714
903.753128 0.000702
904.753962 0.000691
905.754796 0.000680
906.755630 0.000671
907.756464 0.000662
908.757298 0.000654
909.758132 0.000647
910.758966 0.000640
911.759800 0.000634
912.760634 0.000628
913.761468 0.000623
914.762302 0.000617
915.763136 0.000612
916.763970 0.000607
917.764804 0.000602
918.765638 0.000597
919.766472 0.000593
920.767306 0.000589
921.768140 0.000585
922.768974 0.000582
923.769808 0.000579
924.770642 0.000576
925.771476 0.000574
926.772310 0.000571
927.773144 0.000568
928.773978 0.000564
929.774812 0.000561
930.775646 0.000557
931.776480 0.000554
932.777314 0.000550
933.778148 0.000547
934.778982 0.000545
935.779817 0.000543
936.780651 0.000541
937.781485 0.000540
938.782319 0.000539
939.783153 0.000538
940.783987 0.000537
941.784821 0.000535
942.785655 0.000533
943.786489 0.000531
944.787323 0.000528
945.788157 0.000524
946.788991 0.000520
947.789825 0.000516
948.790659 0.000512
949.791493 0.000508
950.792327 0.000504
951.793161 0.000501
952.793995 0.000498
953.794829 0.000496
954.795663 0.000496
955.796497 0.000496
956.797331 0.000498
957.798165 0.000500
958.798999 0.000503
959.799833 0.000506
960.800667 0.000509
961.801501 0.000512
962.802335 0.000514
963.803169 0.000516
964.804003 0.000518
965.804837 0.000520
966.805671 0.000521
967.806505 0.000522
968.807339 0.000523
969.808173 0.000525
970.809008 0.000526
971.809842 0.000528
972.810676 0.000530
973.811510 0.000531
974.812344 0.000533
975.813178 0.000533
976.814012 0.000534
977.814846 0.000534
978.815680 0.000532
979.816514 0.000531
980.817348 0.000529
981.818182 0.000526
982.819016 0.000523
983.819850 0.000520
984.820684 0.000516
985.821518 0.000514
986.822352 0.000511
987.823186 0.000509
988.824020 0.000507
989.824854 0.000505
990.825688 0.000504
991.826522 0.000503
992.827356 0.000503
993.828190 0.000503
994.829024 0.000504
995.829858 0.000505
996.830692 0.000507
997.831526 0.000509
998.832360 0.000513
999.833194 0.000517
1000.834028 0.000523
1001.834862 0.000529
1002.835696 0.000536
1003.836530 0.000544
1004.837364 0.000553
1005.838198 0.000563
1006.839033 0.000573
1007.839867 0.000583
1008.840701 0.000594
1009.841535 0.000605
1010.842369 0.000616
1011.843203 0.000626
1012.844037 0.000636
1013.844871 0.000646
1014.845705 0.000655
1015.846539 0.000663
1016.847373 0.000672
1017.848207 0.000680
1018.849041 0.000688
1019.849875 0.000697
1020.850709 0.000707
1021.851543 0.000717
1022.852377 0.000728
1023.853211 0.000740
1024.854045 0.000753
1025.854879 0.000767
1026.855713 0.000781
1027.856547 0.000796
1028.857381 0.000810
1029.858215 0.000825
1030.859049 0.000839
1031.859883 0.000852
1032.860717 0.000864
1033.861551 0.000876
1034.862385 0.000886
1035.863219 0.000896
1036.864053 0.000904
1037.864887 0.000911
1038.865721 0.000916
1039.866555 0.000921
1040.867389 0.000925
1041.868224 0.000928
1042.869058 0.000931
1043.869892 0.000933
1044.870726 0.000936
1045.871560 0.000939
1046.872394 0.000942
1047.873228 0.000946
1048.874062 0.000951
1049.874896 0.000957
1050.875730 0.000963
1051.876564 0.000970
1052.877398 0.000977
1053.878232 0.000985
1054.879066 0.000993
1055.879900 0.001002
1056.880734 0.001011
1057.881568 0.001022
1058.882402 0.001034
1059.883236 0.001049
1060.884070 0.001065
1061.884904 0.001085
1062.885738 0.001108
1063.886572 0.001134
1064.887406 0.001164
1065.888240 0.001197
1066.889074 0.001234
1067.889908 0.001274
1068.890742 0.001317
1069.891576 0.001363
1070.892410 0.001412
1071.893244 0.001463
1072.894078 0.001517
1073.894912 0.001573
1074.895746 0.001630
1075.896580 0.001689
1076.897415 0.001749
1077.898249 0.001808
1078.899083 0.001866
1079.899917 0.001921
1080.900751 0.001972
1081.901585 0.002018
1082.902419 0.002057
1083.903253 0.002088
1084.904087 0.002111
1085.904921 0.002123
1086.905755 0.002125
1087.906589 0.002118
1088.907423 0.002100
1089.908257 0.002074
1090.909091 0.002041
1091.909925 0.002000
1092.910759 0.001954
1093.911593 0.001905
1094.912427 0.001854
1095.913261 0.001802
1096.914095 0.001750
1097.914929 0.001701
1098.915763 0.001654
1099.916597 0.001612
1100.917431 0.001574
1101.918265 0.001541
1102.919099 0.001513
1103.919933 0.001490
1104.920767 0.001473
1105.921601 0.001461
1106.922435 0.001455
1107.923269 0.001453
1108.924103 0.001456
1109.924937 0.001463
1110.925771 0.001473
1111.926606 0.001485
1112.927440 0.001498
1113.928274 0.001512
1114.929108 0.001525
1115.929942 0.001538
1116.930776 0.001548
1117.931610 0.001557
1118.932444 0.001563
1119.933278 0.001567
1120.934112 0.001569
1121.934946 0.001568
1122.935780 0.001567
1123.936614 0.001564
1124.937448 0.001560
1125.938282 0.001556
1126.939116 0.001552
1127.939950 0.001548
1128.940784 0.001545
1129.941618 0.001543
1130.942452 0.001542
1131.943286 0.001543
1132.944120 0.001545
1133.944954 0.001550
1134.945788 0.001556
1135.946622 0.001565
1136.947456 0.001577
1137.948290 0.001591
1138.949124 0.001607
1139.949958 0.001626
1140.950792 0.001647
1141.951626 0.001670
1142.952460 0.001694
1143.953294 0.001719
1144.954128 0.001744
1145.954962 0.001768
1146.955796 0.001792
1147.956631 0.001813
1148.957465 0.001832
1149.958299 0.001848
1150.959133 0.001862
1151.959967 0.001873
1152.960801 0.001883
1153.961635 0.001892
1154.962469 0.001900
1155.963303 0.001908
1156.964137 0.001918
1157.964971 0.001931
1158.965805 0.001946
1159.966639 0.001965
1160.967473 0.001988
1161.968307 0.002015
1162.969141 0.002047
1163.969975 0.002083
1164.970809 0.002124
1165.971643 0.002169
1166.972477 0.002218
1167.973311 0.002270
1168.974145 0.002326
1169.974979 0.002385
1170.975813 0.002447
1171.976647 0.002513
1172.977481 0.002582
1173.978315 0.002656
1174.979149 0.002734
1175.979983 0.002815
1176.980817 0.002901
1177.981651 0.002990
1178.982485 0.003081
1179.983319 0.003172
1180.984153 0.003262
1181.984987 0.003348
1182.985822 0.003427
1183.986656 0.003497
1184.987490 0.003555
1185.988324 0.003598
1186.989158 0.003623
1187.989992 0.003628
1188.990826 0.003608
1189.991660 0.003563
1190.992494 0.003489
1191.993328 0.003386
1192.994162 0.003252
1193.994996 0.003087
1194.995830 0.002895
1195.996664 0.002678
1196.997498 0.002440
1197.998332 0.002188
1198.999166 0.001928
1200.000000 0.001669
