0.000000 0.001425
1.000834 0.001546
2.001668 0.001654
3.002502 0.001748
4.003336 0.001824
5.004170 0.001882
6.005004 0.001920
7.005838 0.001939
8.006672 0.001939
9.007506 0.001923
10.008340 0.001891
11.009174 0.001846
12.010008 0.001791
13.010842 0.001729
14.011676 0.001661
15.012510 0.001590
16.013344 0.001518
17.014178 0.001447
18.015013 0.001377
19.015847 0.001310
20.016681 0.001245
21.017515 0.001185
22.018349 0.001128
23.019183 0.001074
24.020017 0.001024
25.020851 0.000976
26.021685 0.000932
27.022519 0.000890
28.023353 0.000850
29.024187 0.000813
30.025021 0.000777
31.025855 0.000744
32.026689 0.000712
33.027523 0.000682
34.028357 0.000653
35.029191 0.000626
36.030025 0.000601
37.030859 0.000577
38.031693 0.000554
39.032527 0.000533
40.033361 0.000513
41.034195 0.000494
42.035029 0.000476
43.035863 0.000458
44.036697 0.000442
45.037531 0.000426
46.038365 0.000410
47.039199 0.000396
48.040033 0.000382
49.040867 0.000368
50.041701 0.000355
51.042535 0.000342
52.043369 0.000330
53.044204 0.000318
54.045038 0.000307
55.045872 0.000297
56.046706 0.000286
57.047540 0.000277
58.048374 0.000268
59.049208 0.000259
60.050042 0.000252
61.050876 0.000244
62.051710 0.000237
63.052544 0.000231
64.053378 0.000225
65.054212 0.000220
66.055046 0.000215
67.055880 0.000210
68.056714 0.000206
69.057548 0.000202
70.058382 0.000198
71.059216 0.000194
72.060050 0.000190
73.060884 0.000187
74.061718 0.000184
75.062552 0.000181
76.063386 0.000178
77.064220 0.000175
78.065054 0.000173
79.065888 0.000170
80.066722 0.000168
81.067556 0.000166
82.068390 0.000164
83.069224 0.000163
84.070058 0.000161
85.070892 0.000160
86.071726 0.000158
87.072560 0.000157
88.073394 0.000156
89.074229 0.000154
90.075063 0.000153
91.075897 0.000152
92.076731 0.000151
93.077565 0.000150
94.078399 0.000149
95.079233 0.000148
96.080067 0.000147
97.080901 0.000147
98.081735 0.000146
99.082569 0.000146
100.083403 0.000146
101.084237 0.000146
102.085071 0.000146
103.085905 0.000146
104.086739 0.000147
105.087573 0.000147
106.088407 0.000148
107.089241 0.000149
108.090075 0.000150
109.090909 0.000151
110.091743 0.000152
111.092577 0.000153
112.093411 0.000155
113.094245 0.000156
114.095079 0.000158
115.095913 0.000160
116.096747 0.000162
117.097581 0.000164
118.098415 0.000166
119.099249 0.000168
120.100083 0.000171
121.100917 0.000174
122.101751 0.000176
123.102585 0.000179
124.103420 0.000183
125.104254 0.000186
126.105088 0.000190
127.105922 0.000193
128.106756 0.000198
129.107590 0.000202
130.108424 0.000206
131.109258 0.000211
132.110092 0.000216
133.110926 0.000222
134.111760 0.000227
135.112594 0.000234
136.113428 0.000240
137.114262 0.000246
138.115096 0.000253
139.115930 0.000260
140.116764 0.000267
141.117598 0.000274
142.118432 0.000281
143.119266 0.000287
144.120100 0.000294
145.120934 0.000300
146.121768 0.000307
147.122602 0.000312
148.123436 0.000318
149.124270 0.000323
150.125104 0.000328
151.125938 0.000333
152.126772 0.000337
153.127606 0.000341
154.128440 0.000344
155.129274 0.000348
156.130108 0.000352
157.130942 0.000355
158.131776 0.000359
159.132611 0.000363
160.133445 0.000368
161.134279 0.000373
162.135113 0.000379
163.135947 0.000386
164.136781 0.000393
165.137615 0.000401
166.138449 0.000410
167.139283 0.000420
168.140117 0.000430
169.140951 0.000441
170.141785 0.000452
171.142619 0.000463
172.143453 0.000474
173.144287 0.000486
174.145121 0.000497
175.145955 0.000508
176.146789 0.000518
177.147623 0.000529
178.148457 0.000538
179.149291 0.000548
180.150125 0.000557
181.150959 0.000565
182.151793 0.000573
183.152627 0.000580
184.153461 0.000587
185.154295 0.000593
186.155129 0.000599
187.155963 0.000605
188.156797 0.000610
189.157631 0.000615
190.158465 0.000619
191.159299 0.000623
192.160133 0.000626
193.160967 0.000629
194.161802 0.000631
195.162636 0.000633
196.163470 0.000633
197.164304 0.000633
198.165138 0.000632
199.165972 0.000630
200.166806 0.000628
201.167640 0.000625
202.168474 0.000621
203.169308 0.000617
204.170142 0.000612
205.170976 0.000607
206.171810 0.000602
207.172644 0.000597
208.173478 0.000591
209.174312 0.000586
210.175146 0.000581
211.175980 0.000576
212.176814 0.000571
213.177648 0.000565
214.178482 0.000560
215.179316 0.000555
216.180150 0.000549
217.180984 0.000543
218.181818 0.000537
219.182652 0.000532
220.183486 0.000526
221.184320 0.000520
222.185154 0.000514
223.185988 0.000509
224.186822 0.000503
225.187656 0.000498
226.188490 0.000493
227.189324 0.000489
228.190158 0.000484
229.190992 0.000480
230.191827 0.000476
231.192661 0.000472
232.193495 0.000468
233.194329 0.000463
234.195163 0.000459
235.195997 0.000454
236.196831 0.000450
237.197665 0.000444
238.198499 0.000439
239.199333 0.000434
240.200167 0.000429
241.201001 0.000423
242.201835 0.000418
243.202669 0.000414
244.203503 0.000409
245.204337 0.000405
246.205171 0.000401
247.206005 0.000398
248.206839 0.000396
249.207673 0.000394
250.208507 0.000393
251.209341 0.000393
252.210175 0.000393
253.211009 0.000394
254.211843 0.000395
255.212677 0.000396
256.213511 0.000398
257.214345 0.000400
258.215179 0.000402
259.216013 0.000404
260.216847 0.000405
261.217681 0.000406
262.218515 0.000406
263.219349 0.000406
264.220183 0.000405
265.221018 0.000403
266.221852 0.000401
267.222686 0.000398
268.223520 0.000395
269.224354 0.000391
270.225188 0.000387
271.226022 0.000383
272.226856 0.000379
273.227690 0.000375
274.228524 0.000371
275.229358 0.000368
276.230192 0.000364
277.231026 0.000361
278.231860 0.000357
279.232694 0.000354
280.233528 0.000351
281.234362 0.000348
282.235196 0.000345
283.236030 0.000342
284.236864 0.000339
285.237698 0.000336
286.238532 0.000333
287.239366 0.000330
288.240200 0.000327
289.241034 0.000324
290.241868 0.000322
291.242702 0.000320
292.243536 0.000318
293.244370 0.000316
294.245204 0.000315
295.246038 0.000315
296.246872 0.000315
297.247706 0.000315
298.248540 0.000315
299.249374 0.000316
300.250209 0.000317
301.251043 0.000318
302.251877 0.000319
303.252711 0.000320
304.253545 0.000322
305.254379 0.000323
306.255213 0.000324
307.256047 0.000325
308.256881 0.000326
309.257715 0.000327
310.258549 0.000328
311.259383 0.000329
312.260217 0.000330
313.261051 0.000331
314.261885 0.000333
315.262719 0.000334
316.263553 0.000336
317.264387 0.000339
318.265221 0.000341
319.266055 0.000344
320.266889 0.000347
321.267723 0.000351
322.268557 0.000355
323.269391 0.000359
324.270225 0.000364
325.271059 0.000369
326.271893 0.000374
327.272727 0.000380
328.273561 0.000386
329.274395 0.000392
330.275229 0.000399
331.276063 0.000406
332.276897 0.000414
333.277731 0.000423
334.278565 0.000431
335.279399 0.000440
336.280234 0.000450
337.281068 0.000459
338.281902 0.000469
339.282736 0.000479
340.283570 0.000489
341.284404 0.000499
342.285238 0.000509
343.286072 0.000519
344.286906 0.000529
345.287740 0.000539
346.288574 0.000549
347.289408 0.000559
348.290242 0.000569
349.291076 0.000579
350.291910 0.000588
351.292744 0.000598
352.293578 0.000608
353.294412 0.000617
354.295246 0.000627
355.296080 0.000636
356.296914 0.000644
357.297748 0.000652
358.298582 0.000659
359.299416 0.000666
360.300250 0.000672
361.301084 0.000677
362.301918 0.000681
363.302752 0.000685
364.303586 0.000687
365.304420 0.000688
366.305254 0.000689
367.306088 0.000689
368.306922 0.000688
369.307756 0.000687
370.308590 0.000686
371.309425 0.000684
372.310259 0.000682
373.311093 0.000681
374.311927 0.000679
375.312761 0.000678
376.313595 0.000678
377.314429 0.000678
378.315263 0.000678
379.316097 0.000679
380.316931 0.000681
381.317765 0.000682
382.318599 0.000684
383.319433 0.000685
384.320267 0.000687
385.321101 0.000688
386.321935 0.000689
387.322769 0.000689
388.323603 0.000688
389.324437 0.000687
390.325271 0.000685
391.326105 0.000681
392.326939 0.000678
393.327773 0.000673
394.328607 0.000668
395.329441 0.000662
396.330275 0.000655
397.331109 0.000648
398.331943 0.000641
399.332777 0.000633
400.333611 0.000625
401.334445 0.000617
402.335279 0.000609
403.336113 0.000602
404.336947 0.000594
405.337781 0.000587
406.338616 0.000579
407.339450 0.000572
408.340284 0.000566
409.341118 0.000560
410.341952 0.000554
411.342786 0.000548
412.343620 0.000543
413.344454 0.000538
414.345288 0.000534
415.346122 0.000530
416.346956 0.000526
417.347790 0.000523
418.348624 0.000520
419.349458 0.000518
420.350292 0.000516
421.351126 0.000514
422.351960 0.000513
423.352794 0.000512
424.353628 0.000511
425.354462 0.000510
426.355296 0.000510
427.356130 0.000510
428.356964 0.000510
429.357798 0.000510
430.358632 0.000511
431.359466 0.000512
432.360300 0.000512
433.361134 0.000513
434.361968 0.000514
435.362802 0.000514
436.363636 0.000515
437.364470 0.000515
438.365304 0.000514
439.366138 0.000513
440.366972 0.000512
441.367807 0.000510
442.368641 0.000507
443.369475 0.000503
444.370309 0.000499
445.371143 0.000495
446.371977 0.000490
447.372811 0.000484
448.373645 0.000479
449.374479 0.000473
450.375313 0.000468
451.376147 0.000463
452.376981 0.000457
453.377815 0.000453
454.378649 0.000448
455.379483 0.000444
456.380317 0.000440
457.381151 0.000437
458.381985 0.000434
459.382819 0.000431
460.383653 0.000428
461.384487 0.000426
462.385321 0.000424
463.386155 0.000423
464.386989 0.000421
465.387823 0.000420
466.388657 0.000418
467.389491 0.000417
468.390325 0.000416
469.391159 0.000415
470.391993 0.000414
471.392827 0.000413
472.393661 0.000412
473.394495 0.000412
474.395329 0.000411
475.396163 0.000411
476.396997 0.000410
477.397832 0.000410
478.398666 0.000411
479.399500 0.000412
480.400334 0.000413
481.401168 0.000414
482.402002 0.000416
483.402836 0.000418
484.403670 0.000420
485.404504 0.000422
486.405338 0.000425
487.406172 0.000428
488.407006 0.000430
489.407840 0.000433
490.408674 0.000436
491.409508 0.000438
492.410342 0.000441
493.411176 0.000443
494.412010 0.000445
495.412844 0.000446
496.413678 0.000448
497.414512 0.000449
498.415346 0.000450
499.416180 0.000450
500.417014 0.000450
501.417848 0.000450
502.418682 0.000449
503.419516 0.000448
504.420350 0.000447
505.421184 0.000447
506.422018 0.000446
507.422852 0.000445
508.423686 0.000445
509.424520 0.000445
510.425354 0.000445
511.426188 0.000446
512.427023 0.000447
513.427857 0.000448
514.428691 0.000450
515.429525 0.000452
516.430359 0.000454
517.431193 0.000457
518.432027 0.000459
519.432861 0.000462
520.433695 0.000464
521.434529 0.000467
522.435363 0.000469
523.436197 0.000472
524.437031 0.000474
525.437865 0.000477
526.438699 0.000480
527.439533 0.000483
528.440367 0.000486
529.441201 0.000489
530.442035 0.000493
531.442869 0.000497
532.443703 0.000502
533.444537 0.000506
534.445371 0.000511
535.446205 0.000515
536.447039 0.000520
537.447873 0.000524
538.448707 0.000529
539.449541 0.000532
540.450375 0.000536
541.451209 0.000539
542.452043 0.000541
543.452877 0.000544
544.453711 0.000545
545.454545 0.000547
546.455379 0.000548
547.456214 0.000548
548.457048 0.000549
549.457882 0.000549
550.458716 0.000549
551.459550 0.000549
552.460384 0.000550
553.461218 0.000550
554.462052 0.000550
555.462886 0.000550
556.463720 0.000550
557.464554 0.000551
558.465388 0.000551
559.466222 0.000552
560.467056 0.000553
561.467890 0.000554
562.468724 0.000555
563.469558 0.000556
564.470392 0.000558
565.471226 0.000559
566.472060 0.000561
567.472894 0.000563
568.473728 0.000565
569.474562 0.000566
570.475396 0.000568
571.476230 0.000570
572.477064 0.000571
573.477898 0.000572
574.478732 0.000574
575.479566 0.000575
576.480400 0.000576
577.481234 0.000577
578.482068 0.000578
579.482902 0.000579
580.483736 0.000580
581.484570 0.000582
582.485405 0.000583
583.486239 0.000585
584.487073 0.000587
585.487907 0.000588
586.488741 0.000591
587.489575 0.000593
588.490409 0.000596
589.491243 0.000599
590.492077 0.000603
591.492911 0.000607
592.493745 0.000611
593.494579 0.000616
594.495413 0.000622
595.496247 0.000629
596.497081 0.000636
597.497915 0.000643
598.498749 0.000652
599.499583 0.000660
600.500417 0.000669
601.501251 0.000679
602.502085 0.000688
603.502919 0.000698
604.503753 0.000708
605.504587 0.000718
606.505421 0.000728
607.506255 0.000738
608.507089 0.000749
609.507923 0.000759
610.508757 0.000769
611.509591 0.000780
612.510425 0.000790
613.511259 0.000801
614.512093 0.000811
615.512927 0.000822
616.513761 0.000832
617.514595 0.000843
618.515430 0.000854
619.516264 0.000864
620.517098 0.000875
621.517932 0.000885
622.518766 0.000896
623.519600 0.000907
624.520434 0.000918
625.521268 0.000930
626.522102 0.000942
627.522936 0.000955
628.523770 0.000968
629.524604 0.000983
630.525438 0.000998
631.526272 0.001015
632.527106 0.001032
633.527940 0.001051
634.528774 0.001071
635.529608 0.001092
636.530442 0.001114
637.531276 0.001137
638.532110 0.001161
639.532944 0.001187
640.533778 0.001213
641.534612 0.001240
642.535446 0.001267
643.536280 0.001295
644.537114 0.001324
645.537948 0.001353
646.538782 0.001382
647.539616 0.001411
648.540450 0.001441
649.541284 0.001470
650.542118 0.001500
651.542952 0.001530
652.543786 0.001562
653.544621 0.001593
654.545455 0.001627
655.546289 0.001661
656.547123 0.001697
657.547957 0.001735
658.548791 0.001775
659.549625 0.001817
660.550459 0.001862
661.551293 0.001908
662.552127 0.001957
663.552961 0.002008
664.553795 0.002060
665.554629 0.002114
666.555463 0.002168
667.556297 0.002224
668.557131 0.002280
669.557965 0.002336
670.558799 0.002392
671.559633 0.002447
672.560467 0.002501
673.561301 0.002553
674.562135 0.002603
675.562969 0.002650
676.563803 0.002694
677.564637 0.002734
678.565471 0.002770
679.566305 0.002801
680.567139 0.002826
681.567973 0.002846
682.568807 0.002860
683.569641 0.002867
684.570475 0.002868
685.571309 0.002861
686.572143 0.002847
687.572977 0.002827
688.573812 0.002799
689.574646 0.002765
690.575480 0.002725
691.576314 0.002680
692.577148 0.002629
693.577982 0.002574
694.578816 0.002516
695.579650 0.002454
696.580484 0.002390
697.581318 0.002324
698.582152 0.002256
699.582986 0.002188
700.583820 0.002119
701.584654 0.002050
702.585488 0.001981
703.586322 0.001912
704.587156 0.001843
705.587990 0.001775
706.588824 0.001707
707.589658 0.001639
708.590492 0.001572
709.591326 0.001505
710.592160 0.001439
711.592994 0.001375
712.593828 0.001311
713.594662 0.001248
714.595496 0.001187
715.596330 0.001128
716.597164 0.001070
717.597998 0.001015
718.598832 0.000962
719.599666 0.000911
720.600500 0.000863
721.601334 0.000817
722.602168 0.000775
723.603003 0.000734
724.603837 0.000697
725.604671 0.000662
726.605505 0.000630
727.606339 0.000599
728.607173 0.000572
729.608007 0.000546
730.608841 0.000522
731.609675 0.000500
732.610509 0.000479
733.611343 0.000460
734.612177 0.000442
735.613011 0.000426
736.613845 0.000411
737.614679 0.000397
738.615513 0.000384
739.616347 0.000372
740.617181 0.000360
741.618015 0.000350
742.618849 0.000341
743.619683 0.000332
744.620517 0.000324
745.621351 0.000317
746.622185 0.000310
747.623019 0.000304
748.623853 0.000298
749.624687 0.000293
750.625521 0.000289
751.626355 0.000285
752.627189 0.000281
753.628023 0.000278
754.628857 0.000275
755.629691 0.000272
756.630525 0.000270
757.631359 0.000267
758.632193 0.000265
759.633028 0.000263
760.633862 0.000261
761.634696 0.000259
762.635530 0.000257
763.636364 0.000255
764.637198 0.000253
765.638032 0.000252
766.638866 0.000250
767.639700 0.000249
768.640534 0.000247
769.641368 0.000246
770.642202 0.000245
771.643036 0.000244
772.643870 0.000243
773.644704 0.000243
774.645538 0.000242
775.646372 0.000242
776.647206 0.000242
777.648040 0.000242
778.648874 0.000242
779.649708 0.000242
780.650542 0.000242
781.651376 0.000242
782.652210 0.000242
783.653044 0.000242
784.653878 0.000242
785.654712 0.000242
786.655546 0.000242
787.656380 0.000241
788.657214 0.000241
789.658048 0.000241
790.658882 0.000241
791.659716 0.000240
792.660550 0.000240
793.661384 0.000240
794.662219 0.000239
795.663053 0.000239
796.663887 0.000238
797.664721 0.000237
798.665555 0.000237
799.666389 0.000236
800.667223 0.000235
801.668057 0.000235
802.668891 0.000234
803.669725 0.000234
804.670559 0.000234
805.671393 0.000234
806.672227 0.000235
807.673061 0.000236
808.673895 0.000238
809.674729 0.000240
810.675563 0.000242
811.676397 0.000245
812.677231 0.000249
813.678065 0.000253
814.678899 0.000257
815.679733 0.000262
816.680567 0.000267
817.681401 0.000273
818.682235 0.000279
819.683069 0.000285
820.683903 0.000292
821.684737 0.000298
822.685571 0.000305
823.686405 0.000313
824.687239 0.000320
825.688073 0.000328
826.688907 0.000335
827.689741 0.000343
828.690575 0.000352
829.691410 0.000360
830.692244 0.000369
831.693078 0.000378
832.693912 0.000388
833.694746 0.000397
834.695580 0.000408
835.696414 0.000418
836.697248 0.000430
837.698082 0.000441
838.698916 0.000453
839.699750 0.000466
840.700584 0.000479
841.701418 0.000492
842.702252 0.000505
843.703086 0.000519
844.703920 0.000533
845.704754 0.000547
846.705588 0.000560
847.706422 0.000574
848.707256 0.000588
849.708090 0.000602
850.708924 0.000616
851.709758 0.000630
852.710592 0.000643
853.711426 0.000657
854.712260 0.000671
855.713094 0.000685
856.713928 0.000700
857.714762 0.000715
858.715596 0.000730
859.716430 0.000746
860.717264 0.000763
861.718098 0.000780
862.718932 0.000798
863.719766 0.000816
864.720601 0.000834
865.721435 0.000853
866.722269 0.000871
867.723103 0.000889
868.723937 0.000907
869.724771 0.000923
870.725605 0.000939
871.726439 0.000954
872.727273 0.000967
873.728107 0.000979
874.728941 0.000989
875.729775 0.000998
876.730609 0.001005
877.731443 0.001011
878.732277 0.001015
879.733111 0.001018
880.733945 0.001019
881.734779 0.001019
882.735613 0.001018
883.736447 0.001016
884.737281 0.001013
885.738115 0.001009
886.738949 0.001004
887.739783 0.000998
888.740617 0.000991
889.741451 0.000983
890.742285 0.000974
891.743119 0.000965
892.743953 0.000955
893.744787 0.000945
894.745621 0.000934
895.746455 0.000922
896.747289 0.000911
897.748123 0.000899
898.748957 0.000887
899.749791 0.000876
900.750626 0.000864
901.751460 0.000853
902.752294 0.000842
903.753128 0.000831
904.753962 0.000820
905.754796 0.000809
906.755630 0.000799
907.756464 0.000788
908.757298 0.000777
909.758132 0.000767
910.758966 0.000756
911.759800 0.000745
912.760634 0.000734
913.761468 0.000724
914.762302 0.000713
915.763136 0.000702
916.763970 0.000692
917.764804 0.000682
918.765638 0.000672
919.766472 0.000663
920.767306 0.000654
921.768140 0.000646
922.768974 0.000638
923.769808 0.000631
924.770642 0.000625
925.771476 0.000619
926.772310 0.000613
927.773144 0.000609
928.773978 0.000604
929.774812 0.000600
930.775646 0.000597
931.776480 0.000594
932.777314 0.000591
933.778148 0.000589
934.778982 0.000587
935.779817 0.000586
936.780651 0.000585
937.781485 0.000584
938.782319 0.000583
939.783153 0.000582
940.783987 0.000581
941.784821 0.000580
942.785655 0.000579
943.786489 0.000578
944.787323 0.000577
945.788157 0.000575
946.788991 0.000574
947.789825 0.000572
948.790659 0.000570
949.791493 0.000568
950.792327 0.000566
951.793161 0.000565
952.793995 0.000563
953.794829 0.000562
954.795663 0.000561
955.796497 0.000561
956.797331 0.000561
957.798165 0.000561
958.798999 0.000562
959.799833 0.000562
960.800667 0.000563
961.801501 0.000564
962.802335 0.000565
963.803169 0.000565
964.804003 0.000566
965.804837 0.000566
966.805671 0.000566
967.806505 0.000566
968.807339 0.000566
969.808173 0.000566
970.809008 0.000565
971.809842 0.000564
972.810676 0.000564
973.811510 0.000563
974.812344 0.000562
975.813178 0.000561
976.814012 0.000561
977.814846 0.000561
978.815680 0.000561
979.816514 0.000561
980.817348 0.000562
981.818182 0.000563
982.819016 0.000564
983.819850 0.000566
984.820684 0.000567
985.821518 0.000569
986.822352 0.000571
987.823186 0.000572
988.824020 0.000574
989.824854 0.000575
990.825688 0.000576
991.826522 0.000576
992.827356 0.000576
993.828190 0.000576
994.829024 0.000576
995.829858 0.000576
996.830692 0.000575
997.831526 0.000575
998.832360 0.000574
999.833194 0.000573
1000.834028 0.000573
1001.834862 0.000572
1002.835696 0.000572
1003.836530 0.000571
1004.837364 0.000570
1005.838198 0.000570
1006.839033 0.000569
1007.839867 0.000568
1008.840701 0.000567
1009.841535 0.000566
1010.842369 0.000565
1011.843203 0.000564
1012.844037 0.000563
1013.844871 0.000562
1014.845705 0.000561
1015.846539 0.000561
1016.847373 0.000560
1017.848207 0.000560
1018.849041 0.000559
1019.849875 0.000559
1020.850709 0.000559
1021.851543 0.000560
1022.852377 0.000560
1023.853211 0.000560
1024.854045 0.000561
1025.854879 0.000562
1026.855713 0.000562
1027.856547 0.000563
1028.857381 0.000565
1029.858215 0.000566
1030.859049 0.000568
1031.859883 0.000571
1032.860717 0.000573
1033.861551 0.000577
1034.862385 0.000580
1035.863219 0.000585
1036.864053 0.000590
1037.864887 0.000595
1038.865721 0.000602
1039.866555 0.000609
1040.867389 0.000617
1041.868224 0.000626
1042.869058 0.000636
1043.869892 0.000646
1044.870726 0.000657
1045.871560 0.000669
1046.872394 0.000682
1047.873228 0.000695
1048.874062 0.000709
1049.874896 0.000723
1050.875730 0.000738
1051.876564 0.000753
1052.877398 0.000769
1053.878232 0.000785
1054.879066 0.000802
1055.879900 0.000820
1056.880734 0.000838
1057.881568 0.000857
1058.882402 0.000877
1059.883236 0.000897
1060.884070 0.000918
1061.884904 0.000939
1062.885738 0.000961
1063.886572 0.000984
1064.887406 0.001007
1065.888240 0.001030
1066.889074 0.001054
1067.889908 0.001077
1068.890742 0.001101
1069.891576 0.001124
1070.892410 0.001147
1071.893244 0.001170
1072.894078 0.001193
1073.894912 0.001216
1074.895746 0.001239
1075.896580 0.001261
1076.897415 0.001284
1077.898249 0.001307
1078.899083 0.001330
1079.899917 0.001353
1080.900751 0.001376
1081.901585 0.001399
1082.902419 0.001421
1083.903253 0.001443
1084.904087 0.001465
1085.904921 0.001486
1086.905755 0.001505
1087.906589 0.001524
1088.907423 0.001540
1089.908257 0.001556
1090.909091 0.001569
1091.909925 0.001580
1092.910759 0.001590
1093.911593 0.001598
1094.912427 0.001604
1095.913261 0.001608
1096.914095 0.001610
1097.914929 0.001612
1098.915763 0.001611
1099.916597 0.001610
1100.917431 0.001608
1101.918265 0.001604
1102.919099 0.001600
1103.919933 0.001595
1104.920767 0.001590
1105.921601 0.001584
1106.922435 0.001578
1107.923269 0.001571
1108.924103 0.001564
1109.924937 0.001557
1110.925771 0.001549
1111.926606 0.001542
1112.927440 0.001534
1113.928274 0.001527
1114.929108 0.001519
1115.929942 0.001512
1116.930776 0.001506
1117.931610 0.001499
1118.932444 0.001494
1119.933278 0.001489
1120.934112 0.001485
1121.934946 0.001482
1122.935780 0.001480
1123.936614 0.001480
1124.937448 0.001480
1125.938282 0.001481
1126.939116 0.001484
1127.939950 0.001488
1128.940784 0.001494
1129.941618 0.001501
1130.942452 0.001509
1131.943286 0.001518
1132.944120 0.001529
1133.944954 0.001540
1134.945788 0.001553
1135.946622 0.001567
1136.947456 0.001582
1137.948290 0.001598
1138.949124 0.001615
1139.949958 0.001633
1140.950792 0.001653
1141.951626 0.001673
1142.952460 0.001694
1143.953294 0.001716
1144.954128 0.001739
1145.954962 0.001764
1146.955796 0.001790
1147.956631 0.001818
1148.957465 0.001847
1149.958299 0.001878
1150.959133 0.001910
1151.959967 0.001945
1152.960801 0.001981
1153.961635 0.002019
1154.962469 0.002060
1155.963303 0.002103
1156.964137 0.002149
1157.964971 0.002197
1158.965805 0.002249
1159.966639 0.002303
1160.967473 0.002362
1161.968307 0.002424
1162.969141 0.002491
1163.969975 0.002562
1164.970809 0.002639
1165.971643 0.002721
1166.972477 0.002808
1167.973311 0.002901
1168.974145 0.002999
1169.974979 0.003103
1170.975813 0.003213
1171.976647 0.003327
1172.977481 0.003445
1173.978315 0.003566
1174.979149 0.003689
1175.979983 0.003812
1176.980817 0.003934
1177.981651 0.004053
1178.982485 0.004167
1179.983319 0.004273
1180.984153 0.004370
1181.984987 0.004455
1182.985822 0.004526
1183.986656 0.004579
1184.987490 0.004614
1185.988324 0.004628
1186.989158 0.004618
1187.989992 0.004583
1188.990826 0.004522
1189.991660 0.004434
1190.992494 0.004318
1191.993328 0.004175
1192.994162 0.004005
1193.994996 0.003811
1194.995830 0.003595
1195.996664 0.003359
1196.997498 0.003109
1197.998332 0.002848
1198.999166 0.002580
1200.000000 0.002312
