0.000000 0.002075
1.000834 0.002441
2.001668 0.002729
3.002502 0.002911
4.003336 0.002976
5.004170 0.002931
6.005004 0.002796
7.005838 0.002597
8.006672 0.002360
9.007506 0.002108
10.008340 0.001857
11.009174 0.001621
12.010008 0.001407
13.010842 0.001223
14.011676 0.001070
15.012510 0.000948
16.013344 0.000856
17.014178 0.000788
18.015013 0.000740
19.015847 0.000707
20.016681 0.000684
21.017515 0.000667
22.018349 0.000653
23.019183 0.000639
24.020017 0.000623
25.020851 0.000604
26.021685 0.000581
27.022519 0.000553
28.023353 0.000522
29.024187 0.000490
30.025021 0.000457
31.025855 0.000426
32.026689 0.000397
33.027523 0.000370
34.028357 0.000346
35.029191 0.000325
36.030025 0.000307
37.030859 0.000292
38.031693 0.000282
39.032527 0.000277
40.033361 0.000276
41.034195 0.000279
42.035029 0.000285
43.035863 0.000292
44.036697 0.000298
45.037531 0.000301
46.038365 0.000300
47.039199 0.000294
48.040033 0.000283
49.040867 0.000268
50.041701 0.000250
51.042535 0.000230
52.043369 0.000211
53.044204 0.000194
54.045038 0.000180
55.045872 0.000169
56.046706 0.000160
57.047540 0.000152
58.048374 0.000145
59.049208 0.000137
60.050042 0.000130
61.050876 0.000122
62.051710 0.000115
63.052544 0.000109
64.053378 0.000104
65.054212 0.000101
66.055046 0.000101
67.055880 0.000103
68.056714 0.000107
69.057548 0.000113
70.058382 0.000119
71.059216 0.000124
72.060050 0.000128
73.060884 0.000130
74.061718 0.000129
75.062552 0.000127
76.063386 0.000123
77.064220 0.000119
78.065054 0.000115
79.065888 0.000111
80.066722 0.000108
81.067556 0.000105
82.068390 0.000103
83.069224 0.000100
84.070058 0.000098
85.070892 0.000096
86.071726 0.000094
87.072560 0.000093
88.073394 0.000092
89.074229 0.000092
90.075063 0.000092
91.075897 0.000093
92.076731 0.000094
93.077565 0.000095
94.078399 0.000096
95.079233 0.000096
96.080067 0.000096
97.080901 0.000096
98.081735 0.000096
99.082569 0.000097
100.083403 0.000099
101.084237 0.000102
102.085071 0.000106
103.085905 0.000111
104.086739 0.000115
105.087573 0.000118
106.088407 0.000120
107.089241 0.000120
108.090075 0.000119
109.090909 0.000115
110.091743 0.000110
111.092577 0.000104
112.093411 0.000097
113.094245 0.000090
114.095079 0.000083
115.095913 0.000077
116.096747 0.000073
117.097581 0.000070
118.098415 0.000069
119.099249 0.000070
120.100083 0.000072
121.100917 0.000075
122.101751 0.000079
123.102585 0.000084
124.103420 0.000090
125.104254 0.000096
126.105088 0.000103
127.105922 0.000109
128.106756 0.000114
129.107590 0.000119
130.108424 0.000124
131.109258 0.000128
132.110092 0.000131
133.110926 0.000132
134.111760 0.000133
135.112594 0.000132
136.113428 0.000130
137.114262 0.000128
138.115096 0.000126
139.115930 0.000123
140.116764 0.000121
141.117598 0.000119
142.118432 0.000117
143.119266 0.000115
144.120100 0.000115
145.120934 0.000116
146.121768 0.000118
147.122602 0.000122
148.123436 0.000128
149.124270 0.000136
150.125104 0.000145
151.125938 0.000157
152.126772 0.000171
153.127606 0.000187
154.128440 0.000205
155.129274 0.000223
156.130108 0.000241
157.130942 0.000258
158.131776 0.000273
159.132611 0.000287
160.133445 0.000299
161.134279 0.000309
162.135113 0.000319
163.135947 0.000330
164.136781 0.000341
165.137615 0.000355
166.138449 0.000371
167.139283 0.000389
168.140117 0.000409
169.140951 0.000431
170.141785 0.000455
171.142619 0.000481
172.143453 0.000509
173.144287 0.000537
174.145121 0.000566
175.145955 0.000594
176.146789 0.000621
177.147623 0.000648
178.148457 0.000678
179.149291 0.000715
180.150125 0.000763
181.150959 0.000823
182.151793 0.000898
183.152627 0.000988
184.153461 0.001089
185.154295 0.001197
186.155129 0.001307
187.155963 0.001414
188.156797 0.001515
189.157631 0.001608
190.158465 0.001694
191.159299 0.001774
192.160133 0.001850
193.160967 0.001923
194.161802 0.001994
195.162636 0.002064
196.163470 0.002132
197.164304 0.002198
198.165138 0.002263
199.165972 0.002328
200.166806 0.002391
201.167640 0.002452
202.168474 0.002508
203.169308 0.002554
204.170142 0.002584
205.170976 0.002592
206.171810 0.002572
207.172644 0.002521
208.173478 0.002442
209.174312 0.002339
210.175146 0.002218
211.175980 0.002088
212.176814 0.001954
213.177648 0.001823
214.178482 0.001699
215.179316 0.001585
216.180150 0.001482
217.180984 0.001390
218.181818 0.001308
219.182652 0.001235
220.183486 0.001167
221.184320 0.001104
222.185154 0.001045
223.185988 0.000991
224.186822 0.000942
225.187656 0.000901
226.188490 0.000866
227.189324 0.000840
228.190158 0.000821
229.190992 0.000807
230.191827 0.000797
231.192661 0.000788
232.193495 0.000779
233.194329 0.000768
234.195163 0.000755
235.195997 0.000738
236.196831 0.000718
237.197665 0.000695
238.198499 0.000670
239.199333 0.000644
240.200167 0.000619
241.201001 0.000594
242.201835 0.000570
243.202669 0.000548
244.203503 0.000529
245.204337 0.000512
246.205171 0.000499
247.206005 0.000488
248.206839 0.000479
249.207673 0.000472
250.208507 0.000465
251.209341 0.000459
252.210175 0.000454
253.211009 0.000450
254.211843 0.000448
255.212677 0.000447
256.213511 0.000447
257.214345 0.000447
258.215179 0.000446
259.216013 0.000443
260.216847 0.000437
261.217681 0.000429
262.218515 0.000420
263.219349 0.000410
264.220183 0.000402
265.221018 0.000394
266.221852 0.000389
267.222686 0.000385
268.223520 0.000382
269.224354 0.000380
270.225188 0.000379
271.226022 0.000378
272.226856 0.000379
273.227690 0.000379
274.228524 0.000380
275.229358 0.000380
276.230192 0.000379
277.231026 0.000379
278.231860 0.000378
279.232694 0.000379
280.233528 0.000380
281.234362 0.000382
282.235196 0.000384
283.236030 0.000386
284.236864 0.000385
285.237698 0.000383
286.238532 0.000379
287.239366 0.000374
288.240200 0.000370
289.241034 0.000367
290.241868 0.000366
291.242702 0.000367
292.243536 0.000370
293.244370 0.000375
294.245204 0.000381
295.246038 0.000387
296.246872 0.000393
297.247706 0.000399
298.248540 0.000403
299.249374 0.000406
300.250209 0.000409
301.251043 0.000413
302.251877 0.000418
303.252711 0.000423
304.253545 0.000427
305.254379 0.000427
306.255213 0.000423
307.256047 0.000413
308.256881 0.000398
309.257715 0.000378
310.258549 0.000358
311.259383 0.000338
312.260217 0.000322
313.261051 0.000310
314.261885 0.000303
315.262719 0.000303
316.263553 0.000307
317.264387 0.000315
318.265221 0.000328
319.266055 0.000342
320.266889 0.000359
321.267723 0.000375
322.268557 0.000390
323.269391 0.000402
324.270225 0.000413
325.271059 0.000421
326.271893 0.000427
327.272727 0.000434
328.273561 0.000440
329.274395 0.000446
330.275229 0.000452
331.276063 0.000458
332.276897 0.000465
333.277731 0.000472
334.278565 0.000480
335.279399 0.000489
336.280234 0.000501
337.281068 0.000515
338.281902 0.000530
339.282736 0.000546
340.283570 0.000562
341.284404 0.000578
342.285238 0.000596
343.286072 0.000614
344.286906 0.000635
345.287740 0.000658
346.288574 0.000684
347.289408 0.000711
348.290242 0.000739
349.291076 0.000768
350.291910 0.000798
351.292744 0.000829
352.293578 0.000861
353.294412 0.000894
354.295246 0.000926
355.296080 0.000958
356.296914 0.000990
357.297748 0.001022
358.298582 0.001055
359.299416 0.001090
360.300250 0.001128
361.301084 0.001170
362.301918 0.001216
363.302752 0.001266
364.303586 0.001320
365.304420 0.001380
366.305254 0.001447
367.306088 0.001523
368.306922 0.001609
369.307756 0.001709
370.308590 0.001822
371.309425 0.001951
372.310259 0.002093
373.311093 0.002247
374.311927 0.002411
375.312761 0.002582
376.313595 0.002757
377.314429 0.002931
378.315263 0.003102
379.316097 0.003264
380.316931 0.003416
381.317765 0.003556
382.318599 0.003683
383.319433 0.003796
384.320267 0.003894
385.321101 0.003971
386.321935 0.004020
387.322769 0.004031
388.323603 0.003993
389.324437 0.003900
390.325271 0.003751
391.326105 0.003555
392.326939 0.003326
393.327773 0.003082
394.328607 0.002841
395.329441 0.002614
396.330275 0.002411
397.331109 0.002233
398.331943 0.002080
399.332777 0.001948
400.333611 0.001833
401.334445 0.001732
402.335279 0.001642
403.336113 0.001564
404.336947 0.001496
405.337781 0.001440
406.338616 0.001396
407.339450 0.001362
408.340284 0.001334
409.341118 0.001309
410.341952 0.001280
411.342786 0.001244
412.343620 0.001200
413.344454 0.001147
414.345288 0.001088
415.346122 0.001027
416.346956 0.000968
417.347790 0.000911
418.348624 0.000859
419.349458 0.000812
420.350292 0.000769
421.351126 0.000731
422.351960 0.000695
423.352794 0.000663
424.353628 0.000632
425.354462 0.000601
426.355296 0.000572
427.356130 0.000543
428.356964 0.000516
429.357798 0.000491
430.358632 0.000468
431.359466 0.000448
432.360300 0.000429
433.361134 0.000412
434.361968 0.000395
435.362802 0.000378
436.363636 0.000362
437.364470 0.000348
438.365304 0.000336
439.366138 0.000327
440.366972 0.000322
441.367807 0.000319
442.368641 0.000319
443.369475 0.000321
444.370309 0.000321
445.371143 0.000321
446.371977 0.000317
447.372811 0.000312
448.373645 0.000304
449.374479 0.000294
450.375313 0.000284
451.376147 0.000274
452.376981 0.000264
453.377815 0.000256
454.378649 0.000250
455.379483 0.000245
456.380317 0.000240
457.381151 0.000236
458.381985 0.000233
459.382819 0.000231
460.383653 0.000229
461.384487 0.000227
462.385321 0.000227
463.386155 0.000226
464.386989 0.000225
465.387823 0.000222
466.388657 0.000218
467.389491 0.000212
468.390325 0.000205
469.391159 0.000198
470.391993 0.000191
471.392827 0.000186
472.393661 0.000182
473.394495 0.000180
474.395329 0.000180
475.396163 0.000180
476.396997 0.000181
477.397832 0.000182
478.398666 0.000185
479.399500 0.000188
480.400334 0.000191
481.401168 0.000195
482.402002 0.000200
483.402836 0.000203
484.403670 0.000206
485.404504 0.000206
486.405338 0.000205
487.406172 0.000202
488.407006 0.000197
489.407840 0.000191
490.408674 0.000185
491.409508 0.000179
492.410342 0.000175
493.411176 0.000172
494.412010 0.000172
495.412844 0.000174
496.413678 0.000177
497.414512 0.000182
498.415346 0.000186
499.416180 0.000189
500.417014 0.000189
501.417848 0.000188
502.418682 0.000184
503.419516 0.000177
504.420350 0.000170
505.421184 0.000162
506.422018 0.000155
507.422852 0.000150
508.423686 0.000146
509.424520 0.000144
510.425354 0.000142
511.426188 0.000140
512.427023 0.000138
513.427857 0.000135
514.428691 0.000132
515.429525 0.000129
516.430359 0.000126
517.431193 0.000123
518.432027 0.000120
519.432861 0.000117
520.433695 0.000112
521.434529 0.000107
522.435363 0.000101
523.436197 0.000096
524.437031 0.000093
525.437865 0.000091
526.438699 0.000092
527.439533 0.000095
528.440367 0.000100
529.441201 0.000106
530.442035 0.000112
531.442869 0.000118
532.443703 0.000123
533.444537 0.000127
534.445371 0.000129
535.446205 0.000128
536.447039 0.000127
537.447873 0.000124
538.448707 0.000121
539.449541 0.000119
540.450375 0.000119
541.451209 0.000120
542.452043 0.000123
543.452877 0.000127
544.453711 0.000131
545.454545 0.000135
546.455379 0.000138
547.456214 0.000141
548.457048 0.000144
549.457882 0.000149
550.458716 0.000154
551.459550 0.000160
552.460384 0.000166
553.461218 0.000173
554.462052 0.000178
555.462886 0.000182
556.463720 0.000185
557.464554 0.000185
558.465388 0.000184
559.466222 0.000181
560.467056 0.000176
561.467890 0.000171
562.468724 0.000166
563.469558 0.000164
564.470392 0.000165
565.471226 0.000170
566.472060 0.000180
567.472894 0.000194
568.473728 0.000210
569.474562 0.000227
570.475396 0.000241
571.476230 0.000252
572.477064 0.000260
573.477898 0.000266
574.478732 0.000272
575.479566 0.000279
576.480400 0.000290
577.481234 0.000306
578.482068 0.000325
579.482902 0.000349
580.483736 0.000375
581.484570 0.000403
582.485405 0.000430
583.486239 0.000454
584.487073 0.000473
585.487907 0.000487
586.488741 0.000494
587.489575 0.000494
588.490409 0.000488
589.491243 0.000477
590.492077 0.000464
591.492911 0.000451
592.493745 0.000440
593.494579 0.000431
594.495413 0.000427
595.496247 0.000427
596.497081 0.000431
597.497915 0.000437
598.498749 0.000444
599.499583 0.000450
600.500417 0.000453
601.501251 0.000453
602.502085 0.000449
603.502919 0.000444
604.503753 0.000436
605.504587 0.000429
606.505421 0.000423
607.506255 0.000418
608.507089 0.000414
609.507923 0.000411
610.508757 0.000409
611.509591 0.000408
612.510425 0.000408
613.511259 0.000408
614.512093 0.000408
615.512927 0.000410
616.513761 0.000412
617.514595 0.000414
618.515430 0.000418
619.516264 0.000423
620.517098 0.000428
621.517932 0.000433
622.518766 0.000438
623.519600 0.000443
624.520434 0.000446
625.521268 0.000450
626.522102 0.000453
627.522936 0.000456
628.523770 0.000458
629.524604 0.000460
630.525438 0.000461
631.526272 0.000461
632.527106 0.000460
633.527940 0.000459
634.528774 0.000459
635.529608 0.000463
636.530442 0.000471
637.531276 0.000485
638.532110 0.000505
639.532944 0.000530
640.533778 0.000558
641.534612 0.000589
642.535446 0.000622
643.536280 0.000658
644.537114 0.000696
645.537948 0.000735
646.538782 0.000775
647.539616 0.000812
648.540450 0.000846
649.541284 0.000876
650.542118 0.000901
651.542952 0.000921
652.543786 0.000940
653.544621 0.000957
654.545455 0.000974
655.546289 0.000990
656.547123 0.001007
657.547957 0.001023
658.548791 0.001038
659.549625 0.001054
660.550459 0.001071
661.551293 0.001089
662.552127 0.001106
663.552961 0.001123
664.553795 0.001139
665.554629 0.001153
666.555463 0.001166
667.556297 0.001181
668.557131 0.001199
669.557965 0.001222
670.558799 0.001251
671.559633 0.001287
672.560467 0.001328
673.561301 0.001374
674.562135 0.001423
675.562969 0.001474
676.563803 0.001530
677.564637 0.001592
678.565471 0.001663
679.566305 0.001748
680.567139 0.001849
681.567973 0.001968
682.568807 0.002103
683.569641 0.002250
684.570475 0.002402
685.571309 0.002551
686.572143 0.002692
687.572977 0.002819
688.573812 0.002934
689.574646 0.003040
690.575480 0.003145
691.576314 0.003259
692.577148 0.003391
693.577982 0.003551
694.578816 0.003741
695.579650 0.003964
696.580484 0.004214
697.581318 0.004488
698.582152 0.004778
699.582986 0.005076
700.583820 0.005368
701.584654 0.005636
702.585488 0.005855
703.586322 0.005995
704.587156 0.006026
705.587990 0.005927
706.588824 0.005694
707.589658 0.005337
708.590492 0.004886
709.591326 0.004376
710.592160 0.003845
711.592994 0.003325
712.593828 0.002840
713.594662 0.002402
714.595496 0.002020
715.596330 0.001693
716.597164 0.001421
717.597998 0.001199
718.598832 0.001023
719.599666 0.000886
720.600500 0.000783
721.601334 0.000705
722.602168 0.000647
723.603003 0.000601
724.603837 0.000563
725.604671 0.000530
726.605505 0.000500
727.606339 0.000471
728.607173 0.000445
729.608007 0.000422
730.608841 0.000403
731.609675 0.000387
732.610509 0.000377
733.611343 0.000370
734.612177 0.000367
735.613011 0.000367
736.613845 0.000366
737.614679 0.000365
738.615513 0.000363
739.616347 0.000359
740.617181 0.000353
741.618015 0.000349
742.618849 0.000346
743.619683 0.000345
744.620517 0.000348
745.621351 0.000352
746.622185 0.000357
747.623019 0.000361
748.623853 0.000363
749.624687 0.000361
750.625521 0.000356
751.626355 0.000348
752.627189 0.000339
753.628023 0.000330
754.628857 0.000322
755.629691 0.000316
756.630525 0.000311
757.631359 0.000307
758.632193 0.000302
759.633028 0.000295
760.633862 0.000287
761.634696 0.000277
762.635530 0.000265
763.636364 0.000254
764.637198 0.000242
765.638032 0.000232
766.638866 0.000223
767.639700 0.000217
768.640534 0.000212
769.641368 0.000209
770.642202 0.000208
771.643036 0.000206
772.643870 0.000205
773.644704 0.000203
774.645538 0.000201
775.646372 0.000196
776.647206 0.000191
777.648040 0.000185
778.648874 0.000178
779.649708 0.000171
780.650542 0.000165
781.651376 0.000160
782.652210 0.000156
783.653044 0.000152
784.653878 0.000149
785.654712 0.000145
786.655546 0.000140
787.656380 0.000135
788.657214 0.000130
789.658048 0.000125
790.658882 0.000122
791.659716 0.000119
792.660550 0.000119
793.661384 0.000119
794.662219 0.000121
795.663053 0.000122
796.663887 0.000123
797.664721 0.000123
798.665555 0.000122
799.666389 0.000120
800.667223 0.000118
801.668057 0.000116
802.668891 0.000113
803.669725 0.000111
804.670559 0.000109
805.671393 0.000106
806.672227 0.000104
807.673061 0.000101
808.673895 0.000099
809.674729 0.000098
810.675563 0.000099
811.676397 0.000100
812.677231 0.000103
813.678065 0.000107
814.678899 0.000111
815.679733 0.000115
816.680567 0.000118
817.681401 0.000119
818.682235 0.000120
819.683069 0.000118
820.683903 0.000117
821.684737 0.000115
822.685571 0.000114
823.686405 0.000115
824.687239 0.000118
825.688073 0.000123
826.688907 0.000130
827.689741 0.000138
828.690575 0.000148
829.691410 0.000158
830.692244 0.000169
831.693078 0.000180
832.693912 0.000190
833.694746 0.000198
834.695580 0.000204
835.696414 0.000208
836.697248 0.000209
837.698082 0.000209
838.698916 0.000208
839.699750 0.000207
840.700584 0.000207
841.701418 0.000209
842.702252 0.000214
843.703086 0.000222
844.703920 0.000233
845.704754 0.000246
846.705588 0.000260
847.706422 0.000273
848.707256 0.000284
849.708090 0.000292
850.708924 0.000298
851.709758 0.000301
852.710592 0.000302
853.711426 0.000301
854.712260 0.000300
855.713094 0.000299
856.713928 0.000299
857.714762 0.000300
858.715596 0.000304
859.716430 0.000311
860.717264 0.000321
861.718098 0.000334
862.718932 0.000350
863.719766 0.000369
864.720601 0.000390
865.721435 0.000413
866.722269 0.000436
867.723103 0.000459
868.723937 0.000483
869.724771 0.000505
870.725605 0.000525
871.726439 0.000543
872.727273 0.000559
873.728107 0.000572
874.728941 0.000582
875.729775 0.000590
876.730609 0.000595
877.731443 0.000598
878.732277 0.000602
879.733111 0.000607
880.733945 0.000617
881.734779 0.000634
882.735613 0.000660
883.736447 0.000694
884.737281 0.000737
885.738115 0.000786
886.738949 0.000839
887.739783 0.000892
888.740617 0.000942
889.741451 0.000984
890.742285 0.001018
891.743119 0.001041
892.743953 0.001056
893.744787 0.001064
894.745621 0.001068
895.746455 0.001072
896.747289 0.001078
897.748123 0.001088
898.748957 0.001102
899.749791 0.001119
900.750626 0.001137
901.751460 0.001157
902.752294 0.001175
903.753128 0.001191
904.753962 0.001206
905.754796 0.001222
906.755630 0.001239
907.756464 0.001260
908.757298 0.001286
909.758132 0.001314
910.758966 0.001344
911.759800 0.001371
912.760634 0.001394
913.761468 0.001410
914.762302 0.001421
915.763136 0.001427
916.763970 0.001431
917.764804 0.001435
918.765638 0.001440
919.766472 0.001446
920.767306 0.001453
921.768140 0.001460
922.768974 0.001465
923.769808 0.001465
924.770642 0.001459
925.771476 0.001443
926.772310 0.001416
927.773144 0.001380
928.773978 0.001335
929.774812 0.001283
930.775646 0.001229
931.776480 0.001176
932.777314 0.001126
933.778148 0.001081
934.778982 0.001043
935.779817 0.001012
936.780651 0.000985
937.781485 0.000962
938.782319 0.000941
939.783153 0.000920
940.783987 0.000898
941.784821 0.000874
942.785655 0.000845
943.786489 0.000813
944.787323 0.000778
945.788157 0.000741
946.788991 0.000704
947.789825 0.000668
948.790659 0.000635
949.791493 0.000607
950.792327 0.000584
951.793161 0.000566
952.793995 0.000553
953.794829 0.000544
954.795663 0.000536
955.796497 0.000531
956.797331 0.000524
957.798165 0.000517
958.798999 0.000507
959.799833 0.000494
960.800667 0.000478
961.801501 0.000461
962.802335 0.000443
963.803169 0.000427
964.804003 0.000413
965.804837 0.000402
966.805671 0.000395
967.806505 0.000390
968.807339 0.000387
969.808173 0.000384
970.809008 0.000381
971.809842 0.000376
972.810676 0.000368
973.811510 0.000359
974.812344 0.000348
975.813178 0.000336
976.814012 0.000324
977.814846 0.000312
978.815680 0.000301
979.816514 0.000292
980.817348 0.000286
981.818182 0.000281
982.819016 0.000279
983.819850 0.000279
984.820684 0.000280
985.821518 0.000282
986.822352 0.000284
987.823186 0.000286
988.824020 0.000287
989.824854 0.000289
990.825688 0.000291
991.826522 0.000293
992.827356 0.000295
993.828190 0.000297
994.829024 0.000300
995.829858 0.000302
996.830692 0.000303
997.831526 0.000304
998.832360 0.000303
999.833194 0.000301
1000.834028 0.000297
1001.834862 0.000292
1002.835696 0.000285
1003.836530 0.000277
1004.837364 0.000269
1005.838198 0.000261
1006.839033 0.000255
1007.839867 0.000250
1008.840701 0.000248
1009.841535 0.000246
1010.842369 0.000246
1011.843203 0.000245
1012.844037 0.000245
1013.844871 0.000245
1014.845705 0.000244
1015.846539 0.000244
1016.847373 0.000244
1017.848207 0.000244
1018.849041 0.000246
1019.849875 0.000248
1020.850709 0.000249
1021.851543 0.000250
1022.852377 0.000250
1023.853211 0.000249
1024.854045 0.000249
1025.854879 0.000249
1026.855713 0.000250
1027.856547 0.000252
1028.857381 0.000254
1029.858215 0.000257
1030.859049 0.000258
1031.859883 0.000258
1032.860717 0.000258
1033.861551 0.000257
1034.862385 0.000256
1035.863219 0.000256
1036.864053 0.000258
1037.864887 0.000262
1038.865721 0.000269
1039.866555 0.000276
1040.867389 0.000285
1041.868224 0.000294
1042.869058 0.000302
1043.869892 0.000310
1044.870726 0.000316
1045.871560 0.000320
1046.872394 0.000322
1047.873228 0.000322
1048.874062 0.000319
1049.874896 0.000314
1050.875730 0.000308
1051.876564 0.000302
1052.877398 0.000298
1053.878232 0.000295
1054.879066 0.000296
1055.879900 0.000299
1056.880734 0.000305
1057.881568 0.000312
1058.882402 0.000320
1059.883236 0.000328
1060.884070 0.000334
1061.884904 0.000339
1062.885738 0.000341
1063.886572 0.000342
1064.887406 0.000342
1065.888240 0.000343
1066.889074 0.000345
1067.889908 0.000351
1068.890742 0.000359
1069.891576 0.000370
1070.892410 0.000382
1071.893244 0.000394
1072.894078 0.000407
1073.894912 0.000419
1074.895746 0.000429
1075.896580 0.000437
1076.897415 0.000444
1077.898249 0.000449
1078.899083 0.000453
1079.899917 0.000458
1080.900751 0.000465
1081.901585 0.000476
1082.902419 0.000493
1083.903253 0.000517
1084.904087 0.000548
1085.904921 0.000585
1086.905755 0.000626
1087.906589 0.000670
1088.907423 0.000715
1089.908257 0.000759
1090.909091 0.000802
1091.909925 0.000845
1092.910759 0.000890
1093.911593 0.000941
1094.912427 0.001002
1095.913261 0.001077
1096.914095 0.001170
1097.914929 0.001279
1098.915763 0.001400
1099.916597 0.001526
1100.917431 0.001651
1101.918265 0.001765
1102.919099 0.001865
1103.919933 0.001949
1104.920767 0.002017
1105.921601 0.002075
1106.922435 0.002124
1107.923269 0.002169
1108.924103 0.002210
1109.924937 0.002245
1110.925771 0.002271
1111.926606 0.002285
1112.927440 0.002281
1113.928274 0.002260
1114.929108 0.002222
1115.929942 0.002171
1116.930776 0.002109
1117.931610 0.002040
1118.932444 0.001966
1119.933278 0.001889
1120.934112 0.001809
1121.934946 0.001730
1122.935780 0.001654
1123.936614 0.001584
1124.937448 0.001524
1125.938282 0.001476
1126.939116 0.001441
1127.939950 0.001417
1128.940784 0.001404
1129.941618 0.001400
1130.942452 0.001401
1131.943286 0.001406
1132.944120 0.001413
1133.944954 0.001422
1134.945788 0.001429
1135.946622 0.001435
1136.947456 0.001437
1137.948290 0.001435
1138.949124 0.001428
1139.949958 0.001417
1140.950792 0.001403
1141.951626 0.001388
1142.952460 0.001374
1143.953294 0.001365
1144.954128 0.001363
1145.954962 0.001369
1146.955796 0.001383
1147.956631 0.001404
1148.957465 0.001431
1149.958299 0.001460
1150.959133 0.001490
1151.959967 0.001517
1152.960801 0.001542
1153.961635 0.001562
1154.962469 0.001579
1155.963303 0.001592
1156.964137 0.001603
1157.964971 0.001613
1158.965805 0.001624
1159.966639 0.001636
1160.967473 0.001650
1161.968307 0.001665
1162.969141 0.001681
1163.969975 0.001697
1164.970809 0.001715
1165.971643 0.001736
1166.972477 0.001760
1167.973311 0.001790
1168.974145 0.001826
1169.974979 0.001872
1170.975813 0.001927
1171.976647 0.001993
1172.977481 0.002069
1173.978315 0.002152
1174.979149 0.002241
1175.979983 0.002330
1176.980817 0.002417
1177.981651 0.002500
1178.982485 0.002578
1179.983319 0.002651
1180.984153 0.002721
1181.984987 0.002791
1182.985822 0.002863
1183.986656 0.002941
1184.987490 0.003029
1185.988324 0.003129
1186.989158 0.003244
1187.989992 0.003376
1188.990826 0.003522
1189.991660 0.003676
1190.992494 0.003829
1191.993328 0.003967
1192.994162 0.004072
1193.994996 0.004123
1194.995830 0.004100
1195.996664 0.003984
1196.997498 0.003763
1197.998332 0.003437
1198.999166 0.003019
1200.000000 0.002539
