0.500000 0.002191
1.500000 0.002347
2.500000 0.001956
3.500000 0.001604
4.500000 0.001721
5.500000 0.001311
6.500000 0.001428
7.500000 0.001311
8.500000 0.001330
9.500000 0.001135
10.500000 0.001408
11.500000 0.001408
12.500000 0.001095
13.500000 0.001076
14.500000 0.001056
15.500000 0.000978
16.500000 0.000900
17.500000 0.001017
18.500000 0.000822
19.500000 0.000704
20.500000 0.000802
21.500000 0.000626
22.500000 0.000743
23.500000 0.000704
24.500000 0.000685
25.500000 0.000763
26.500000 0.000685
27.500000 0.000548
28.500000 0.000548
29.500000 0.000411
30.500000 0.000606
31.500000 0.000372
32.500000 0.000528
33.500000 0.000548
34.500000 0.000352
35.500000 0.000450
36.500000 0.000450
37.500000 0.000528
38.500000 0.000333
39.500000 0.000509
40.500000 0.000391
41.500000 0.000235
42.500000 0.000528
43.500000 0.000352
44.500000 0.000352
45.500000 0.000391
46.500000 0.000137
47.500000 0.000254
48.500000 0.000215
49.500000 0.000352
50.500000 0.000274
51.500000 0.000333
52.500000 0.000293
53.500000 0.000313
54.500000 0.000235
55.500000 0.000235
56.500000 0.000235
57.500000 0.000235
58.500000 0.000274
59.500000 0.000176
60.500000 0.000293
61.500000 0.000274
62.500000 0.000196
63.500000 0.000274
64.500000 0.000469
65.500000 0.000137
66.500000 0.000215
67.500000 0.000293
68.500000 0.000137
69.500000 0.000293
70.500000 0.000391
71.500000 0.000352
72.500000 0.000215
73.500000 0.000254
74.500000 0.000352
75.500000 0.000313
76.500000 0.000411
77.500000 0.000254
78.500000 0.000430
79.500000 0.000274
80.500000 0.000235
81.500000 0.000274
82.500000 0.000235
83.500000 0.000196
84.500000 0.000274
85.500000 0.000274
86.500000 0.000215
87.500000 0.000333
88.500000 0.000215
89.500000 0.000352
90.500000 0.000254
91.500000 0.000333
92.500000 0.000254
93.500000 0.000313
94.500000 0.000352
95.500000 0.000254
96.500000 0.000274
97.500000 0.000137
98.500000 0.000254
99.500000 0.000254
100.500000 0.000274
101.500000 0.000293
102.500000 0.000215
103.500000 0.000215
104.500000 0.000333
105.500000 0.000293
106.500000 0.000274
107.500000 0.000548
108.500000 0.000372
109.500000 0.000333
110.500000 0.000293
111.500000 0.000176
112.500000 0.000274
113.500000 0.000313
114.500000 0.000411
115.500000 0.000176
116.500000 0.000274
117.500000 0.000352
118.500000 0.000372
119.500000 0.000450
120.500000 0.000411
121.500000 0.000469
122.500000 0.000411
123.500000 0.000333
124.500000 0.000391
125.500000 0.000391
126.500000 0.000411
127.500000 0.000548
128.500000 0.000606
129.500000 0.000430
130.500000 0.000626
131.500000 0.000469
132.500000 0.000313
133.500000 0.000509
134.500000 0.000606
135.500000 0.000489
136.500000 0.000763
137.500000 0.000509
138.500000 0.000391
139.500000 0.000548
140.500000 0.000606
141.500000 0.000704
142.500000 0.000646
143.500000 0.000509
144.500000 0.000704
145.500000 0.000743
146.500000 0.000509
147.500000 0.000841
148.500000 0.000665
149.500000 0.000469
150.500000 0.000548
151.500000 0.000685
152.500000 0.000900
153.500000 0.000782
154.500000 0.000959
155.500000 0.000548
156.500000 0.000822
157.500000 0.000665
158.500000 0.000978
159.500000 0.000743
160.500000 0.000763
161.500000 0.000919
162.500000 0.000724
163.500000 0.001193
164.500000 0.001095
165.500000 0.000880
166.500000 0.001017
167.500000 0.000841
168.500000 0.001037
169.500000 0.001056
170.500000 0.001213
171.500000 0.001252
172.500000 0.000919
173.500000 0.000959
174.500000 0.001115
175.500000 0.001095
176.500000 0.001154
177.500000 0.000959
178.500000 0.001017
179.500000 0.001369
180.500000 0.000939
181.500000 0.001311
182.500000 0.001408
183.500000 0.001506
184.500000 0.001213
185.500000 0.001232
186.500000 0.001604
187.500000 0.001428
188.500000 0.001232
189.500000 0.000959
190.500000 0.001095
191.500000 0.001428
192.500000 0.001604
193.500000 0.001193
194.500000 0.001056
195.500000 0.001056
196.500000 0.001252
197.500000 0.001115
198.500000 0.000743
199.500000 0.000978
200.500000 0.001135
201.500000 0.001095
202.500000 0.001193
203.500000 0.001330
204.500000 0.001252
205.500000 0.000959
206.500000 0.001017
207.500000 0.000880
208.500000 0.001135
209.500000 0.000900
210.500000 0.000861
211.500000 0.000861
212.500000 0.000743
213.500000 0.000919
214.500000 0.001017
215.500000 0.000880
216.500000 0.000782
217.500000 0.000646
218.500000 0.000782
219.500000 0.000802
220.500000 0.000861
221.500000 0.000587
222.500000 0.000685
223.500000 0.000646
224.500000 0.000822
225.500000 0.000704
226.500000 0.000685
227.500000 0.000626
228.500000 0.000567
229.500000 0.000704
230.500000 0.000509
231.500000 0.000567
232.500000 0.000489
233.500000 0.000763
234.500000 0.000743
235.500000 0.000724
236.500000 0.000685
237.500000 0.000489
238.500000 0.000509
239.500000 0.000548
240.500000 0.000626
241.500000 0.000567
242.500000 0.000548
243.500000 0.000606
244.500000 0.000587
245.500000 0.000528
246.500000 0.000430
247.500000 0.000469
248.500000 0.000587
249.500000 0.000372
250.500000 0.000587
251.500000 0.000567
252.500000 0.000509
253.500000 0.000528
254.500000 0.000489
255.500000 0.000548
256.500000 0.000469
257.500000 0.000352
258.500000 0.000509
259.500000 0.000587
260.500000 0.000450
261.500000 0.000391
262.500000 0.000528
263.500000 0.000548
264.500000 0.000509
265.500000 0.000411
266.500000 0.000606
267.500000 0.000489
268.500000 0.000352
269.500000 0.000352
270.500000 0.000333
271.500000 0.000469
272.500000 0.000548
273.500000 0.000411
274.500000 0.000293
275.500000 0.000450
276.500000 0.000469
277.500000 0.000450
278.500000 0.000333
279.500000 0.000411
280.500000 0.000313
281.500000 0.000430
282.500000 0.000509
283.500000 0.000372
284.500000 0.000391
285.500000 0.000450
286.500000 0.000489
287.500000 0.000352
288.500000 0.000430
289.500000 0.000430
290.500000 0.000450
291.500000 0.000430
292.500000 0.000391
293.500000 0.000567
294.500000 0.000274
295.500000 0.000333
296.500000 0.000391
297.500000 0.000489
298.500000 0.000391
299.500000 0.000254
300.500000 0.000391
301.500000 0.000528
302.500000 0.000430
303.500000 0.000313
304.500000 0.000411
305.500000 0.000587
306.500000 0.000391
307.500000 0.000430
308.500000 0.000430
309.500000 0.000391
310.500000 0.000489
311.500000 0.000450
312.500000 0.000430
313.500000 0.000469
314.500000 0.000626
315.500000 0.000509
316.500000 0.000528
317.500000 0.000626
318.500000 0.000528
319.500000 0.000587
320.500000 0.000782
321.500000 0.000606
322.500000 0.000685
323.500000 0.000685
324.500000 0.000548
325.500000 0.000509
326.500000 0.000489
327.500000 0.000646
328.500000 0.000724
329.500000 0.000861
330.500000 0.000646
331.500000 0.000665
332.500000 0.000724
333.500000 0.000841
334.500000 0.000724
335.500000 0.000665
336.500000 0.000959
337.500000 0.000861
338.500000 0.000978
339.500000 0.000959
340.500000 0.000998
341.500000 0.000919
342.500000 0.001056
343.500000 0.001350
344.500000 0.001174
345.500000 0.001115
346.500000 0.001115
347.500000 0.001369
348.500000 0.001271
349.500000 0.001330
350.500000 0.001428
351.500000 0.001565
352.500000 0.001428
353.500000 0.001839
354.500000 0.001624
355.500000 0.001956
356.500000 0.002054
357.500000 0.002054
358.500000 0.002308
359.500000 0.002074
360.500000 0.002445
361.500000 0.002250
362.500000 0.002660
363.500000 0.002563
364.500000 0.002876
365.500000 0.002426
366.500000 0.002680
367.500000 0.002504
368.500000 0.002563
369.500000 0.002523
370.500000 0.002484
371.500000 0.002289
372.500000 0.002465
373.500000 0.002210
374.500000 0.002093
375.500000 0.002113
376.500000 0.002347
377.500000 0.001897
378.500000 0.001878
379.500000 0.001976
380.500000 0.001956
381.500000 0.001995
382.500000 0.002152
383.500000 0.001682
384.500000 0.001467
385.500000 0.001878
386.500000 0.001506
387.500000 0.001761
388.500000 0.001702
389.500000 0.001526
390.500000 0.001682
391.500000 0.001448
392.500000 0.001565
393.500000 0.001819
394.500000 0.001467
395.500000 0.001291
396.500000 0.001408
397.500000 0.001291
398.500000 0.001291
399.500000 0.001193
400.500000 0.000919
401.500000 0.000763
402.500000 0.001115
403.500000 0.000743
404.500000 0.001115
405.500000 0.000919
406.500000 0.000782
407.500000 0.000939
408.500000 0.000665
409.500000 0.000959
410.500000 0.000782
411.500000 0.000880
412.500000 0.000802
413.500000 0.000802
414.500000 0.000587
415.500000 0.000626
416.500000 0.000782
417.500000 0.000763
418.500000 0.000646
419.500000 0.000665
420.500000 0.000743
421.500000 0.000763
422.500000 0.000685
423.500000 0.000567
424.500000 0.000450
425.500000 0.000743
426.500000 0.000548
427.500000 0.000685
428.500000 0.000567
429.500000 0.000685
430.500000 0.000900
431.500000 0.000509
432.500000 0.000567
433.500000 0.000450
434.500000 0.000469
435.500000 0.000391
436.500000 0.000509
437.500000 0.000411
438.500000 0.000372
439.500000 0.000352
440.500000 0.000430
441.500000 0.000391
442.500000 0.000333
443.500000 0.000469
444.500000 0.000489
445.500000 0.000469
446.500000 0.000430
447.500000 0.000391
448.500000 0.000450
449.500000 0.000450
450.500000 0.000450
451.500000 0.000411
452.500000 0.000313
453.500000 0.000430
454.500000 0.000254
455.500000 0.000450
456.500000 0.000430
457.500000 0.000528
458.500000 0.000450
459.500000 0.000313
460.500000 0.000313
461.500000 0.000235
462.500000 0.000293
463.500000 0.000274
464.500000 0.000235
465.500000 0.000391
466.500000 0.000567
467.500000 0.000313
468.500000 0.000254
469.500000 0.000352
470.500000 0.000313
471.500000 0.000430
472.500000 0.000509
473.500000 0.000333
474.500000 0.000372
475.500000 0.000509
476.500000 0.000391
477.500000 0.000293
478.500000 0.000450
479.500000 0.000254
480.500000 0.000391
481.500000 0.000333
482.500000 0.000352
483.500000 0.000215
484.500000 0.000430
485.500000 0.000333
486.500000 0.000196
487.500000 0.000254
488.500000 0.000156
489.500000 0.000372
490.500000 0.000274
491.500000 0.000156
492.500000 0.000372
493.500000 0.000196
494.500000 0.000333
495.500000 0.000235
496.500000 0.000254
497.500000 0.000333
498.500000 0.000235
499.500000 0.000391
500.500000 0.000274
501.500000 0.000333
502.500000 0.000548
503.500000 0.000313
504.500000 0.000313
505.500000 0.000333
506.500000 0.000235
507.500000 0.000254
508.500000 0.000313
509.500000 0.000215
510.500000 0.000254
511.500000 0.000411
512.500000 0.000274
513.500000 0.000313
514.500000 0.000372
515.500000 0.000352
516.500000 0.000293
517.500000 0.000352
518.500000 0.000274
519.500000 0.000372
520.500000 0.000254
521.500000 0.000235
522.500000 0.000430
523.500000 0.000254
524.500000 0.000391
525.500000 0.000430
526.500000 0.000528
527.500000 0.000352
528.500000 0.000430
529.500000 0.000352
530.500000 0.000450
531.500000 0.000489
532.500000 0.000391
533.500000 0.000235
534.500000 0.000274
535.500000 0.000274
536.500000 0.000430
537.500000 0.000333
538.500000 0.000626
539.500000 0.000313
540.500000 0.000469
541.500000 0.000450
542.500000 0.000430
543.500000 0.000372
544.500000 0.000606
545.500000 0.000606
546.500000 0.000548
547.500000 0.000489
548.500000 0.000626
549.500000 0.000489
550.500000 0.000469
551.500000 0.000372
552.500000 0.000587
553.500000 0.000430
554.500000 0.000411
555.500000 0.000548
556.500000 0.000450
557.500000 0.000469
558.500000 0.000528
559.500000 0.000469
560.500000 0.000528
561.500000 0.000450
562.500000 0.000587
563.500000 0.000469
564.500000 0.000509
565.500000 0.000313
566.500000 0.000646
567.500000 0.000469
568.500000 0.000567
569.500000 0.000548
570.500000 0.000782
571.500000 0.000724
572.500000 0.000509
573.500000 0.000469
574.500000 0.000450
575.500000 0.000548
576.500000 0.000626
577.500000 0.000372
578.500000 0.000567
579.500000 0.000567
580.500000 0.000626
581.500000 0.000509
582.500000 0.000587
583.500000 0.000626
584.500000 0.000567
585.500000 0.000665
586.500000 0.000665
587.500000 0.000724
588.500000 0.000704
589.500000 0.000939
590.500000 0.000782
591.500000 0.000528
592.500000 0.000822
593.500000 0.000626
594.500000 0.000548
595.500000 0.000528
596.500000 0.000743
597.500000 0.000743
598.500000 0.000411
599.500000 0.000606
600.500000 0.000469
601.500000 0.000606
602.500000 0.000548
603.500000 0.000685
604.500000 0.000919
605.500000 0.000509
606.500000 0.000567
607.500000 0.000450
608.500000 0.000685
609.500000 0.000606
610.500000 0.000626
611.500000 0.000685
612.500000 0.000861
613.500000 0.000646
614.500000 0.000704
615.500000 0.000743
616.500000 0.000743
617.500000 0.000978
618.500000 0.000587
619.500000 0.000685
620.500000 0.000646
621.500000 0.000665
622.500000 0.000704
623.500000 0.000685
624.500000 0.000900
625.500000 0.000704
626.500000 0.000587
627.500000 0.000626
628.500000 0.000900
629.500000 0.000685
630.500000 0.000704
631.500000 0.001037
632.500000 0.000880
633.500000 0.000782
634.500000 0.000743
635.500000 0.000665
636.500000 0.001271
637.500000 0.001017
638.500000 0.000861
639.500000 0.000763
640.500000 0.000959
641.500000 0.000822
642.500000 0.000919
643.500000 0.001017
644.500000 0.000861
645.500000 0.001056
646.500000 0.000665
647.500000 0.001095
648.500000 0.000685
649.500000 0.000919
650.500000 0.000939
651.500000 0.001213
652.500000 0.000919
653.500000 0.000978
654.500000 0.001174
655.500000 0.001037
656.500000 0.001330
657.500000 0.000939
658.500000 0.000998
659.500000 0.001037
660.500000 0.001271
661.500000 0.001291
662.500000 0.001311
663.500000 0.001408
664.500000 0.001213
665.500000 0.001174
666.500000 0.001408
667.500000 0.001252
668.500000 0.001369
669.500000 0.001213
670.500000 0.001408
671.500000 0.001271
672.500000 0.001291
673.500000 0.001761
674.500000 0.001291
675.500000 0.001448
676.500000 0.001741
677.500000 0.001682
678.500000 0.001584
679.500000 0.001467
680.500000 0.001624
681.500000 0.001604
682.500000 0.002054
683.500000 0.001487
684.500000 0.001643
685.500000 0.001897
686.500000 0.001780
687.500000 0.001565
688.500000 0.001663
689.500000 0.001858
690.500000 0.001604
691.500000 0.001506
692.500000 0.001428
693.500000 0.001545
694.500000 0.001976
695.500000 0.001369
696.500000 0.001448
697.500000 0.001330
698.500000 0.001369
699.500000 0.001174
700.500000 0.001252
701.500000 0.001252
702.500000 0.001311
703.500000 0.000939
704.500000 0.001115
705.500000 0.001213
706.500000 0.000900
707.500000 0.001135
708.500000 0.000646
709.500000 0.000782
710.500000 0.000959
711.500000 0.000704
712.500000 0.000685
713.500000 0.000763
714.500000 0.000587
715.500000 0.000548
716.500000 0.000528
717.500000 0.000391
718.500000 0.000352
719.500000 0.000372
720.500000 0.000450
721.500000 0.000372
722.500000 0.000352
723.500000 0.000606
724.500000 0.000313
725.500000 0.000372
726.500000 0.000333
727.500000 0.000450
728.500000 0.000391
729.500000 0.000352
730.500000 0.000352
731.500000 0.000293
732.500000 0.000333
733.500000 0.000313
734.500000 0.000352
735.500000 0.000430
736.500000 0.000469
737.500000 0.000293
738.500000 0.000372
739.500000 0.000333
740.500000 0.000372
741.500000 0.000254
742.500000 0.000274
743.500000 0.000176
744.500000 0.000176
745.500000 0.000137
746.500000 0.000333
747.500000 0.000117
748.500000 0.000293
749.500000 0.000235
750.500000 0.000235
751.500000 0.000254
752.500000 0.000078
753.500000 0.000333
754.500000 0.000196
755.500000 0.000156
756.500000 0.000137
757.500000 0.000176
758.500000 0.000098
759.500000 0.000117
760.500000 0.000215
761.500000 0.000196
762.500000 0.000235
763.500000 0.000176
764.500000 0.000156
765.500000 0.000137
766.500000 0.000215
767.500000 0.000156
768.500000 0.000098
769.500000 0.000137
770.500000 0.000176
771.500000 0.000254
772.500000 0.000156
773.500000 0.000098
774.500000 0.000137
775.500000 0.000254
776.500000 0.000098
777.500000 0.000156
778.500000 0.000059
779.500000 0.000156
780.500000 0.000196
781.500000 0.000293
782.500000 0.000098
783.500000 0.000137
784.500000 0.000156
785.500000 0.000137
786.500000 0.000176
787.500000 0.000196
788.500000 0.000176
789.500000 0.000137
790.500000 0.000235
791.500000 0.000196
792.500000 0.000117
793.500000 0.000215
794.500000 0.000137
795.500000 0.000176
796.500000 0.000196
797.500000 0.000137
798.500000 0.000137
799.500000 0.000059
800.500000 0.000137
801.500000 0.000293
802.500000 0.000254
803.500000 0.000215
804.500000 0.000078
805.500000 0.000274
806.500000 0.000235
807.500000 0.000098
808.500000 0.000117
809.500000 0.000196
810.500000 0.000215
811.500000 0.000156
812.500000 0.000254
813.500000 0.000156
814.500000 0.000274
815.500000 0.000215
816.500000 0.000215
817.500000 0.000274
818.500000 0.000176
819.500000 0.000313
820.500000 0.000215
821.500000 0.000254
822.500000 0.000215
823.500000 0.000254
824.500000 0.000156
825.500000 0.000235
826.500000 0.000176
827.500000 0.000215
828.500000 0.000215
829.500000 0.000313
830.500000 0.000254
831.500000 0.000274
832.500000 0.000235
833.500000 0.000293
834.500000 0.000196
835.500000 0.000372
836.500000 0.000352
837.500000 0.000352
838.500000 0.000372
839.500000 0.000196
840.500000 0.000411
841.500000 0.000235
842.500000 0.000235
843.500000 0.000372
844.500000 0.000313
845.500000 0.000391
846.500000 0.000352
847.500000 0.000411
848.500000 0.000313
849.500000 0.000528
850.500000 0.000430
851.500000 0.000567
852.500000 0.000469
853.500000 0.000450
854.500000 0.000626
855.500000 0.000548
856.500000 0.000509
857.500000 0.000509
858.500000 0.000587
859.500000 0.000704
860.500000 0.000704
861.500000 0.000411
862.500000 0.000606
863.500000 0.000685
864.500000 0.000685
865.500000 0.000704
866.500000 0.000685
867.500000 0.000763
868.500000 0.000665
869.500000 0.000626
870.500000 0.000900
871.500000 0.000802
872.500000 0.000939
873.500000 0.000822
874.500000 0.000782
875.500000 0.000704
876.500000 0.000763
877.500000 0.000880
878.500000 0.000998
879.500000 0.000880
880.500000 0.001037
881.500000 0.000919
882.500000 0.000978
883.500000 0.000763
884.500000 0.000841
885.500000 0.000880
886.500000 0.000861
887.500000 0.001135
888.500000 0.000978
889.500000 0.000959
890.500000 0.000900
891.500000 0.000782
892.500000 0.000959
893.500000 0.000763
894.500000 0.000802
895.500000 0.000802
896.500000 0.000665
897.500000 0.000861
898.500000 0.000861
899.500000 0.000548
900.500000 0.000880
901.500000 0.000822
902.500000 0.000626
903.500000 0.000665
904.500000 0.000724
905.500000 0.000606
906.500000 0.000782
907.500000 0.000704
908.500000 0.000391
909.500000 0.000665
910.500000 0.000567
911.500000 0.000606
912.500000 0.000704
913.500000 0.000802
914.500000 0.000626
915.500000 0.000567
916.500000 0.000665
917.500000 0.000567
918.500000 0.000548
919.500000 0.000646
920.500000 0.000430
921.500000 0.000548
922.500000 0.000548
923.500000 0.000665
924.500000 0.000528
925.500000 0.000626
926.500000 0.000528
927.500000 0.000548
928.500000 0.000724
929.500000 0.000567
930.500000 0.000646
931.500000 0.000489
932.500000 0.000450
933.500000 0.000567
934.500000 0.000391
935.500000 0.000548
936.500000 0.000587
937.500000 0.000509
938.500000 0.000743
939.500000 0.000469
940.500000 0.000372
941.500000 0.000704
942.500000 0.000587
943.500000 0.000509
944.500000 0.000587
945.500000 0.000450
946.500000 0.000430
947.500000 0.000548
948.500000 0.000626
949.500000 0.000587
950.500000 0.000489
951.500000 0.000548
952.500000 0.000509
953.500000 0.000254
954.500000 0.000352
955.500000 0.000469
956.500000 0.000450
957.500000 0.000646
958.500000 0.000528
959.500000 0.000450
960.500000 0.000528
961.500000 0.000430
962.500000 0.000606
963.500000 0.000528
964.500000 0.000626
965.500000 0.000724
966.500000 0.000372
967.500000 0.000391
968.500000 0.000469
969.500000 0.000469
970.500000 0.000587
971.500000 0.000567
972.500000 0.000528
973.500000 0.000489
974.500000 0.000567
975.500000 0.000528
976.500000 0.000567
977.500000 0.000528
978.500000 0.000509
979.500000 0.000704
980.500000 0.000587
981.500000 0.000450
982.500000 0.000430
983.500000 0.000587
984.500000 0.000489
985.500000 0.000489
986.500000 0.000587
987.500000 0.000450
988.500000 0.000391
989.500000 0.000567
990.500000 0.000469
991.500000 0.000528
992.500000 0.000548
993.500000 0.000548
994.500000 0.000509
995.500000 0.000450
996.500000 0.000450
997.500000 0.000509
998.500000 0.000411
999.500000 0.000450
1000.500000 0.000606
1001.500000 0.000450
1002.500000 0.000743
1003.500000 0.000469
1004.500000 0.000489
1005.500000 0.000489
1006.500000 0.000430
1007.500000 0.000704
1008.500000 0.000665
1009.500000 0.000469
1010.500000 0.000724
1011.500000 0.000509
1012.500000 0.000646
1013.500000 0.000782
1014.500000 0.000685
1015.500000 0.000782
1016.500000 0.000469
1017.500000 0.000665
1018.500000 0.000861
1019.500000 0.000548
1020.500000 0.000704
1021.500000 0.000704
1022.500000 0.000743
1023.500000 0.000626
1024.500000 0.000665
1025.500000 0.000841
1026.500000 0.000841
1027.500000 0.000606
1028.500000 0.000939
1029.500000 0.000724
1030.500000 0.000861
1031.500000 0.000841
1032.500000 0.000998
1033.500000 0.000959
1034.500000 0.000822
1035.500000 0.000782
1036.500000 0.000998
1037.500000 0.001037
1038.500000 0.000861
1039.500000 0.000919
1040.500000 0.000939
1041.500000 0.001076
1042.500000 0.001017
1043.500000 0.000782
1044.500000 0.000880
1045.500000 0.000939
1046.500000 0.001037
1047.500000 0.000880
1048.500000 0.000900
1049.500000 0.000900
1050.500000 0.000919
1051.500000 0.000822
1052.500000 0.001017
1053.500000 0.001076
1054.500000 0.001193
1055.500000 0.000959
1056.500000 0.000998
1057.500000 0.000880
1058.500000 0.001056
1059.500000 0.000998
1060.500000 0.001076
1061.500000 0.001037
1062.500000 0.000802
1063.500000 0.001135
1064.500000 0.000880
1065.500000 0.001232
1066.500000 0.001213
1067.500000 0.001232
1068.500000 0.001311
1069.500000 0.001408
1070.500000 0.001350
1071.500000 0.001154
1072.500000 0.001643
1073.500000 0.001408
1074.500000 0.001800
1075.500000 0.001584
1076.500000 0.001428
1077.500000 0.002015
1078.500000 0.001741
1079.500000 0.001761
1080.500000 0.001995
1081.500000 0.001995
1082.500000 0.002093
1083.500000 0.002563
1084.500000 0.002543
1085.500000 0.002504
1086.500000 0.002113
1087.500000 0.002152
1088.500000 0.002328
1089.500000 0.002230
1090.500000 0.002210
1091.500000 0.002093
1092.500000 0.002269
1093.500000 0.002171
1094.500000 0.001741
1095.500000 0.001721
1096.500000 0.001663
1097.500000 0.001604
1098.500000 0.001565
1099.500000 0.001448
1100.500000 0.001369
1101.500000 0.001526
1102.500000 0.001800
1103.500000 0.001271
1104.500000 0.001291
1105.500000 0.001428
1106.500000 0.001193
1107.500000 0.001545
1108.500000 0.001369
1109.500000 0.001232
1110.500000 0.001135
1111.500000 0.001487
1112.500000 0.001839
1113.500000 0.001428
1114.500000 0.001702
1115.500000 0.001369
1116.500000 0.001741
1117.500000 0.001565
1118.500000 0.001624
1119.500000 0.001565
1120.500000 0.001741
1121.500000 0.001565
1122.500000 0.001761
1123.500000 0.001369
1124.500000 0.001467
1125.500000 0.001702
1126.500000 0.001408
1127.500000 0.001643
1128.500000 0.001624
1129.500000 0.001428
1130.500000 0.001643
1131.500000 0.001350
1132.500000 0.001565
1133.500000 0.001565
1134.500000 0.001624
1135.500000 0.001252
1136.500000 0.001232
1137.500000 0.001897
1138.500000 0.001702
1139.500000 0.001526
1140.500000 0.001487
1141.500000 0.001604
1142.500000 0.001721
1143.500000 0.001761
1144.500000 0.001506
1145.500000 0.001878
1146.500000 0.001643
1147.500000 0.001780
1148.500000 0.002132
1149.500000 0.002308
1150.500000 0.001721
1151.500000 0.001682
1152.500000 0.002191
1153.500000 0.001839
1154.500000 0.001761
1155.500000 0.002093
1156.500000 0.001721
1157.500000 0.001976
1158.500000 0.001702
1159.500000 0.001858
1160.500000 0.001819
1161.500000 0.002015
1162.500000 0.001839
1163.500000 0.002250
1164.500000 0.002093
1165.500000 0.001780
1166.500000 0.001937
1167.500000 0.002230
1168.500000 0.002406
1169.500000 0.002171
1170.500000 0.002680
1171.500000 0.002739
1172.500000 0.002445
1173.500000 0.002465
1174.500000 0.002465
1175.500000 0.002680
1176.500000 0.002934
1177.500000 0.002641
1178.500000 0.002602
1179.500000 0.002954
1180.500000 0.003130
1181.500000 0.003775
1182.500000 0.003717
1183.500000 0.003599
1184.500000 0.003482
1185.500000 0.004499
1186.500000 0.003814
1187.500000 0.003619
1188.500000 0.003893
1189.500000 0.004030
1190.500000 0.003912
1191.500000 0.004108
1192.500000 0.004049
1193.500000 0.004088
1194.500000 0.003638
1195.500000 0.003443
1196.500000 0.003365
1197.500000 0.002719
1198.500000 0.002758
1199.500000 0.002621
