0.500000 0.003914
1.500000 0.003737
2.500000 0.003631
3.500000 0.003347
4.500000 0.002710
5.500000 0.002701
6.500000 0.002701
7.500000 0.002639
8.500000 0.002373
9.500000 0.001931
10.500000 0.001886
11.500000 0.001904
12.500000 0.001709
13.500000 0.001621
14.500000 0.001576
15.500000 0.001435
16.500000 0.001320
17.500000 0.001054
18.500000 0.001178
19.500000 0.001018
20.500000 0.000939
21.500000 0.001107
22.500000 0.001018
23.500000 0.000948
24.500000 0.001116
25.500000 0.001160
26.500000 0.000762
27.500000 0.000974
28.500000 0.000655
29.500000 0.000708
30.500000 0.000815
31.500000 0.000522
32.500000 0.000611
33.500000 0.000611
34.500000 0.000531
35.500000 0.000638
36.500000 0.000522
37.500000 0.000567
38.500000 0.000593
39.500000 0.000416
40.500000 0.000434
41.500000 0.000469
42.500000 0.000540
43.500000 0.000460
44.500000 0.000416
45.500000 0.000337
46.500000 0.000363
47.500000 0.000399
48.500000 0.000381
49.500000 0.000301
50.500000 0.000399
51.500000 0.000292
52.500000 0.000354
53.500000 0.000266
54.500000 0.000301
55.500000 0.000310
56.500000 0.000230
57.500000 0.000213
58.500000 0.000310
59.500000 0.000257
60.500000 0.000213
61.500000 0.000168
62.500000 0.000204
63.500000 0.000239
64.500000 0.000204
65.500000 0.000239
66.500000 0.000221
67.500000 0.000186
68.500000 0.000186
69.500000 0.000204
70.500000 0.000221
71.500000 0.000142
72.500000 0.000204
73.500000 0.000266
74.500000 0.000142
75.500000 0.000115
76.500000 0.000213
77.500000 0.000177
78.500000 0.000142
79.500000 0.000115
80.500000 0.000142
81.500000 0.000213
82.500000 0.000133
83.500000 0.000168
84.500000 0.000142
85.500000 0.000186
86.500000 0.000186
87.500000 0.000195
88.500000 0.000168
89.500000 0.000080
90.500000 0.000151
91.500000 0.000186
92.500000 0.000097
93.500000 0.000133
94.500000 0.000124
95.500000 0.000151
96.500000 0.000186
97.500000 0.000195
98.500000 0.000151
99.500000 0.000062
100.500000 0.000115
101.500000 0.000186
102.500000 0.000142
103.500000 0.000159
104.500000 0.000142
105.500000 0.000151
106.500000 0.000106
107.500000 0.000142
108.500000 0.000159
109.500000 0.000168
110.500000 0.000106
111.500000 0.000177
112.500000 0.000151
113.500000 0.000159
114.500000 0.000168
115.500000 0.000177
116.500000 0.000151
117.500000 0.000151
118.500000 0.000142
119.500000 0.000204
120.500000 0.000115
121.500000 0.000177
122.500000 0.000221
123.500000 0.000159
124.500000 0.000124
125.500000 0.000213
126.500000 0.000168
127.500000 0.000230
128.500000 0.000257
129.500000 0.000177
130.500000 0.000257
131.500000 0.000133
132.500000 0.000142
133.500000 0.000257
134.500000 0.000204
135.500000 0.000195
136.500000 0.000204
137.500000 0.000283
138.500000 0.000221
139.500000 0.000310
140.500000 0.000257
141.500000 0.000292
142.500000 0.000337
143.500000 0.000266
144.500000 0.000328
145.500000 0.000239
146.500000 0.000434
147.500000 0.000257
148.500000 0.000319
149.500000 0.000319
150.500000 0.000328
151.500000 0.000283
152.500000 0.000425
153.500000 0.000416
154.500000 0.000372
155.500000 0.000328
156.500000 0.000345
157.500000 0.000407
158.500000 0.000354
159.500000 0.000381
160.500000 0.000345
161.500000 0.000328
162.500000 0.000266
163.500000 0.000310
164.500000 0.000266
165.500000 0.000407
166.500000 0.000381
167.500000 0.000558
168.500000 0.000452
169.500000 0.000390
170.500000 0.000372
171.500000 0.000425
172.500000 0.000540
173.500000 0.000522
174.500000 0.000531
175.500000 0.000522
176.500000 0.000567
177.500000 0.000514
178.500000 0.000567
179.500000 0.000593
180.500000 0.000558
181.500000 0.000620
182.500000 0.000496
183.500000 0.000638
184.500000 0.000593
185.500000 0.000717
186.500000 0.000620
187.500000 0.000567
188.500000 0.000629
189.500000 0.000629
190.500000 0.000558
191.500000 0.000540
192.500000 0.000691
193.500000 0.000567
194.500000 0.000620
195.500000 0.000700
196.500000 0.000797
197.500000 0.000700
198.500000 0.000682
199.500000 0.000673
200.500000 0.000602
201.500000 0.000744
202.500000 0.000646
203.500000 0.000540
204.500000 0.000576
205.500000 0.000602
206.500000 0.000584
207.500000 0.000487
208.500000 0.000620
209.500000 0.000514
210.500000 0.000584
211.500000 0.000638
212.500000 0.000505
213.500000 0.000646
214.500000 0.000664
215.500000 0.000584
216.500000 0.000522
217.500000 0.000469
218.500000 0.000567
219.500000 0.000611
220.500000 0.000434
221.500000 0.000487
222.500000 0.000664
223.500000 0.000443
224.500000 0.000478
225.500000 0.000443
226.500000 0.000381
227.500000 0.000425
228.500000 0.000514
229.500000 0.000390
230.500000 0.000558
231.500000 0.000531
232.500000 0.000584
233.500000 0.000425
234.500000 0.000478
235.500000 0.000372
236.500000 0.000496
237.500000 0.000522
238.500000 0.000434
239.500000 0.000514
240.500000 0.000301
241.500000 0.000496
242.500000 0.000345
243.500000 0.000310
244.500000 0.000416
245.500000 0.000434
246.500000 0.000345
247.500000 0.000399
248.500000 0.000372
249.500000 0.000399
250.500000 0.000443
251.500000 0.000345
252.500000 0.000337
253.500000 0.000345
254.500000 0.000337
255.500000 0.000337
256.500000 0.000399
257.500000 0.000460
258.500000 0.000381
259.500000 0.000363
260.500000 0.000549
261.500000 0.000452
262.500000 0.000416
263.500000 0.000434
264.500000 0.000505
265.500000 0.000460
266.500000 0.000407
267.500000 0.000399
268.500000 0.000363
269.500000 0.000381
270.500000 0.000452
271.500000 0.000310
272.500000 0.000292
273.500000 0.000354
274.500000 0.000337
275.500000 0.000390
276.500000 0.000381
277.500000 0.000381
278.500000 0.000381
279.500000 0.000354
280.500000 0.000328
281.500000 0.000328
282.500000 0.000310
283.500000 0.000301
284.500000 0.000434
285.500000 0.000354
286.500000 0.000310
287.500000 0.000416
288.500000 0.000310
289.500000 0.000292
290.500000 0.000283
291.500000 0.000275
292.500000 0.000301
293.500000 0.000266
294.500000 0.000381
295.500000 0.000301
296.500000 0.000275
297.500000 0.000257
298.500000 0.000257
299.500000 0.000337
300.500000 0.000328
301.500000 0.000257
302.500000 0.000399
303.500000 0.000381
304.500000 0.000283
305.500000 0.000443
306.500000 0.000319
307.500000 0.000257
308.500000 0.000275
309.500000 0.000425
310.500000 0.000319
311.500000 0.000275
312.500000 0.000301
313.500000 0.000416
314.500000 0.000239
315.500000 0.000328
316.500000 0.000345
317.500000 0.000354
318.500000 0.000354
319.500000 0.000354
320.500000 0.000319
321.500000 0.000248
322.500000 0.000266
323.500000 0.000399
324.500000 0.000390
325.500000 0.000443
326.500000 0.000416
327.500000 0.000390
328.500000 0.000363
329.500000 0.000354
330.500000 0.000319
331.500000 0.000354
332.500000 0.000372
333.500000 0.000425
334.500000 0.000390
335.500000 0.000469
336.500000 0.000505
337.500000 0.000452
338.500000 0.000514
339.500000 0.000443
340.500000 0.000460
341.500000 0.000469
342.500000 0.000514
343.500000 0.000567
344.500000 0.000673
345.500000 0.000469
346.500000 0.000576
347.500000 0.000620
348.500000 0.000487
349.500000 0.000522
350.500000 0.000611
351.500000 0.000584
352.500000 0.000576
353.500000 0.000708
354.500000 0.000496
355.500000 0.000638
356.500000 0.000646
357.500000 0.000877
358.500000 0.000638
359.500000 0.000664
360.500000 0.000638
361.500000 0.000832
362.500000 0.000726
363.500000 0.000735
364.500000 0.000638
365.500000 0.000593
366.500000 0.000717
367.500000 0.000788
368.500000 0.000770
369.500000 0.000806
370.500000 0.000735
371.500000 0.000531
372.500000 0.000770
373.500000 0.000638
374.500000 0.000487
375.500000 0.000664
376.500000 0.000655
377.500000 0.000638
378.500000 0.000726
379.500000 0.000558
380.500000 0.000815
381.500000 0.000593
382.500000 0.000602
383.500000 0.000717
384.500000 0.000655
385.500000 0.000824
386.500000 0.000700
387.500000 0.000726
388.500000 0.000797
389.500000 0.000700
390.500000 0.000682
391.500000 0.000673
392.500000 0.000877
393.500000 0.000629
394.500000 0.000655
395.500000 0.000549
396.500000 0.000797
397.500000 0.000629
398.500000 0.000629
399.500000 0.000629
400.500000 0.000593
401.500000 0.000638
402.500000 0.000540
403.500000 0.000664
404.500000 0.000584
405.500000 0.000602
406.500000 0.000611
407.500000 0.000522
408.500000 0.000487
409.500000 0.000496
410.500000 0.000593
411.500000 0.000540
412.500000 0.000531
413.500000 0.000540
414.500000 0.000540
415.500000 0.000531
416.500000 0.000558
417.500000 0.000425
418.500000 0.000558
419.500000 0.000514
420.500000 0.000425
421.500000 0.000496
422.500000 0.000478
423.500000 0.000558
424.500000 0.000452
425.500000 0.000522
426.500000 0.000584
427.500000 0.000549
428.500000 0.000487
429.500000 0.000629
430.500000 0.000443
431.500000 0.000443
432.500000 0.000460
433.500000 0.000372
434.500000 0.000540
435.500000 0.000584
436.500000 0.000425
437.500000 0.000558
438.500000 0.000567
439.500000 0.000584
440.500000 0.000646
441.500000 0.000611
442.500000 0.000522
443.500000 0.000478
444.500000 0.000558
445.500000 0.000363
446.500000 0.000478
447.500000 0.000443
448.500000 0.000655
449.500000 0.000425
450.500000 0.000452
451.500000 0.000372
452.500000 0.000469
453.500000 0.000425
454.500000 0.000372
455.500000 0.000381
456.500000 0.000531
457.500000 0.000487
458.500000 0.000478
459.500000 0.000390
460.500000 0.000363
461.500000 0.000452
462.500000 0.000381
463.500000 0.000345
464.500000 0.000452
465.500000 0.000478
466.500000 0.000363
467.500000 0.000390
468.500000 0.000452
469.500000 0.000399
470.500000 0.000469
471.500000 0.000399
472.500000 0.000363
473.500000 0.000487
474.500000 0.000514
475.500000 0.000434
476.500000 0.000337
477.500000 0.000301
478.500000 0.000390
479.500000 0.000310
480.500000 0.000443
481.500000 0.000487
482.500000 0.000275
483.500000 0.000434
484.500000 0.000416
485.500000 0.000522
486.500000 0.000434
487.500000 0.000390
488.500000 0.000452
489.500000 0.000443
490.500000 0.000390
491.500000 0.000452
492.500000 0.000496
493.500000 0.000434
494.500000 0.000452
495.500000 0.000478
496.500000 0.000292
497.500000 0.000478
498.500000 0.000487
499.500000 0.000540
500.500000 0.000460
501.500000 0.000540
502.500000 0.000505
503.500000 0.000425
504.500000 0.000416
505.500000 0.000416
506.500000 0.000531
507.500000 0.000354
508.500000 0.000337
509.500000 0.000434
510.500000 0.000460
511.500000 0.000407
512.500000 0.000478
513.500000 0.000407
514.500000 0.000416
515.500000 0.000478
516.500000 0.000469
517.500000 0.000390
518.500000 0.000443
519.500000 0.000505
520.500000 0.000558
521.500000 0.000478
522.500000 0.000443
523.500000 0.000460
524.500000 0.000514
525.500000 0.000531
526.500000 0.000381
527.500000 0.000469
528.500000 0.000505
529.500000 0.000496
530.500000 0.000452
531.500000 0.000425
532.500000 0.000425
533.500000 0.000452
534.500000 0.000584
535.500000 0.000540
536.500000 0.000584
537.500000 0.000469
538.500000 0.000567
539.500000 0.000558
540.500000 0.000522
541.500000 0.000567
542.500000 0.000593
543.500000 0.000655
544.500000 0.000496
545.500000 0.000646
546.500000 0.000558
547.500000 0.000558
548.500000 0.000434
549.500000 0.000407
550.500000 0.000549
551.500000 0.000638
552.500000 0.000584
553.500000 0.000567
554.500000 0.000593
555.500000 0.000443
556.500000 0.000549
557.500000 0.000638
558.500000 0.000558
559.500000 0.000425
560.500000 0.000593
561.500000 0.000567
562.500000 0.000602
563.500000 0.000655
564.500000 0.000372
565.500000 0.000487
566.500000 0.000505
567.500000 0.000664
568.500000 0.000576
569.500000 0.000522
570.500000 0.000691
571.500000 0.000540
572.500000 0.000611
573.500000 0.000602
574.500000 0.000549
575.500000 0.000567
576.500000 0.000717
577.500000 0.000416
578.500000 0.000549
579.500000 0.000611
580.500000 0.000584
581.500000 0.000514
582.500000 0.000567
583.500000 0.000584
584.500000 0.000531
585.500000 0.000664
586.500000 0.000735
587.500000 0.000522
588.500000 0.000558
589.500000 0.000638
590.500000 0.000567
591.500000 0.000549
592.500000 0.000576
593.500000 0.000673
594.500000 0.000540
595.500000 0.000593
596.500000 0.000576
597.500000 0.000593
598.500000 0.000700
599.500000 0.000540
600.500000 0.000700
601.500000 0.000726
602.500000 0.000673
603.500000 0.000708
604.500000 0.000717
605.500000 0.000779
606.500000 0.000815
607.500000 0.000744
608.500000 0.000691
609.500000 0.000770
610.500000 0.000717
611.500000 0.000691
612.500000 0.000770
613.500000 0.000894
614.500000 0.000700
615.500000 0.000859
616.500000 0.000779
617.500000 0.000832
618.500000 0.001027
619.500000 0.000912
620.500000 0.000939
621.500000 0.000770
622.500000 0.000886
623.500000 0.000939
624.500000 0.000939
625.500000 0.000912
626.500000 0.000744
627.500000 0.000983
628.500000 0.000956
629.500000 0.000992
630.500000 0.001018
631.500000 0.000956
632.500000 0.000956
633.500000 0.000939
634.500000 0.001134
635.500000 0.000983
636.500000 0.001169
637.500000 0.001027
638.500000 0.001160
639.500000 0.001187
640.500000 0.001222
641.500000 0.001284
642.500000 0.001089
643.500000 0.001204
644.500000 0.001390
645.500000 0.001311
646.500000 0.001355
647.500000 0.001443
648.500000 0.001461
649.500000 0.001585
650.500000 0.001567
651.500000 0.001629
652.500000 0.001691
653.500000 0.001452
654.500000 0.001638
655.500000 0.001576
656.500000 0.001435
657.500000 0.001585
658.500000 0.001629
659.500000 0.001647
660.500000 0.001842
661.500000 0.001886
662.500000 0.001931
663.500000 0.001877
664.500000 0.002143
665.500000 0.002161
666.500000 0.001984
667.500000 0.002170
668.500000 0.002435
669.500000 0.002338
670.500000 0.002241
671.500000 0.002400
672.500000 0.002666
673.500000 0.002621
674.500000 0.002763
675.500000 0.002604
676.500000 0.002604
677.500000 0.002940
678.500000 0.003108
679.500000 0.002860
680.500000 0.002922
681.500000 0.003197
682.500000 0.002896
683.500000 0.002931
684.500000 0.003312
685.500000 0.003029
686.500000 0.003162
687.500000 0.003135
688.500000 0.003135
689.500000 0.002692
690.500000 0.003002
691.500000 0.002896
692.500000 0.002798
693.500000 0.002701
694.500000 0.002488
695.500000 0.002524
696.500000 0.002426
697.500000 0.002311
698.500000 0.002081
699.500000 0.002311
700.500000 0.001993
701.500000 0.002143
702.500000 0.001745
703.500000 0.001957
704.500000 0.001904
705.500000 0.001922
706.500000 0.001842
707.500000 0.001550
708.500000 0.001505
709.500000 0.001320
710.500000 0.001435
711.500000 0.001435
712.500000 0.001293
713.500000 0.001275
714.500000 0.001355
715.500000 0.001098
716.500000 0.001018
717.500000 0.000744
718.500000 0.000717
719.500000 0.000770
720.500000 0.000877
721.500000 0.000753
722.500000 0.000841
723.500000 0.000620
724.500000 0.000593
725.500000 0.000487
726.500000 0.000602
727.500000 0.000549
728.500000 0.000531
729.500000 0.000478
730.500000 0.000452
731.500000 0.000496
732.500000 0.000487
733.500000 0.000443
734.500000 0.000354
735.500000 0.000549
736.500000 0.000337
737.500000 0.000319
738.500000 0.000319
739.500000 0.000310
740.500000 0.000337
741.500000 0.000407
742.500000 0.000337
743.500000 0.000337
744.500000 0.000257
745.500000 0.000363
746.500000 0.000239
747.500000 0.000257
748.500000 0.000283
749.500000 0.000345
750.500000 0.000221
751.500000 0.000266
752.500000 0.000283
753.500000 0.000186
754.500000 0.000425
755.500000 0.000266
756.500000 0.000239
757.500000 0.000195
758.500000 0.000292
759.500000 0.000283
760.500000 0.000292
761.500000 0.000266
762.500000 0.000239
763.500000 0.000195
764.500000 0.000257
765.500000 0.000283
766.500000 0.000204
767.500000 0.000275
768.500000 0.000319
769.500000 0.000239
770.500000 0.000257
771.500000 0.000177
772.500000 0.000204
773.500000 0.000257
774.500000 0.000230
775.500000 0.000204
776.500000 0.000177
777.500000 0.000248
778.500000 0.000337
779.500000 0.000221
780.500000 0.000301
781.500000 0.000275
782.500000 0.000239
783.500000 0.000195
784.500000 0.000177
785.500000 0.000257
786.500000 0.000213
787.500000 0.000328
788.500000 0.000221
789.500000 0.000230
790.500000 0.000248
791.500000 0.000248
792.500000 0.000239
793.500000 0.000239
794.500000 0.000213
795.500000 0.000266
796.500000 0.000204
797.500000 0.000283
798.500000 0.000221
799.500000 0.000275
800.500000 0.000266
801.500000 0.000168
802.500000 0.000257
803.500000 0.000266
804.500000 0.000239
805.500000 0.000177
806.500000 0.000230
807.500000 0.000213
808.500000 0.000239
809.500000 0.000159
810.500000 0.000230
811.500000 0.000204
812.500000 0.000239
813.500000 0.000266
814.500000 0.000239
815.500000 0.000275
816.500000 0.000283
817.500000 0.000275
818.500000 0.000257
819.500000 0.000275
820.500000 0.000257
821.500000 0.000213
822.500000 0.000328
823.500000 0.000354
824.500000 0.000319
825.500000 0.000301
826.500000 0.000416
827.500000 0.000310
828.500000 0.000337
829.500000 0.000310
830.500000 0.000416
831.500000 0.000354
832.500000 0.000354
833.500000 0.000345
834.500000 0.000425
835.500000 0.000425
836.500000 0.000390
837.500000 0.000425
838.500000 0.000416
839.500000 0.000496
840.500000 0.000399
841.500000 0.000549
842.500000 0.000584
843.500000 0.000354
844.500000 0.000505
845.500000 0.000469
846.500000 0.000576
847.500000 0.000664
848.500000 0.000682
849.500000 0.000629
850.500000 0.000691
851.500000 0.000602
852.500000 0.000505
853.500000 0.000682
854.500000 0.000673
855.500000 0.000629
856.500000 0.000797
857.500000 0.000691
858.500000 0.000762
859.500000 0.000629
860.500000 0.000762
861.500000 0.000629
862.500000 0.000806
863.500000 0.000788
864.500000 0.000824
865.500000 0.000841
866.500000 0.000797
867.500000 0.000806
868.500000 0.000948
869.500000 0.001089
870.500000 0.000974
871.500000 0.000948
872.500000 0.001160
873.500000 0.001089
874.500000 0.001107
875.500000 0.001045
876.500000 0.001018
877.500000 0.000921
878.500000 0.000974
879.500000 0.001125
880.500000 0.001054
881.500000 0.001001
882.500000 0.001142
883.500000 0.000930
884.500000 0.000956
885.500000 0.001027
886.500000 0.001151
887.500000 0.001125
888.500000 0.000939
889.500000 0.000965
890.500000 0.001036
891.500000 0.001054
892.500000 0.000939
893.500000 0.001010
894.500000 0.000868
895.500000 0.000965
896.500000 0.000841
897.500000 0.000992
898.500000 0.000948
899.500000 0.000948
900.500000 0.000726
901.500000 0.000735
902.500000 0.000788
903.500000 0.000788
904.500000 0.000921
905.500000 0.000735
906.500000 0.000868
907.500000 0.000824
908.500000 0.000655
909.500000 0.000868
910.500000 0.000877
911.500000 0.000762
912.500000 0.000726
913.500000 0.000664
914.500000 0.000797
915.500000 0.000673
916.500000 0.000646
917.500000 0.000646
918.500000 0.000611
919.500000 0.000824
920.500000 0.000549
921.500000 0.000576
922.500000 0.000691
923.500000 0.000478
924.500000 0.000558
925.500000 0.000673
926.500000 0.000664
927.500000 0.000549
928.500000 0.000700
929.500000 0.000593
930.500000 0.000558
931.500000 0.000682
932.500000 0.000478
933.500000 0.000549
934.500000 0.000620
935.500000 0.000531
936.500000 0.000531
937.500000 0.000514
938.500000 0.000576
939.500000 0.000708
940.500000 0.000593
941.500000 0.000487
942.500000 0.000646
943.500000 0.000664
944.500000 0.000558
945.500000 0.000629
946.500000 0.000576
947.500000 0.000514
948.500000 0.000593
949.500000 0.000584
950.500000 0.000549
951.500000 0.000691
952.500000 0.000381
953.500000 0.000584
954.500000 0.000620
955.500000 0.000407
956.500000 0.000505
957.500000 0.000567
958.500000 0.000602
959.500000 0.000416
960.500000 0.000602
961.500000 0.000584
962.500000 0.000779
963.500000 0.000602
964.500000 0.000549
965.500000 0.000567
966.500000 0.000487
967.500000 0.000549
968.500000 0.000567
969.500000 0.000558
970.500000 0.000567
971.500000 0.000602
972.500000 0.000638
973.500000 0.000584
974.500000 0.000460
975.500000 0.000549
976.500000 0.000584
977.500000 0.000549
978.500000 0.000584
979.500000 0.000496
980.500000 0.000576
981.500000 0.000567
982.500000 0.000522
983.500000 0.000496
984.500000 0.000593
985.500000 0.000469
986.500000 0.000673
987.500000 0.000522
988.500000 0.000593
989.500000 0.000602
990.500000 0.000584
991.500000 0.000673
992.500000 0.000611
993.500000 0.000620
994.500000 0.000602
995.500000 0.000655
996.500000 0.000576
997.500000 0.000469
998.500000 0.000460
999.500000 0.000558
1000.500000 0.000522
1001.500000 0.000611
1002.500000 0.000522
1003.500000 0.000505
1004.500000 0.000664
1005.500000 0.000664
1006.500000 0.000655
1007.500000 0.000531
1008.500000 0.000576
1009.500000 0.000593
1010.500000 0.000558
1011.500000 0.000576
1012.500000 0.000505
1013.500000 0.000593
1014.500000 0.000496
1015.500000 0.000505
1016.500000 0.000558
1017.500000 0.000602
1018.500000 0.000478
1019.500000 0.000531
1020.500000 0.000593
1021.500000 0.000611
1022.500000 0.000558
1023.500000 0.000629
1024.500000 0.000514
1025.500000 0.000593
1026.500000 0.000478
1027.500000 0.000629
1028.500000 0.000514
1029.500000 0.000611
1030.500000 0.000514
1031.500000 0.000549
1032.500000 0.000434
1033.500000 0.000664
1034.500000 0.000593
1035.500000 0.000593
1036.500000 0.000576
1037.500000 0.000505
1038.500000 0.000655
1039.500000 0.000611
1040.500000 0.000567
1041.500000 0.000602
1042.500000 0.000549
1043.500000 0.000611
1044.500000 0.000620
1045.500000 0.000584
1046.500000 0.000691
1047.500000 0.000655
1048.500000 0.000700
1049.500000 0.000806
1050.500000 0.000797
1051.500000 0.000682
1052.500000 0.000682
1053.500000 0.000788
1054.500000 0.000903
1055.500000 0.000753
1056.500000 0.000708
1057.500000 0.000841
1058.500000 0.000930
1059.500000 0.000877
1060.500000 0.000832
1061.500000 0.000912
1062.500000 0.000859
1063.500000 0.000903
1064.500000 0.001063
1065.500000 0.000992
1066.500000 0.001027
1067.500000 0.001036
1068.500000 0.001178
1069.500000 0.001187
1070.500000 0.001125
1071.500000 0.001293
1072.500000 0.001178
1073.500000 0.001320
1074.500000 0.001010
1075.500000 0.001213
1076.500000 0.001337
1077.500000 0.001328
1078.500000 0.001373
1079.500000 0.001187
1080.500000 0.001320
1081.500000 0.001293
1082.500000 0.001390
1083.500000 0.001523
1084.500000 0.001497
1085.500000 0.001523
1086.500000 0.001497
1087.500000 0.001700
1088.500000 0.001381
1089.500000 0.001736
1090.500000 0.001497
1091.500000 0.001683
1092.500000 0.001771
1093.500000 0.001745
1094.500000 0.001922
1095.500000 0.001505
1096.500000 0.001443
1097.500000 0.001621
1098.500000 0.001567
1099.500000 0.001753
1100.500000 0.001594
1101.500000 0.001691
1102.500000 0.001497
1103.500000 0.001665
1104.500000 0.001718
1105.500000 0.001479
1106.500000 0.001594
1107.500000 0.001585
1108.500000 0.001435
1109.500000 0.001488
1110.500000 0.001771
1111.500000 0.001798
1112.500000 0.001479
1113.500000 0.001585
1114.500000 0.001399
1115.500000 0.001337
1116.500000 0.001426
1117.500000 0.001514
1118.500000 0.001488
1119.500000 0.001505
1120.500000 0.001647
1121.500000 0.001399
1122.500000 0.001514
1123.500000 0.001408
1124.500000 0.001417
1125.500000 0.001249
1126.500000 0.001550
1127.500000 0.001381
1128.500000 0.001532
1129.500000 0.001443
1130.500000 0.001408
1131.500000 0.001567
1132.500000 0.001629
1133.500000 0.001399
1134.500000 0.001408
1135.500000 0.001629
1136.500000 0.001452
1137.500000 0.001497
1138.500000 0.001550
1139.500000 0.001771
1140.500000 0.001585
1141.500000 0.001851
1142.500000 0.001603
1143.500000 0.001700
1144.500000 0.001603
1145.500000 0.001780
1146.500000 0.001674
1147.500000 0.001718
1148.500000 0.001815
1149.500000 0.001895
1150.500000 0.001674
1151.500000 0.001815
1152.500000 0.002046
1153.500000 0.001860
1154.500000 0.002072
1155.500000 0.002063
1156.500000 0.002356
1157.500000 0.002046
1158.500000 0.001913
1159.500000 0.002117
1160.500000 0.002267
1161.500000 0.002205
1162.500000 0.002577
1163.500000 0.002471
1164.500000 0.002471
1165.500000 0.002400
1166.500000 0.002719
1167.500000 0.002754
1168.500000 0.002586
1169.500000 0.002798
1170.500000 0.002790
1171.500000 0.003162
1172.500000 0.003223
1173.500000 0.003321
1174.500000 0.003489
1175.500000 0.003781
1176.500000 0.003640
1177.500000 0.003976
1178.500000 0.004366
1179.500000 0.004490
1180.500000 0.004419
1181.500000 0.004906
1182.500000 0.004924
1183.500000 0.005181
1184.500000 0.005074
1185.500000 0.005021
1186.500000 0.005650
1187.500000 0.005668
1188.500000 0.005172
1189.500000 0.005234
1190.500000 0.005473
1191.500000 0.005340
1192.500000 0.004614
1193.500000 0.004694
1194.500000 0.004632
1195.500000 0.004640
1196.500000 0.004304
1197.500000 0.004224
1198.500000 0.004003
1199.500000 0.003950
