0.500000 0.012745
1.500000 0.013634
2.500000 0.013923
3.500000 0.012958
4.500000 0.012398
5.500000 0.012340
6.500000 0.007821
7.500000 0.005311
8.500000 0.003727
9.500000 0.003206
10.500000 0.001989
11.500000 0.000985
12.500000 0.000850
13.500000 0.000850
14.500000 0.000502
15.500000 0.000599
16.500000 0.000348
17.500000 0.000444
18.500000 0.000444
19.500000 0.000328
20.500000 0.000386
21.500000 0.000251
22.500000 0.000444
23.500000 0.000560
24.500000 0.000309
25.500000 0.000251
26.500000 0.000483
27.500000 0.000232
28.500000 0.000058
29.500000 0.000097
30.500000 0.000309
31.500000 0.000270
32.500000 0.000232
33.500000 0.000135
34.500000 0.000193
35.500000 0.000154
36.500000 0.000193
37.500000 0.000097
38.500000 0.000154
39.500000 0.000154
40.500000 0.000212
41.500000 0.000116
42.500000 0.000135
43.500000 0.000097
44.500000 0.000116
45.500000 0.000135
46.500000 0.000097
47.500000 0.000097
48.500000 0.000154
49.500000 0.000097
50.500000 0.000174
51.500000 0.000116
52.500000 0.000077
53.500000 0.000077
54.500000 0.000135
55.500000 0.000116
56.500000 0.000058
57.500000 0.000116
58.500000 0.000058
59.500000 0.000058
60.500000 0.000097
61.500000 0.000077
62.500000 0.000019
63.500000 0.000116
64.500000 0.000019
65.500000 0.000058
66.500000 0.000077
67.500000 0.000077
68.500000 0.000000
69.500000 0.000077
70.500000 0.000039
71.500000 0.000174
72.500000 0.000097
73.500000 0.000116
74.500000 0.000135
75.500000 0.000019
76.500000 0.000097
77.500000 0.000058
78.500000 0.000058
79.500000 0.000116
80.500000 0.000058
81.500000 0.000058
82.500000 0.000019
83.500000 0.000039
84.500000 0.000097
85.500000 0.000077
86.500000 0.000097
87.500000 0.000039
88.500000 0.000058
89.500000 0.000039
90.500000 0.000097
91.500000 0.000058
92.500000 0.000019
93.500000 0.000039
94.500000 0.000058
95.500000 0.000019
96.500000 0.000135
97.500000 0.000077
98.500000 0.000077
99.500000 0.000077
100.500000 0.000039
101.500000 0.000039
102.500000 0.000058
103.500000 0.000077
104.500000 0.000135
105.500000 0.000135
106.500000 0.000058
107.500000 0.000058
108.500000 0.000019
109.500000 0.000077
110.500000 0.000116
111.500000 0.000116
112.500000 0.000097
113.500000 0.000154
114.500000 0.000039
115.500000 0.000039
116.500000 0.000116
117.500000 0.000077
118.500000 0.000058
119.500000 0.000058
120.500000 0.000039
121.500000 0.000097
122.500000 0.000116
123.500000 0.000116
124.500000 0.000097
125.500000 0.000039
126.500000 0.000097
127.500000 0.000077
128.500000 0.000058
129.500000 0.000174
130.500000 0.000097
131.500000 0.000019
132.500000 0.000077
133.500000 0.000039
134.500000 0.000039
135.500000 0.000077
136.500000 0.000135
137.500000 0.000116
138.500000 0.000039
139.500000 0.000058
140.500000 0.000135
141.500000 0.000077
142.500000 0.000077
143.500000 0.000058
144.500000 0.000135
145.500000 0.000097
146.500000 0.000116
147.500000 0.000154
148.500000 0.000039
149.500000 0.000135
150.500000 0.000135
151.500000 0.000135
152.500000 0.000193
153.500000 0.000116
154.500000 0.000097
155.500000 0.000077
156.500000 0.000058
157.500000 0.000174
158.500000 0.000174
159.500000 0.000174
160.500000 0.000135
161.500000 0.000077
162.500000 0.000154
163.500000 0.000135
164.500000 0.000097
165.500000 0.000174
166.500000 0.000058
167.500000 0.000328
168.500000 0.000212
169.500000 0.000212
170.500000 0.000290
171.500000 0.000309
172.500000 0.000386
173.500000 0.000309
174.500000 0.000270
175.500000 0.000290
176.500000 0.000309
177.500000 0.000290
178.500000 0.000406
179.500000 0.000367
180.500000 0.000386
181.500000 0.000367
182.500000 0.000734
183.500000 0.000676
184.500000 0.000734
185.500000 0.001120
186.500000 0.001197
187.500000 0.001584
188.500000 0.001757
189.500000 0.001584
190.500000 0.002105
191.500000 0.002549
192.500000 0.003051
193.500000 0.003244
194.500000 0.003167
195.500000 0.002530
196.500000 0.003032
197.500000 0.003515
198.500000 0.003804
199.500000 0.003669
200.500000 0.003978
201.500000 0.004229
202.500000 0.003341
203.500000 0.003611
204.500000 0.003341
205.500000 0.003051
206.500000 0.002491
207.500000 0.002935
208.500000 0.002105
209.500000 0.001641
210.500000 0.001873
211.500000 0.002086
212.500000 0.001641
213.500000 0.001139
214.500000 0.000734
215.500000 0.000811
216.500000 0.000425
217.500000 0.000715
218.500000 0.000425
219.500000 0.000521
220.500000 0.000502
221.500000 0.000444
222.500000 0.000483
223.500000 0.000406
224.500000 0.000270
225.500000 0.000483
226.500000 0.000541
227.500000 0.000444
228.500000 0.000386
229.500000 0.000386
230.500000 0.000270
231.500000 0.000386
232.500000 0.000386
233.500000 0.000309
234.500000 0.000348
235.500000 0.000290
236.500000 0.000348
237.500000 0.000251
238.500000 0.000290
239.500000 0.000290
240.500000 0.000174
241.500000 0.000309
242.500000 0.000328
243.500000 0.000463
244.500000 0.000348
245.500000 0.000406
246.500000 0.000328
247.500000 0.000425
248.500000 0.000290
249.500000 0.000290
250.500000 0.000406
251.500000 0.000174
252.500000 0.000174
253.500000 0.000212
254.500000 0.000270
255.500000 0.000270
256.500000 0.000367
257.500000 0.000174
258.500000 0.000386
259.500000 0.000193
260.500000 0.000251
261.500000 0.000212
262.500000 0.000232
263.500000 0.000212
264.500000 0.000290
265.500000 0.000135
266.500000 0.000309
267.500000 0.000135
268.500000 0.000328
269.500000 0.000232
270.500000 0.000154
271.500000 0.000232
272.500000 0.000232
273.500000 0.000154
274.500000 0.000193
275.500000 0.000251
276.500000 0.000193
277.500000 0.000154
278.500000 0.000232
279.500000 0.000077
280.500000 0.000212
281.500000 0.000232
282.500000 0.000174
283.500000 0.000154
284.500000 0.000097
285.500000 0.000154
286.500000 0.000232
287.500000 0.000232
288.500000 0.000116
289.500000 0.000097
290.500000 0.000328
291.500000 0.000212
292.500000 0.000193
293.500000 0.000193
294.500000 0.000058
295.500000 0.000116
296.500000 0.000212
297.500000 0.000154
298.500000 0.000232
299.500000 0.000232
300.500000 0.000232
301.500000 0.000212
302.500000 0.000154
303.500000 0.000154
304.500000 0.000212
305.500000 0.000251
306.500000 0.000174
307.500000 0.000270
308.500000 0.000193
309.500000 0.000193
310.500000 0.000135
311.500000 0.000174
312.500000 0.000232
313.500000 0.000328
314.500000 0.000212
315.500000 0.000270
316.500000 0.000097
317.500000 0.000270
318.500000 0.000309
319.500000 0.000309
320.500000 0.000270
321.500000 0.000193
322.500000 0.000348
323.500000 0.000212
324.500000 0.000270
325.500000 0.000232
326.500000 0.000193
327.500000 0.000309
328.500000 0.000154
329.500000 0.000251
330.500000 0.000270
331.500000 0.000251
332.500000 0.000154
333.500000 0.000174
334.500000 0.000348
335.500000 0.000290
336.500000 0.000232
337.500000 0.000193
338.500000 0.000328
339.500000 0.000541
340.500000 0.000290
341.500000 0.000232
342.500000 0.000232
343.500000 0.000425
344.500000 0.000406
345.500000 0.000328
346.500000 0.000135
347.500000 0.000328
348.500000 0.000290
349.500000 0.000444
350.500000 0.000386
351.500000 0.000290
352.500000 0.000309
353.500000 0.000309
354.500000 0.000463
355.500000 0.000309
356.500000 0.000541
357.500000 0.000232
358.500000 0.000734
359.500000 0.001197
360.500000 0.000676
361.500000 0.000463
362.500000 0.000966
363.500000 0.001506
364.500000 0.000985
365.500000 0.000966
366.500000 0.001101
367.500000 0.001217
368.500000 0.001313
369.500000 0.001526
370.500000 0.001661
371.500000 0.001892
372.500000 0.002182
373.500000 0.002877
374.500000 0.002723
375.500000 0.003495
376.500000 0.003360
377.500000 0.002877
378.500000 0.003360
379.500000 0.004557
380.500000 0.003901
381.500000 0.005253
382.500000 0.004982
383.500000 0.004751
384.500000 0.004499
385.500000 0.004133
386.500000 0.004229
387.500000 0.005002
388.500000 0.004924
389.500000 0.006952
390.500000 0.005407
391.500000 0.004499
392.500000 0.004229
393.500000 0.003553
394.500000 0.003495
395.500000 0.003302
396.500000 0.002858
397.500000 0.002028
398.500000 0.001564
399.500000 0.001294
400.500000 0.000772
401.500000 0.000560
402.500000 0.000560
403.500000 0.000463
404.500000 0.000618
405.500000 0.000367
406.500000 0.000541
407.500000 0.000309
408.500000 0.000483
409.500000 0.000270
410.500000 0.000328
411.500000 0.000309
412.500000 0.000270
413.500000 0.000116
414.500000 0.000367
415.500000 0.000251
416.500000 0.000425
417.500000 0.000270
418.500000 0.000290
419.500000 0.000290
420.500000 0.000232
421.500000 0.000212
422.500000 0.000174
423.500000 0.000116
424.500000 0.000154
425.500000 0.000077
426.500000 0.000232
427.500000 0.000154
428.500000 0.000212
429.500000 0.000135
430.500000 0.000154
431.500000 0.000097
432.500000 0.000097
433.500000 0.000193
434.500000 0.000193
435.500000 0.000212
436.500000 0.000348
437.500000 0.000174
438.500000 0.000174
439.500000 0.000135
440.500000 0.000135
441.500000 0.000174
442.500000 0.000097
443.500000 0.000135
444.500000 0.000135
445.500000 0.000174
446.500000 0.000097
447.500000 0.000135
448.500000 0.000174
449.500000 0.000077
450.500000 0.000097
451.500000 0.000058
452.500000 0.000116
453.500000 0.000135
454.500000 0.000154
455.500000 0.000135
456.500000 0.000116
457.500000 0.000000
458.500000 0.000077
459.500000 0.000077
460.500000 0.000251
461.500000 0.000193
462.500000 0.000058
463.500000 0.000077
464.500000 0.000058
465.500000 0.000116
466.500000 0.000077
467.500000 0.000135
468.500000 0.000135
469.500000 0.000097
470.500000 0.000019
471.500000 0.000135
472.500000 0.000077
473.500000 0.000058
474.500000 0.000077
475.500000 0.000058
476.500000 0.000077
477.500000 0.000019
478.500000 0.000116
479.500000 0.000039
480.500000 0.000058
481.500000 0.000058
482.500000 0.000097
483.500000 0.000077
484.500000 0.000135
485.500000 0.000097
486.500000 0.000039
487.500000 0.000058
488.500000 0.000039
489.500000 0.000135
490.500000 0.000097
491.500000 0.000135
492.500000 0.000058
493.500000 0.000019
494.500000 0.000116
495.500000 0.000058
496.500000 0.000077
497.500000 0.000135
498.500000 0.000019
499.500000 0.000077
500.500000 0.000058
501.500000 0.000039
502.500000 0.000039
503.500000 0.000077
504.500000 0.000097
505.500000 0.000058
506.500000 0.000135
507.500000 0.000135
508.500000 0.000039
509.500000 0.000097
510.500000 0.000077
511.500000 0.000174
512.500000 0.000116
513.500000 0.000097
514.500000 0.000039
515.500000 0.000116
516.500000 0.000039
517.500000 0.000039
518.500000 0.000077
519.500000 0.000058
520.500000 0.000097
521.500000 0.000077
522.500000 0.000077
523.500000 0.000116
524.500000 0.000097
525.500000 0.000019
526.500000 0.000077
527.500000 0.000077
528.500000 0.000116
529.500000 0.000154
530.500000 0.000097
531.500000 0.000116
532.500000 0.000097
533.500000 0.000097
534.500000 0.000097
535.500000 0.000135
536.500000 0.000116
537.500000 0.000193
538.500000 0.000116
539.500000 0.000193
540.500000 0.000193
541.500000 0.000135
542.500000 0.000270
543.500000 0.000212
544.500000 0.000290
545.500000 0.000270
546.500000 0.000212
547.500000 0.000251
548.500000 0.000193
549.500000 0.000309
550.500000 0.000328
551.500000 0.000212
552.500000 0.000386
553.500000 0.000406
554.500000 0.000097
555.500000 0.000174
556.500000 0.000290
557.500000 0.000270
558.500000 0.000463
559.500000 0.000309
560.500000 0.000328
561.500000 0.000406
562.500000 0.000367
563.500000 0.000463
564.500000 0.000270
565.500000 0.000328
566.500000 0.000174
567.500000 0.000348
568.500000 0.000290
569.500000 0.000193
570.500000 0.000425
571.500000 0.000270
572.500000 0.000212
573.500000 0.000425
574.500000 0.000212
575.500000 0.000193
576.500000 0.000212
577.500000 0.000270
578.500000 0.000386
579.500000 0.000309
580.500000 0.000251
581.500000 0.000270
582.500000 0.000212
583.500000 0.000328
584.500000 0.000212
585.500000 0.000251
586.500000 0.000193
587.500000 0.000154
588.500000 0.000251
589.500000 0.000251
590.500000 0.000193
591.500000 0.000328
592.500000 0.000174
593.500000 0.000135
594.500000 0.000174
595.500000 0.000270
596.500000 0.000193
597.500000 0.000193
598.500000 0.000135
599.500000 0.000212
600.500000 0.000309
601.500000 0.000193
602.500000 0.000193
603.500000 0.000232
604.500000 0.000212
605.500000 0.000077
606.500000 0.000270
607.500000 0.000348
608.500000 0.000212
609.500000 0.000386
610.500000 0.000193
611.500000 0.000232
612.500000 0.000290
613.500000 0.000174
614.500000 0.000386
615.500000 0.000270
616.500000 0.000154
617.500000 0.000328
618.500000 0.000309
619.500000 0.000463
620.500000 0.000406
621.500000 0.000309
622.500000 0.000386
623.500000 0.000270
624.500000 0.000444
625.500000 0.000270
626.500000 0.000232
627.500000 0.000270
628.500000 0.000348
629.500000 0.000328
630.500000 0.000270
631.500000 0.000251
632.500000 0.000290
633.500000 0.000328
634.500000 0.000328
635.500000 0.000386
636.500000 0.000386
637.500000 0.000444
638.500000 0.000290
639.500000 0.000270
640.500000 0.000425
641.500000 0.000174
642.500000 0.000309
643.500000 0.000463
644.500000 0.000193
645.500000 0.000193
646.500000 0.000270
647.500000 0.000348
648.500000 0.000290
649.500000 0.000290
650.500000 0.000406
651.500000 0.000309
652.500000 0.000270
653.500000 0.000367
654.500000 0.000290
655.500000 0.000463
656.500000 0.000309
657.500000 0.000367
658.500000 0.000328
659.500000 0.000444
660.500000 0.000483
661.500000 0.000328
662.500000 0.000483
663.500000 0.000367
664.500000 0.000502
665.500000 0.000483
666.500000 0.000425
667.500000 0.000406
668.500000 0.000406
669.500000 0.000541
670.500000 0.000560
671.500000 0.000618
672.500000 0.000753
673.500000 0.000599
674.500000 0.000772
675.500000 0.000541
676.500000 0.000753
677.500000 0.000657
678.500000 0.000772
679.500000 0.000830
680.500000 0.001023
681.500000 0.001352
682.500000 0.001004
683.500000 0.000888
684.500000 0.001101
685.500000 0.001352
686.500000 0.001545
687.500000 0.001738
688.500000 0.001950
689.500000 0.002452
690.500000 0.002607
691.500000 0.003186
692.500000 0.003611
693.500000 0.005021
694.500000 0.005967
695.500000 0.006392
696.500000 0.006334
697.500000 0.006662
698.500000 0.007300
699.500000 0.008342
700.500000 0.007164
701.500000 0.007763
702.500000 0.008806
703.500000 0.010022
704.500000 0.010524
705.500000 0.011529
706.500000 0.010100
707.500000 0.006566
708.500000 0.005484
709.500000 0.003379
710.500000 0.002221
711.500000 0.001796
712.500000 0.001603
713.500000 0.001448
714.500000 0.001236
715.500000 0.001062
716.500000 0.000869
717.500000 0.000521
718.500000 0.000657
719.500000 0.000579
720.500000 0.000618
721.500000 0.000463
722.500000 0.000425
723.500000 0.000232
724.500000 0.000309
725.500000 0.000309
726.500000 0.000290
727.500000 0.000193
728.500000 0.000348
729.500000 0.000193
730.500000 0.000193
731.500000 0.000270
732.500000 0.000174
733.500000 0.000251
734.500000 0.000212
735.500000 0.000154
736.500000 0.000135
737.500000 0.000174
738.500000 0.000154
739.500000 0.000212
740.500000 0.000212
741.500000 0.000174
742.500000 0.000077
743.500000 0.000135
744.500000 0.000135
745.500000 0.000174
746.500000 0.000193
747.500000 0.000154
748.500000 0.000077
749.500000 0.000135
750.500000 0.000193
751.500000 0.000135
752.500000 0.000058
753.500000 0.000174
754.500000 0.000135
755.500000 0.000154
756.500000 0.000097
757.500000 0.000039
758.500000 0.000212
759.500000 0.000193
760.500000 0.000077
761.500000 0.000154
762.500000 0.000058
763.500000 0.000039
764.500000 0.000097
765.500000 0.000135
766.500000 0.000077
767.500000 0.000039
768.500000 0.000077
769.500000 0.000077
770.500000 0.000097
771.500000 0.000039
772.500000 0.000077
773.500000 0.000193
774.500000 0.000058
775.500000 0.000058
776.500000 0.000077
777.500000 0.000077
778.500000 0.000135
779.500000 0.000039
780.500000 0.000058
781.500000 0.000039
782.500000 0.000019
783.500000 0.000058
784.500000 0.000116
785.500000 0.000097
786.500000 0.000058
787.500000 0.000058
788.500000 0.000058
789.500000 0.000039
790.500000 0.000097
791.500000 0.000097
792.500000 0.000058
793.500000 0.000019
794.500000 0.000097
795.500000 0.000077
796.500000 0.000039
797.500000 0.000116
798.500000 0.000058
799.500000 0.000077
800.500000 0.000097
801.500000 0.000039
802.500000 0.000077
803.500000 0.000077
804.500000 0.000019
805.500000 0.000097
806.500000 0.000039
807.500000 0.000077
808.500000 0.000077
809.500000 0.000097
810.500000 0.000097
811.500000 0.000116
812.500000 0.000077
813.500000 0.000077
814.500000 0.000019
815.500000 0.000116
816.500000 0.000116
817.500000 0.000039
818.500000 0.000116
819.500000 0.000058
820.500000 0.000154
821.500000 0.000077
822.500000 0.000097
823.500000 0.000135
824.500000 0.000097
825.500000 0.000097
826.500000 0.000135
827.500000 0.000077
828.500000 0.000039
829.500000 0.000019
830.500000 0.000097
831.500000 0.000097
832.500000 0.000135
833.500000 0.000039
834.500000 0.000154
835.500000 0.000039
836.500000 0.000097
837.500000 0.000174
838.500000 0.000077
839.500000 0.000058
840.500000 0.000039
841.500000 0.000135
842.500000 0.000193
843.500000 0.000116
844.500000 0.000097
845.500000 0.000116
846.500000 0.000058
847.500000 0.000212
848.500000 0.000174
849.500000 0.000116
850.500000 0.000077
851.500000 0.000193
852.500000 0.000135
853.500000 0.000097
854.500000 0.000174
855.500000 0.000154
856.500000 0.000193
857.500000 0.000077
858.500000 0.000116
859.500000 0.000232
860.500000 0.000097
861.500000 0.000135
862.500000 0.000154
863.500000 0.000193
864.500000 0.000116
865.500000 0.000270
866.500000 0.000251
867.500000 0.000386
868.500000 0.000232
869.500000 0.000135
870.500000 0.000270
871.500000 0.000348
872.500000 0.000348
873.500000 0.000251
874.500000 0.000193
875.500000 0.000444
876.500000 0.000406
877.500000 0.000541
878.500000 0.000386
879.500000 0.000463
880.500000 0.000270
881.500000 0.000521
882.500000 0.000367
883.500000 0.000309
884.500000 0.000463
885.500000 0.000657
886.500000 0.000695
887.500000 0.000830
888.500000 0.000695
889.500000 0.000946
890.500000 0.001294
891.500000 0.000830
892.500000 0.000869
893.500000 0.000830
894.500000 0.000985
895.500000 0.000908
896.500000 0.001023
897.500000 0.000927
898.500000 0.001062
899.500000 0.001506
900.500000 0.001506
901.500000 0.001719
902.500000 0.001835
903.500000 0.001468
904.500000 0.001410
905.500000 0.001101
906.500000 0.001255
907.500000 0.001101
908.500000 0.001023
909.500000 0.000946
910.500000 0.000888
911.500000 0.001081
912.500000 0.001448
913.500000 0.000966
914.500000 0.000772
915.500000 0.000753
916.500000 0.000599
917.500000 0.000811
918.500000 0.000869
919.500000 0.000463
920.500000 0.000753
921.500000 0.000599
922.500000 0.000734
923.500000 0.000695
924.500000 0.000560
925.500000 0.000579
926.500000 0.000657
927.500000 0.000734
928.500000 0.000444
929.500000 0.000444
930.500000 0.000444
931.500000 0.000579
932.500000 0.000444
933.500000 0.000386
934.500000 0.000502
935.500000 0.000444
936.500000 0.000579
937.500000 0.000521
938.500000 0.000483
939.500000 0.000406
940.500000 0.000290
941.500000 0.000444
942.500000 0.000406
943.500000 0.000367
944.500000 0.000406
945.500000 0.000251
946.500000 0.000579
947.500000 0.000425
948.500000 0.000348
949.500000 0.000309
950.500000 0.000425
951.500000 0.000328
952.500000 0.000348
953.500000 0.000367
954.500000 0.000502
955.500000 0.000483
956.500000 0.000521
957.500000 0.000463
958.500000 0.000463
959.500000 0.000309
960.500000 0.000367
961.500000 0.000309
962.500000 0.000463
963.500000 0.000367
964.500000 0.000386
965.500000 0.000444
966.500000 0.000290
967.500000 0.000541
968.500000 0.000135
969.500000 0.000348
970.500000 0.000251
971.500000 0.000406
972.500000 0.000116
973.500000 0.000212
974.500000 0.000174
975.500000 0.000367
976.500000 0.000212
977.500000 0.000328
978.500000 0.000406
979.500000 0.000193
980.500000 0.000212
981.500000 0.000212
982.500000 0.000309
983.500000 0.000232
984.500000 0.000174
985.500000 0.000174
986.500000 0.000135
987.500000 0.000212
988.500000 0.000135
989.500000 0.000135
990.500000 0.000116
991.500000 0.000212
992.500000 0.000058
993.500000 0.000212
994.500000 0.000251
995.500000 0.000193
996.500000 0.000039
997.500000 0.000154
998.500000 0.000232
999.500000 0.000077
1000.500000 0.000309
1001.500000 0.000193
1002.500000 0.000154
1003.500000 0.000116
1004.500000 0.000116
1005.500000 0.000116
1006.500000 0.000116
1007.500000 0.000097
1008.500000 0.000135
1009.500000 0.000116
1010.500000 0.000058
1011.500000 0.000116
1012.500000 0.000174
1013.500000 0.000154
1014.500000 0.000116
1015.500000 0.000116
1016.500000 0.000116
1017.500000 0.000135
1018.500000 0.000154
1019.500000 0.000154
1020.500000 0.000058
1021.500000 0.000097
1022.500000 0.000116
1023.500000 0.000058
1024.500000 0.000116
1025.500000 0.000116
1026.500000 0.000116
1027.500000 0.000058
1028.500000 0.000097
1029.500000 0.000174
1030.500000 0.000019
1031.500000 0.000154
1032.500000 0.000135
1033.500000 0.000212
1034.500000 0.000135
1035.500000 0.000174
1036.500000 0.000193
1037.500000 0.000058
1038.500000 0.000116
1039.500000 0.000058
1040.500000 0.000097
1041.500000 0.000212
1042.500000 0.000212
1043.500000 0.000116
1044.500000 0.000077
1045.500000 0.000270
1046.500000 0.000174
1047.500000 0.000116
1048.500000 0.000174
1049.500000 0.000097
1050.500000 0.000212
1051.500000 0.000135
1052.500000 0.000154
1053.500000 0.000116
1054.500000 0.000193
1055.500000 0.000154
1056.500000 0.000058
1057.500000 0.000251
1058.500000 0.000058
1059.500000 0.000097
1060.500000 0.000232
1061.500000 0.000135
1062.500000 0.000270
1063.500000 0.000328
1064.500000 0.000251
1065.500000 0.000251
1066.500000 0.000154
1067.500000 0.000270
1068.500000 0.000232
1069.500000 0.000174
1070.500000 0.000232
1071.500000 0.000251
1072.500000 0.000309
1073.500000 0.000328
1074.500000 0.000251
1075.500000 0.000348
1076.500000 0.000425
1077.500000 0.000386
1078.500000 0.000386
1079.500000 0.000367
1080.500000 0.000463
1081.500000 0.000406
1082.500000 0.000444
1083.500000 0.000386
1084.500000 0.000792
1085.500000 0.000599
1086.500000 0.001023
1087.500000 0.001139
1088.500000 0.001680
1089.500000 0.001584
1090.500000 0.001835
1091.500000 0.002800
1092.500000 0.004171
1093.500000 0.005504
1094.500000 0.006353
1095.500000 0.005600
1096.500000 0.006160
1097.500000 0.005928
1098.500000 0.004171
1099.500000 0.003109
1100.500000 0.004287
1101.500000 0.005059
1102.500000 0.004287
1103.500000 0.003920
1104.500000 0.003341
1105.500000 0.002414
1106.500000 0.001661
1107.500000 0.001873
1108.500000 0.001892
1109.500000 0.001931
1110.500000 0.001815
1111.500000 0.001487
1112.500000 0.001487
1113.500000 0.001062
1114.500000 0.001197
1115.500000 0.001023
1116.500000 0.001159
1117.500000 0.001217
1118.500000 0.001236
1119.500000 0.001159
1120.500000 0.001506
1121.500000 0.000830
1122.500000 0.000946
1123.500000 0.000908
1124.500000 0.000966
1125.500000 0.000811
1126.500000 0.000830
1127.500000 0.000792
1128.500000 0.000753
1129.500000 0.001043
1130.500000 0.001062
1131.500000 0.000734
1132.500000 0.000850
1133.500000 0.000772
1134.500000 0.000927
1135.500000 0.000753
1136.500000 0.000618
1137.500000 0.000772
1138.500000 0.000772
1139.500000 0.000869
1140.500000 0.000772
1141.500000 0.000695
1142.500000 0.000830
1143.500000 0.000753
1144.500000 0.001004
1145.500000 0.000753
1146.500000 0.000772
1147.500000 0.000869
1148.500000 0.000927
1149.500000 0.001023
1150.500000 0.001004
1151.500000 0.000908
1152.500000 0.000888
1153.500000 0.001004
1154.500000 0.000927
1155.500000 0.000772
1156.500000 0.001043
1157.500000 0.001062
1158.500000 0.001178
1159.500000 0.001197
1160.500000 0.001081
1161.500000 0.000888
1162.500000 0.001236
1163.500000 0.001062
1164.500000 0.001178
1165.500000 0.001236
1166.500000 0.001410
1167.500000 0.001526
1168.500000 0.001255
1169.500000 0.001313
1170.500000 0.001506
1171.500000 0.001429
1172.500000 0.001332
1173.500000 0.001777
1174.500000 0.001777
1175.500000 0.001796
1176.500000 0.001970
1177.500000 0.001757
1178.500000 0.001603
1179.500000 0.002259
1180.500000 0.002124
1181.500000 0.003457
1182.500000 0.002819
1183.500000 0.003688
1184.500000 0.003688
1185.500000 0.003669
1186.500000 0.004403
1187.500000 0.004287
1188.500000 0.004229
1189.500000 0.004673
1190.500000 0.005542
1191.500000 0.006237
1192.500000 0.007512
1193.500000 0.008478
1194.500000 0.010582
1195.500000 0.011123
1196.500000 0.011780
1197.500000 0.013247
1198.500000 0.012977
1199.500000 0.012977
