0.000000 0.005957
1.000834 0.006903
2.001668 0.007646
3.002502 0.008106
4.003336 0.008239
5.004170 0.008040
6.005004 0.007545
7.005838 0.006822
8.006672 0.005956
9.007506 0.005033
10.008340 0.004129
11.009174 0.003301
12.010008 0.002585
13.010842 0.001994
14.011676 0.001529
15.012510 0.001175
16.013344 0.000917
17.014178 0.000733
18.015013 0.000605
19.015847 0.000518
20.016681 0.000459
21.017515 0.000418
22.018349 0.000389
23.019183 0.000365
24.020017 0.000345
25.020851 0.000325
26.021685 0.000305
27.022519 0.000286
28.023353 0.000267
29.024187 0.000250
30.025021 0.000234
31.025855 0.000220
32.026689 0.000208
33.027523 0.000197
34.028357 0.000188
35.029191 0.000179
36.030025 0.000172
37.030859 0.000165
38.031693 0.000159
39.032527 0.000153
40.033361 0.000148
41.034195 0.000143
42.035029 0.000138
43.035863 0.000134
44.036697 0.000130
45.037531 0.000127
46.038365 0.000124
47.039199 0.000122
48.040033 0.000119
49.040867 0.000117
50.041701 0.000115
51.042535 0.000112
52.043369 0.000109
53.044204 0.000105
54.045038 0.000101
55.045872 0.000097
56.046706 0.000092
57.047540 0.000088
58.048374 0.000084
59.049208 0.000080
60.050042 0.000076
61.050876 0.000073
62.051710 0.000070
63.052544 0.000068
64.053378 0.000067
65.054212 0.000066
66.055046 0.000067
67.055880 0.000069
68.056714 0.000071
69.057548 0.000074
70.058382 0.000077
71.059216 0.000080
72.060050 0.000083
73.060884 0.000084
74.061718 0.000084
75.062552 0.000083
76.063386 0.000080
77.064220 0.000078
78.065054 0.000075
79.065888 0.000072
80.066722 0.000069
81.067556 0.000067
82.068390 0.000066
83.069224 0.000065
84.070058 0.000064
85.070892 0.000063
86.071726 0.000063
87.072560 0.000062
88.073394 0.000061
89.074229 0.000060
90.075063 0.000059
91.075897 0.000059
92.076731 0.000059
93.077565 0.000059
94.078399 0.000060
95.079233 0.000061
96.080067 0.000063
97.080901 0.000065
98.081735 0.000066
99.082569 0.000068
100.083403 0.000070
101.084237 0.000072
102.085071 0.000073
103.085905 0.000075
104.086739 0.000077
105.087573 0.000078
106.088407 0.000080
107.089241 0.000081
108.090075 0.000083
109.090909 0.000084
110.091743 0.000085
111.092577 0.000086
112.093411 0.000086
113.094245 0.000086
114.095079 0.000085
115.095913 0.000084
116.096747 0.000082
117.097581 0.000081
118.098415 0.000080
119.099249 0.000079
120.100083 0.000080
121.100917 0.000081
122.101751 0.000082
123.102585 0.000083
124.103420 0.000084
125.104254 0.000084
126.105088 0.000084
127.105922 0.000084
128.106756 0.000082
129.107590 0.000081
130.108424 0.000080
131.109258 0.000078
132.110092 0.000077
133.110926 0.000077
134.111760 0.000077
135.112594 0.000078
136.113428 0.000079
137.114262 0.000081
138.115096 0.000083
139.115930 0.000084
140.116764 0.000087
141.117598 0.000089
142.118432 0.000092
143.119266 0.000095
144.120100 0.000099
145.120934 0.000103
146.121768 0.000107
147.122602 0.000111
148.123436 0.000115
149.124270 0.000118
150.125104 0.000120
151.125938 0.000122
152.126772 0.000123
153.127606 0.000124
154.128440 0.000124
155.129274 0.000125
156.130108 0.000127
157.130942 0.000129
158.131776 0.000131
159.132611 0.000134
160.133445 0.000137
161.134279 0.000141
162.135113 0.000146
163.135947 0.000153
164.136781 0.000162
165.137615 0.000173
166.138449 0.000187
167.139283 0.000202
168.140117 0.000219
169.140951 0.000235
170.141785 0.000252
171.142619 0.000268
172.143453 0.000283
173.144287 0.000298
174.145121 0.000314
175.145955 0.000332
176.146789 0.000355
177.147623 0.000385
178.148457 0.000424
179.149291 0.000476
180.150125 0.000541
181.150959 0.000623
182.151793 0.000722
183.152627 0.000840
184.153461 0.000976
185.154295 0.001130
186.155129 0.001300
187.155963 0.001484
188.156797 0.001678
189.157631 0.001880
190.158465 0.002084
191.159299 0.002285
192.160133 0.002480
193.160967 0.002665
194.161802 0.002836
195.162636 0.002991
196.163470 0.003127
197.164304 0.003241
198.165138 0.003329
199.165972 0.003386
200.166806 0.003409
201.167640 0.003394
202.168474 0.003339
203.169308 0.003247
204.170142 0.003120
205.170976 0.002963
206.171810 0.002784
207.172644 0.002590
208.173478 0.002386
209.174312 0.002178
210.175146 0.001971
211.175980 0.001768
212.176814 0.001573
213.177648 0.001388
214.178482 0.001216
215.179316 0.001061
216.180150 0.000925
217.180984 0.000809
218.181818 0.000713
219.182652 0.000636
220.183486 0.000577
221.184320 0.000532
222.185154 0.000498
223.185988 0.000473
224.186822 0.000453
225.187656 0.000437
226.188490 0.000423
227.189324 0.000410
228.190158 0.000398
229.190992 0.000385
230.191827 0.000373
231.192661 0.000361
232.193495 0.000350
233.194329 0.000339
234.195163 0.000330
235.195997 0.000322
236.196831 0.000316
237.197665 0.000312
238.198499 0.000310
239.199333 0.000311
240.200167 0.000314
241.201001 0.000319
242.201835 0.000324
243.202669 0.000330
244.203503 0.000334
245.204337 0.000335
246.205171 0.000333
247.206005 0.000327
248.206839 0.000320
249.207673 0.000310
250.208507 0.000300
251.209341 0.000290
252.210175 0.000281
253.211009 0.000274
254.211843 0.000269
255.212677 0.000266
256.213511 0.000262
257.214345 0.000259
258.215179 0.000256
259.216013 0.000252
260.216847 0.000247
261.217681 0.000243
262.218515 0.000239
263.219349 0.000235
264.220183 0.000232
265.221018 0.000229
266.221852 0.000227
267.222686 0.000225
268.223520 0.000223
269.224354 0.000220
270.225188 0.000217
271.226022 0.000213
272.226856 0.000210
273.227690 0.000206
274.228524 0.000201
275.229358 0.000197
276.230192 0.000194
277.231026 0.000190
278.231860 0.000187
279.232694 0.000183
280.233528 0.000181
281.234362 0.000178
282.235196 0.000177
283.236030 0.000175
284.236864 0.000175
285.237698 0.000175
286.238532 0.000176
287.239366 0.000178
288.240200 0.000179
289.241034 0.000180
290.241868 0.000181
291.242702 0.000181
292.243536 0.000180
293.244370 0.000180
294.245204 0.000180
295.246038 0.000181
296.246872 0.000182
297.247706 0.000185
298.248540 0.000188
299.249374 0.000191
300.250209 0.000194
301.251043 0.000197
302.251877 0.000199
303.252711 0.000201
304.253545 0.000202
305.254379 0.000203
306.255213 0.000204
307.256047 0.000205
308.256881 0.000207
309.257715 0.000208
310.258549 0.000211
311.259383 0.000214
312.260217 0.000218
313.261051 0.000223
314.261885 0.000228
315.262719 0.000234
316.263553 0.000240
317.264387 0.000245
318.265221 0.000249
319.266055 0.000252
320.266889 0.000254
321.267723 0.000254
322.268557 0.000253
323.269391 0.000251
324.270225 0.000248
325.271059 0.000245
326.271893 0.000242
327.272727 0.000240
328.273561 0.000239
329.274395 0.000238
330.275229 0.000239
331.276063 0.000242
332.276897 0.000246
333.277731 0.000252
334.278565 0.000259
335.279399 0.000268
336.280234 0.000277
337.281068 0.000286
338.281902 0.000295
339.282736 0.000302
340.283570 0.000308
341.284404 0.000313
342.285238 0.000316
343.286072 0.000319
344.286906 0.000321
345.287740 0.000323
346.288574 0.000325
347.289408 0.000328
348.290242 0.000333
349.291076 0.000341
350.291910 0.000351
351.292744 0.000365
352.293578 0.000385
353.294412 0.000411
354.295246 0.000444
355.296080 0.000484
356.296914 0.000533
357.297748 0.000588
358.298582 0.000648
359.299416 0.000713
360.300250 0.000781
361.301084 0.000852
362.301918 0.000925
363.302752 0.001003
364.303586 0.001087
365.304420 0.001179
366.305254 0.001285
367.306088 0.001406
368.306922 0.001546
369.307756 0.001705
370.308590 0.001884
371.309425 0.002080
372.310259 0.002291
373.311093 0.002513
374.311927 0.002741
375.312761 0.002971
376.313595 0.003201
377.314429 0.003426
378.315263 0.003643
379.316097 0.003848
380.316931 0.004036
381.317765 0.004205
382.318599 0.004352
383.319433 0.004476
384.320267 0.004578
385.321101 0.004655
386.321935 0.004705
387.322769 0.004720
388.323603 0.004695
389.324437 0.004620
390.325271 0.004489
391.326105 0.004301
392.326939 0.004059
393.327773 0.003769
394.328607 0.003443
395.329441 0.003094
396.330275 0.002735
397.331109 0.002380
398.331943 0.002040
399.332777 0.001726
400.333611 0.001445
401.334445 0.001202
402.335279 0.000998
403.336113 0.000833
404.336947 0.000702
405.337781 0.000600
406.338616 0.000523
407.339450 0.000463
408.340284 0.000418
409.341118 0.000383
410.341952 0.000355
411.342786 0.000334
412.343620 0.000317
413.344454 0.000305
414.345288 0.000295
415.346122 0.000286
416.346956 0.000278
417.347790 0.000269
418.348624 0.000259
419.349458 0.000247
420.350292 0.000234
421.351126 0.000221
422.351960 0.000208
423.352794 0.000196
424.353628 0.000185
425.354462 0.000177
426.355296 0.000171
427.356130 0.000166
428.356964 0.000164
429.357798 0.000163
430.358632 0.000164
431.359466 0.000165
432.360300 0.000168
433.361134 0.000171
434.361968 0.000175
435.362802 0.000177
436.363636 0.000177
437.364470 0.000176
438.365304 0.000173
439.366138 0.000168
440.366972 0.000162
441.367807 0.000156
442.368641 0.000150
443.369475 0.000144
444.370309 0.000138
445.371143 0.000134
446.371977 0.000130
447.372811 0.000126
448.373645 0.000122
449.374479 0.000119
450.375313 0.000117
451.376147 0.000115
452.376981 0.000113
453.377815 0.000112
454.378649 0.000111
455.379483 0.000110
456.380317 0.000110
457.381151 0.000110
458.381985 0.000110
459.382819 0.000110
460.383653 0.000110
461.384487 0.000109
462.385321 0.000108
463.386155 0.000106
464.386989 0.000104
465.387823 0.000102
466.388657 0.000100
467.389491 0.000097
468.390325 0.000094
469.391159 0.000092
470.391993 0.000088
471.392827 0.000085
472.393661 0.000082
473.394495 0.000078
474.395329 0.000075
475.396163 0.000073
476.396997 0.000071
477.397832 0.000070
478.398666 0.000070
479.399500 0.000071
480.400334 0.000072
481.401168 0.000074
482.402002 0.000076
483.402836 0.000077
484.403670 0.000079
485.404504 0.000080
486.405338 0.000081
487.406172 0.000082
488.407006 0.000082
489.407840 0.000082
490.408674 0.000082
491.409508 0.000082
492.410342 0.000081
493.411176 0.000079
494.412010 0.000078
495.412844 0.000076
496.413678 0.000074
497.414512 0.000072
498.415346 0.000070
499.416180 0.000069
500.417014 0.000069
501.417848 0.000071
502.418682 0.000073
503.419516 0.000076
504.420350 0.000079
505.421184 0.000083
506.422018 0.000087
507.422852 0.000090
508.423686 0.000092
509.424520 0.000093
510.425354 0.000093
511.426188 0.000092
512.427023 0.000091
513.427857 0.000088
514.428691 0.000085
515.429525 0.000082
516.430359 0.000080
517.431193 0.000078
518.432027 0.000077
519.432861 0.000077
520.433695 0.000078
521.434529 0.000079
522.435363 0.000080
523.436197 0.000082
524.437031 0.000084
525.437865 0.000087
526.438699 0.000090
527.439533 0.000093
528.440367 0.000097
529.441201 0.000101
530.442035 0.000105
531.442869 0.000110
532.443703 0.000115
533.444537 0.000120
534.445371 0.000127
535.446205 0.000134
536.447039 0.000143
537.447873 0.000153
538.448707 0.000164
539.449541 0.000175
540.450375 0.000186
541.451209 0.000197
542.452043 0.000208
543.452877 0.000219
544.453711 0.000228
545.454545 0.000237
546.455379 0.000245
547.456214 0.000252
548.457048 0.000258
549.457882 0.000264
550.458716 0.000268
551.459550 0.000273
552.460384 0.000277
553.461218 0.000281
554.462052 0.000286
555.462886 0.000293
556.463720 0.000300
557.464554 0.000308
558.465388 0.000317
559.466222 0.000324
560.467056 0.000330
561.467890 0.000333
562.468724 0.000333
563.469558 0.000331
564.470392 0.000326
565.471226 0.000319
566.472060 0.000312
567.472894 0.000305
568.473728 0.000299
569.474562 0.000293
570.475396 0.000289
571.476230 0.000285
572.477064 0.000282
573.477898 0.000280
574.478732 0.000278
575.479566 0.000276
576.480400 0.000275
577.481234 0.000274
578.482068 0.000272
579.482902 0.000270
580.483736 0.000267
581.484570 0.000263
582.485405 0.000257
583.486239 0.000252
584.487073 0.000245
585.487907 0.000239
586.488741 0.000234
587.489575 0.000229
588.490409 0.000224
589.491243 0.000220
590.492077 0.000217
591.492911 0.000214
592.493745 0.000211
593.494579 0.000209
594.495413 0.000207
595.496247 0.000206
596.497081 0.000206
597.497915 0.000206
598.498749 0.000207
599.499583 0.000209
600.500417 0.000211
601.501251 0.000214
602.502085 0.000217
603.502919 0.000221
604.503753 0.000226
605.504587 0.000231
606.505421 0.000236
607.506255 0.000242
608.507089 0.000248
609.507923 0.000254
610.508757 0.000259
611.509591 0.000265
612.510425 0.000271
613.511259 0.000278
614.512093 0.000285
615.512927 0.000293
616.513761 0.000302
617.514595 0.000311
618.515430 0.000319
619.516264 0.000326
620.517098 0.000330
621.517932 0.000331
622.518766 0.000331
623.519600 0.000327
624.520434 0.000323
625.521268 0.000318
626.522102 0.000313
627.522936 0.000309
628.523770 0.000307
629.524604 0.000308
630.525438 0.000310
631.526272 0.000314
632.527106 0.000318
633.527940 0.000324
634.528774 0.000328
635.529608 0.000331
636.530442 0.000333
637.531276 0.000332
638.532110 0.000328
639.532944 0.000324
640.533778 0.000318
641.534612 0.000312
642.535446 0.000306
643.536280 0.000302
644.537114 0.000300
645.537948 0.000299
646.538782 0.000301
647.539616 0.000304
648.540450 0.000309
649.541284 0.000314
650.542118 0.000321
651.542952 0.000328
652.543786 0.000335
653.544621 0.000343
654.545455 0.000352
655.546289 0.000360
656.547123 0.000369
657.547957 0.000378
658.548791 0.000387
659.549625 0.000396
660.550459 0.000405
661.551293 0.000414
662.552127 0.000423
663.552961 0.000433
664.553795 0.000445
665.554629 0.000458
666.555463 0.000474
667.556297 0.000493
668.557131 0.000515
669.557965 0.000540
670.558799 0.000567
671.559633 0.000596
672.560467 0.000627
673.561301 0.000659
674.562135 0.000694
675.562969 0.000732
676.563803 0.000774
677.564637 0.000821
678.565471 0.000875
679.566305 0.000937
680.567139 0.001009
681.567973 0.001095
682.568807 0.001198
683.569641 0.001324
684.570475 0.001480
685.571309 0.001670
686.572143 0.001902
687.572977 0.002180
688.573812 0.002507
689.574646 0.002882
690.575480 0.003302
691.576314 0.003760
692.577148 0.004246
693.577982 0.004747
694.578816 0.005252
695.579650 0.005747
696.580484 0.006224
697.581318 0.006674
698.582152 0.007087
699.582986 0.007452
700.583820 0.007753
701.584654 0.007966
702.585488 0.008065
703.586322 0.008026
704.587156 0.007827
705.587990 0.007463
706.588824 0.006944
707.589658 0.006299
708.590492 0.005569
709.591326 0.004804
710.592160 0.004053
711.592994 0.003355
712.593828 0.002738
713.594662 0.002216
714.595496 0.001790
715.596330 0.001451
716.597164 0.001187
717.597998 0.000983
718.598832 0.000825
719.599666 0.000702
720.600500 0.000606
721.601334 0.000528
722.602168 0.000465
723.603003 0.000414
724.603837 0.000372
725.604671 0.000337
726.605505 0.000309
727.606339 0.000286
728.607173 0.000268
729.608007 0.000252
730.608841 0.000239
731.609675 0.000228
732.610509 0.000218
733.611343 0.000209
734.612177 0.000201
735.613011 0.000193
736.613845 0.000186
737.614679 0.000180
738.615513 0.000174
739.616347 0.000169
740.617181 0.000164
741.618015 0.000160
742.618849 0.000156
743.619683 0.000153
744.620517 0.000150
745.621351 0.000147
746.622185 0.000145
747.623019 0.000143
748.623853 0.000141
749.624687 0.000139
750.625521 0.000137
751.626355 0.000135
752.627189 0.000133
753.628023 0.000131
754.628857 0.000129
755.629691 0.000127
756.630525 0.000125
757.631359 0.000123
758.632193 0.000120
759.633028 0.000117
760.633862 0.000113
761.634696 0.000109
762.635530 0.000104
763.636364 0.000099
764.637198 0.000095
765.638032 0.000091
766.638866 0.000088
767.639700 0.000086
768.640534 0.000084
769.641368 0.000083
770.642202 0.000083
771.643036 0.000083
772.643870 0.000083
773.644704 0.000082
774.645538 0.000081
775.646372 0.000080
776.647206 0.000078
777.648040 0.000075
778.648874 0.000073
779.649708 0.000070
780.650542 0.000068
781.651376 0.000067
782.652210 0.000066
783.653044 0.000066
784.653878 0.000066
785.654712 0.000067
786.655546 0.000067
787.656380 0.000068
788.657214 0.000068
789.658048 0.000068
790.658882 0.000068
791.659716 0.000068
792.660550 0.000069
793.661384 0.000069
794.662219 0.000070
795.663053 0.000070
796.663887 0.000070
797.664721 0.000071
798.665555 0.000071
799.666389 0.000070
800.667223 0.000070
801.668057 0.000069
802.668891 0.000069
803.669725 0.000069
804.670559 0.000070
805.671393 0.000071
806.672227 0.000073
807.673061 0.000075
808.673895 0.000077
809.674729 0.000079
810.675563 0.000081
811.676397 0.000082
812.677231 0.000084
813.678065 0.000085
814.678899 0.000086
815.679733 0.000088
816.680567 0.000089
817.681401 0.000091
818.682235 0.000093
819.683069 0.000095
820.683903 0.000096
821.684737 0.000096
822.685571 0.000096
823.686405 0.000095
824.687239 0.000093
825.688073 0.000091
826.688907 0.000089
827.689741 0.000088
828.690575 0.000087
829.691410 0.000086
830.692244 0.000087
831.693078 0.000088
832.693912 0.000089
833.694746 0.000091
834.695580 0.000093
835.696414 0.000095
836.697248 0.000098
837.698082 0.000100
838.698916 0.000102
839.699750 0.000105
840.700584 0.000107
841.701418 0.000111
842.702252 0.000114
843.703086 0.000117
844.703920 0.000121
845.704754 0.000124
846.705588 0.000127
847.706422 0.000130
848.707256 0.000132
849.708090 0.000135
850.708924 0.000137
851.709758 0.000138
852.710592 0.000140
853.711426 0.000141
854.712260 0.000143
855.713094 0.000144
856.713928 0.000146
857.714762 0.000149
858.715596 0.000153
859.716430 0.000158
860.717264 0.000165
861.718098 0.000173
862.718932 0.000183
863.719766 0.000195
864.720601 0.000207
865.721435 0.000219
866.722269 0.000232
867.723103 0.000244
868.723937 0.000257
869.724771 0.000270
870.725605 0.000284
871.726439 0.000298
872.727273 0.000313
873.728107 0.000329
874.728941 0.000345
875.729775 0.000361
876.730609 0.000377
877.731443 0.000393
878.732277 0.000409
879.733111 0.000428
880.733945 0.000450
881.734779 0.000477
882.735613 0.000509
883.736447 0.000548
884.737281 0.000593
885.738115 0.000641
886.738949 0.000691
887.739783 0.000741
888.740617 0.000788
889.741451 0.000831
890.742285 0.000871
891.743119 0.000907
892.743953 0.000942
893.744787 0.000979
894.745621 0.001019
895.746455 0.001065
896.747289 0.001116
897.748123 0.001170
898.748957 0.001224
899.749791 0.001271
900.750626 0.001308
901.751460 0.001330
902.752294 0.001336
903.753128 0.001325
904.753962 0.001299
905.754796 0.001263
906.755630 0.001219
907.756464 0.001174
908.757298 0.001128
909.758132 0.001084
910.758966 0.001042
911.759800 0.001001
912.760634 0.000961
913.761468 0.000921
914.762302 0.000881
915.763136 0.000843
916.763970 0.000807
917.764804 0.000774
918.765638 0.000744
919.766472 0.000719
920.767306 0.000696
921.768140 0.000676
922.768974 0.000657
923.769808 0.000638
924.770642 0.000620
925.771476 0.000601
926.772310 0.000581
927.773144 0.000563
928.773978 0.000545
929.774812 0.000528
930.775646 0.000514
931.776480 0.000502
932.777314 0.000492
933.778148 0.000483
934.778982 0.000476
935.779817 0.000468
936.780651 0.000460
937.781485 0.000451
938.782319 0.000442
939.783153 0.000432
940.783987 0.000423
941.784821 0.000415
942.785655 0.000408
943.786489 0.000403
944.787323 0.000398
945.788157 0.000395
946.788991 0.000393
947.789825 0.000392
948.790659 0.000393
949.791493 0.000395
950.792327 0.000398
951.793161 0.000402
952.793995 0.000407
953.794829 0.000412
954.795663 0.000416
955.796497 0.000418
956.797331 0.000418
957.798165 0.000415
958.798999 0.000410
959.799833 0.000404
960.800667 0.000397
961.801501 0.000390
962.802335 0.000382
963.803169 0.000374
964.804003 0.000365
965.804837 0.000355
966.805671 0.000344
967.806505 0.000332
968.807339 0.000319
969.808173 0.000306
970.809008 0.000294
971.809842 0.000284
972.810676 0.000276
973.811510 0.000271
974.812344 0.000267
975.813178 0.000264
976.814012 0.000261
977.814846 0.000259
978.815680 0.000254
979.816514 0.000249
980.817348 0.000242
981.818182 0.000233
982.819016 0.000223
983.819850 0.000212
984.820684 0.000202
985.821518 0.000192
986.822352 0.000183
987.823186 0.000175
988.824020 0.000170
989.824854 0.000165
990.825688 0.000163
991.826522 0.000162
992.827356 0.000161
993.828190 0.000162
994.829024 0.000163
995.829858 0.000164
996.830692 0.000165
997.831526 0.000166
998.832360 0.000165
999.833194 0.000163
1000.834028 0.000160
1001.834862 0.000155
1002.835696 0.000150
1003.836530 0.000143
1004.837364 0.000137
1005.838198 0.000131
1006.839033 0.000127
1007.839867 0.000123
1008.840701 0.000121
1009.841535 0.000121
1010.842369 0.000121
1011.843203 0.000122
1012.844037 0.000123
1013.844871 0.000123
1014.845705 0.000124
1015.846539 0.000123
1016.847373 0.000122
1017.848207 0.000120
1018.849041 0.000118
1019.849875 0.000115
1020.850709 0.000112
1021.851543 0.000109
1022.852377 0.000107
1023.853211 0.000106
1024.854045 0.000106
1025.854879 0.000106
1026.855713 0.000108
1027.856547 0.000111
1028.857381 0.000115
1029.858215 0.000119
1030.859049 0.000123
1031.859883 0.000127
1032.860717 0.000131
1033.861551 0.000133
1034.862385 0.000135
1035.863219 0.000136
1036.864053 0.000136
1037.864887 0.000136
1038.865721 0.000137
1039.866555 0.000139
1040.867389 0.000141
1041.868224 0.000144
1042.869058 0.000147
1043.869892 0.000149
1044.870726 0.000152
1045.871560 0.000153
1046.872394 0.000154
1047.873228 0.000155
1048.874062 0.000154
1049.874896 0.000154
1050.875730 0.000153
1051.876564 0.000152
1052.877398 0.000151
1053.878232 0.000151
1054.879066 0.000151
1055.879900 0.000153
1056.880734 0.000157
1057.881568 0.000163
1058.882402 0.000171
1059.883236 0.000180
1060.884070 0.000190
1061.884904 0.000200
1062.885738 0.000210
1063.886572 0.000218
1064.887406 0.000225
1065.888240 0.000230
1066.889074 0.000236
1067.889908 0.000241
1068.890742 0.000248
1069.891576 0.000257
1070.892410 0.000268
1071.893244 0.000281
1072.894078 0.000297
1073.894912 0.000314
1074.895746 0.000333
1075.896580 0.000354
1076.897415 0.000377
1077.898249 0.000404
1078.899083 0.000438
1079.899917 0.000480
1080.900751 0.000537
1081.901585 0.000612
1082.902419 0.000713
1083.903253 0.000845
1084.904087 0.001016
1085.904921 0.001231
1086.905755 0.001497
1087.906589 0.001812
1088.907423 0.002175
1089.908257 0.002573
1090.909091 0.002991
1091.909925 0.003405
1092.910759 0.003789
1093.911593 0.004117
1094.912427 0.004369
1095.913261 0.004531
1096.914095 0.004600
1097.914929 0.004582
1098.915763 0.004488
1099.916597 0.004331
1100.917431 0.004126
1101.918265 0.003885
1102.919099 0.003620
1103.919933 0.003342
1104.920767 0.003060
1105.921601 0.002785
1106.922435 0.002525
1107.923269 0.002288
1108.924103 0.002077
1109.924937 0.001894
1110.925771 0.001737
1111.926606 0.001605
1112.927440 0.001496
1113.928274 0.001405
1114.929108 0.001332
1115.929942 0.001272
1116.930776 0.001223
1117.931610 0.001181
1118.932444 0.001144
1119.933278 0.001109
1120.934112 0.001074
1121.934946 0.001039
1122.935780 0.001006
1123.936614 0.000974
1124.937448 0.000946
1125.938282 0.000922
1126.939116 0.000903
1127.939950 0.000888
1128.940784 0.000875
1129.941618 0.000864
1130.942452 0.000854
1131.943286 0.000843
1132.944120 0.000832
1133.944954 0.000821
1134.945788 0.000810
1135.946622 0.000802
1136.947456 0.000795
1137.948290 0.000791
1138.949124 0.000791
1139.949958 0.000793
1140.950792 0.000798
1141.951626 0.000806
1142.952460 0.000816
1143.953294 0.000828
1144.954128 0.000842
1145.954962 0.000857
1146.955796 0.000872
1147.956631 0.000887
1148.957465 0.000902
1149.958299 0.000916
1150.959133 0.000929
1151.959967 0.000942
1152.960801 0.000956
1153.961635 0.000970
1154.962469 0.000986
1155.963303 0.001004
1156.964137 0.001024
1157.964971 0.001045
1158.965805 0.001067
1159.966639 0.001090
1160.967473 0.001115
1161.968307 0.001142
1162.969141 0.001172
1163.969975 0.001204
1164.970809 0.001240
1165.971643 0.001277
1166.972477 0.001317
1167.973311 0.001360
1168.974145 0.001405
1169.974979 0.001453
1170.975813 0.001507
1171.976647 0.001567
1172.977481 0.001634
1173.978315 0.001713
1174.979149 0.001804
1175.979983 0.001913
1176.980817 0.002041
1177.981651 0.002192
1178.982485 0.002366
1179.983319 0.002563
1180.984153 0.002782
1181.984987 0.003022
1182.985822 0.003281
1183.986656 0.003562
1184.987490 0.003870
1185.988324 0.004213
1186.989158 0.004601
1187.989992 0.005041
1188.990826 0.005539
1189.991660 0.006087
1190.992494 0.006666
1191.993328 0.007240
1192.994162 0.007760
1193.994996 0.008166
1194.995830 0.008394
1195.996664 0.008391
1196.997498 0.008124
1197.998332 0.007592
1198.999166 0.006826
1200.000000 0.005889
